-7.36512e-14,2.82674e-11,0.13,-1.86628e-17
-7.36507e-14,2.82674e-11,0.13,-2.37808e-17
-7.36515e-14,2.82674e-11,0.13,-2.88175e-17
-7.36519e-14,2.82674e-11,0.13,-3.39163e-17
-7.36534e-14,2.82674e-11,0.13,-3.9038e-17
-7.36532e-14,2.82674e-11,0.13,-4.40611e-17
-7.36538e-14,2.82674e-11,0.13,-4.90978e-17
-7.36546e-14,2.82674e-11,0.13,-5.41722e-17
-7.36548e-14,2.82674e-11,0.13,-5.91529e-17
-7.36553e-14,2.82674e-11,0.13,-6.42777e-17
-7.36545e-14,2.82674e-11,0.13,-6.9343e-17
-7.36531e-14,2.82674e-11,0.13,-7.43639e-17
-7.36524e-14,2.82674e-11,0.13,-7.94472e-17
-7.36523e-14,2.82674e-11,0.13,-8.45081e-17
-7.36517e-14,2.82674e-11,0.13,-8.95648e-17
-7.36512e-14,2.82674e-11,0.13,-9.46887e-17
-7.36507e-14,2.82674e-11,0.13,-9.9655e-17
-7.36513e-14,2.82674e-11,0.13,-1.04742e-16
3.62978e-07,3.48035e-11,0.14201,-1.17601e-14
4.90081e-05,1.29586e-08,0.288299,1.85032e-12
0.000176963,1.31045e-07,0.497579,7.12825e-11
0.00026339,4.5233e-07,0.690435,6.64801e-11
0.000290031,7.69167e-07,0.838395,-0.00345609
0.000285748,-2.26671e-06,0.93867,-0.0277068
0.000276109,-1.11341e-05,0.998163,-0.0655082
0.000272303,-2.3544e-05,1.02857,-0.108267
0.000275286,-3.66371e-05,1.04134,-0.152841
0.000282127,-5.37123e-05,1.04495,-0.213075
0.000287496,-7.72862e-05,1.04305,-0.282128
0.00028808,-9.99477e-05,1.03893,-0.351087
0.000286071,-0.000118191,1.03531,-0.41729
0.000281992,-0.000137935,1.03319,-0.494536
0.000273197,-0.000162219,1.03116,-0.576082
0.00026017,-0.00018373,1.02929,-0.653981
0.000246959,-0.000200261,1.02838,-0.725906
0.000232915,-0.000217157,1.02876,-0.806377
0.000214389,-0.000237285,1.02863,-0.889992
0.000193473,-0.000254025,1.02803,-0.969131
0.000174413,-0.000266038,1.02807,-1.04263
0.000154355,-0.000278557,1.0288,-1.12482
0.00012956,-0.000292195,1.02878,-1.20912
0.000104279,-0.000301539,1.02817,-1.28831
8.2636e-05,-0.000306972,1.02791,-1.36012
6.0987e-05,-0.000312116,1.0287,-1.43954
3.39919e-05,-0.000317463,1.02875,-1.52217
7.04765e-06,-0.000318788,1.0282,-1.60043
-1.55532e-05,-0.000317357,1.02805,-1.67226
-3.85882e-05,-0.00031568,1.02883,-1.75245
-6.63701e-05,-0.000312386,1.02885,-1.83562
-9.23693e-05,-0.000305262,1.02826,-1.91425
-0.000113165,-0.00029698,1.028,-1.98592
-0.000133977,-0.00028842,1.02882,-2.06549
-0.000159108,-0.0002769,1.02887,-2.14839
-0.000181639,-0.00026215,1.0283,-2.22697
-0.000198999,-0.00024778,1.02812,-2.29912
-0.000216604,-0.000232946,1.02888,-2.3796
-0.000237225,-0.000213911,1.02888,-2.46309
-0.000253949,-0.000192883,1.02828,-2.54198
-0.000265989,-0.000173906,1.02826,-2.6152
-0.000278646,-0.000153853,1.02898,-2.69717
-0.00029226,-0.00012918,1.02893,-2.78125
-0.00030158,-0.000103976,1.02827,-2.86021
-0.00049935,-0.000381138,1.02827,-2.931
-0.0371396,-0.0482433,1.03361,-3.01153
-0.170611,-0.179599,1.02821,-3.04417
-0.311147,-0.312504,1.02348,-3.07743
-0.423574,-0.425247,1.0215,-3.10703
-0.455588,-0.459044,1.02078,-3.11825
-0.477969,-0.48229,1.02035,-3.13011
-0.487832,-0.49091,1.02063,-3.13835
-0.492785,-0.494022,1.02133,3.13962
-0.496133,-0.495919,1.02221,3.13639
-0.497666,-0.497065,1.02512,3.13536
-0.498669,-0.497367,1.0686,3.13287
-0.501484,-0.491332,1.13757,3.12248
-0.510423,-0.475558,1.20788,3.09883
-0.525893,-0.449551,1.26953,3.0596
-0.545409,-0.416667,1.31956,3.00623
-0.566231,-0.38132,1.3593,2.9403
-0.588543,-0.344935,1.39175,2.86288
-0.612337,-0.307515,1.41936,2.77612
-0.636407,-0.269631,1.44379,2.68251
-0.659801,-0.232414,1.46651,2.58376
-0.68326,-0.195453,1.48865,2.48102
-0.706661,-0.158501,1.5104,2.37587
-0.729891,-0.121655,1.53255,2.26833
-0.75293,-0.0853286,1.55435,2.16324
-0.777685,-0.0454748,1.57795,2.04855
-0.801106,-0.00770712,1.6008,1.93741
-0.824926,0.0301948,1.62382,1.82569
-0.84846,0.0680104,1.6466,1.71416
-0.871827,0.105292,1.66951,1.60248
-0.895254,0.142637,1.69216,1.49129
-0.917427,0.178842,1.71328,1.38267
-0.933942,0.212951,1.73015,1.27919
-0.936161,0.24753,1.74118,1.18303
-0.922761,0.281699,1.74688,1.09567
-0.898363,0.314661,1.74845,1.01719
-0.867343,0.348032,1.74734,0.94693
-0.833942,0.381336,1.74469,0.884187
-0.799642,0.415061,1.74121,0.827417
-0.763944,0.450114,1.73739,0.775535
-0.728247,0.484819,1.73349,0.727704
-0.692838,0.519123,1.72965,0.682768
-0.656914,0.553764,1.72589,0.639973
-0.621202,0.587945,1.72226,0.59882
-0.585535,0.622146,1.71868,0.558487
-0.548913,0.657186,1.71509,0.518522
-0.512077,0.692221,1.71156,0.479004
-0.476119,0.726507,1.70808,0.439664
-0.440207,0.760878,1.7046,0.40041
-0.404633,0.794784,1.70116,0.361309
-0.372083,0.825978,1.69796,0.325208
-0.333348,0.862901,1.69429,0.28311
-0.299251,0.895179,1.69101,0.246179
-0.266121,0.927056,1.68766,0.21327
-0.23209,0.959526,1.68426,0.185384
-0.197504,0.99255,1.6808,0.162687
-0.161873,1.0265,1.6773,0.144871
-0.126013,1.0606,1.67382,0.131339
-0.0904783,1.09462,1.67031,0.12137
-0.0540625,1.12938,1.66676,0.11427
-0.0177093,1.16395,1.66325,0.109375
0.0178214,1.198,1.65977,0.106098
0.0540567,1.23265,1.65625,0.103978
0.0906583,1.26741,1.65276,0.102643
0.12625,1.30147,1.6493,0.101792
0.162218,1.33592,1.64578,0.101216
0.19892,1.37082,1.64228,0.100781
0.235078,1.40535,1.63876,0.100371
0.271318,1.44004,1.63521,0.0999312
0.30778,1.47478,1.63171,0.099439
0.343543,1.50898,1.62824,0.0988653
0.37938,1.54323,1.62481,0.0982233
0.414076,1.57622,1.62158,0.096555
0.447647,1.60856,1.61842,0.0911944
0.482034,1.64145,1.61517,0.0807216
0.516829,1.67452,1.61189,0.0648948
0.551902,1.70808,1.60857,0.0436868
0.587444,1.74189,1.60522,0.0179066
0.622659,1.77557,1.6018,-0.0118636
0.658347,1.80979,1.59832,-0.0450862
0.694639,1.84437,1.59486,-0.0807708
0.730514,1.87861,1.59135,-0.118469
0.766871,1.91348,1.58774,-0.157842
0.803716,1.94854,1.58418,-0.198106
0.839651,1.98272,1.58067,-0.238915
0.875593,2.01725,1.57709,-0.280297
0.911985,2.05196,1.57355,-0.321778
0.947882,2.08614,1.57001,-0.363284
0.983892,2.12062,1.56645,-0.404948
1.02027,2.15531,1.56296,-0.446482
1.05618,2.18951,1.55947,-0.487898
1.09226,2.22405,1.55594,-0.529255
1.1274,2.25736,1.55296,-0.56796
1.16121,2.28957,1.55045,-0.593889
1.19578,2.3224,1.54773,-0.599624
1.23092,2.35584,1.54476,-0.583992
1.26581,2.38928,1.54154,-0.547387
1.30139,2.42308,1.5381,-0.49149
1.33789,2.45768,1.53458,-0.419262
1.3741,2.49243,1.53101,-0.334584
1.4098,2.52681,1.52742,-0.239774
1.44576,2.56096,1.52388,-0.137715
1.48122,2.5948,1.52034,-0.0301586
1.51729,2.62894,1.5167,0.0821276
1.55405,2.66379,1.51313,0.197217
1.58976,2.69838,1.50957,0.314224
1.62573,2.73278,1.50597,0.433107
1.66255,2.7677,1.50241,0.553147
1.6988,2.80262,1.4989,0.673405
1.73455,2.83692,1.49537,0.7942
1.77094,2.87142,1.49185,0.9154
1.80717,2.90618,1.48838,1.03615
1.84219,2.94008,1.48519,1.15428
1.87656,2.97295,1.48228,1.25915
1.91137,3.00611,1.47907,1.3413
1.94615,3.03937,1.47558,1.39558
1.98157,3.0734,1.47195,1.42063
2.01772,3.10814,1.46833,1.41882
2.05355,3.14229,1.46469,1.39388
2.08933,3.17657,1.46108,1.34943
2.12559,3.21151,1.45751,1.28963
2.1617,3.24593,1.45398,1.2186
2.19748,3.28004,1.45053,1.13891
2.23323,3.31428,1.4471,1.05354
2.26875,3.34821,1.44353,0.963691
2.30501,3.38311,1.43989,0.870674
2.34158,3.41782,1.4363,0.776151
2.37756,3.45196,1.4327,0.680461
2.41374,3.48663,1.4291,0.583922
2.45019,3.52132,1.42558,0.487531
2.48603,3.55541,1.42207,0.391172
2.522,3.58995,1.41856,0.294639
2.55848,3.62471,1.41519,0.19808
2.59447,3.65878,1.41204,0.0990697
2.62942,3.692,1.40895,-0.00498183
2.66411,3.72568,1.40578,-0.116086
2.69982,3.76022,1.4025,-0.234266
2.736,3.79427,1.39914,-0.358417
2.77187,3.82825,1.39577,-0.488517
2.80758,3.8624,1.39236,-0.622958
2.84315,3.89645,1.38877,-0.761749
2.8792,3.93136,1.38507,-0.904378
2.91565,3.96609,1.3814,-1.04939
2.95179,4.00009,1.37776,-1.19673
2.9876,4.03441,1.37418,-1.34581
3.02342,4.06889,1.37066,-1.49616
3.05926,4.10321,1.36717,-1.64784
3.09535,4.13789,1.36376,-1.80036
3.13129,4.17201,1.36028,-1.95349
3.16714,4.20645,1.35667,-2.10778
3.2036,4.24161,1.35308,-2.26243
3.23998,4.27598,1.3495,-2.41735
3.27573,4.30992,1.34612,-2.5714
3.31077,4.34337,1.3432,-2.71526
3.34607,4.3774,1.34013,-2.83627
3.38252,4.41223,1.33667,-2.92628
3.41911,4.44695,1.33302,-2.98283
3.45512,4.48119,1.32943,-3.00597
3.49138,4.51539,1.32592,-2.99939
3.52689,4.54916,1.32238,-2.96783
3.56268,4.58303,1.31872,-2.91529
3.59953,4.61779,1.31508,-2.84661
3.63572,4.65256,1.31145,-2.7663
3.67161,4.68694,1.30779,-2.67707
3.7082,4.7216,1.30417,-2.58157
3.74444,4.75625,1.30061,-2.48227
3.78025,4.79044,1.29714,-2.38017
3.81617,4.82463,1.29372,-2.27684
3.85177,4.85851,1.29019,-2.1724
3.88823,4.89298,1.28658,-2.0671
3.92433,4.92778,1.28359,-1.96476
3.95501,4.95816,1.28279,-1.88896
3.9762,4.97806,1.28256,-1.86182
3.98759,4.98893,1.28249,-1.8912
3.99205,4.99511,1.28209,-1.9738
3.99356,4.99935,1.28138,-2.09815
3.99503,5.00201,1.28113,-2.24701
3.99688,5.00248,1.28167,-2.39488
3.99816,5.00154,1.28243,-2.51364
3.99896,5.00055,1.28275,-2.58274
3.99943,5,1.28281,-2.59482
3.99961,4.9998,1.2827,-2.55115
3.99962,4.99972,1.28212,-2.46558
3.99962,4.99966,1.2811,-2.34813
3.99968,4.99962,1.28002,-2.20665
3.99978,4.99963,1.27905,-2.04855
3.99987,4.99965,1.27803,-1.87861
3.99994,4.99966,1.27709,-1.70016
4.00001,4.99964,1.27636,-1.51609
4.00011,4.99962,1.27574,-1.32815
4.00022,4.99965,1.27517,-1.13751
4.0003,4.99972,1.27469,-0.945135
4.00033,4.9998,1.27429,-0.751671
4.00034,4.99985,1.27404,-0.557647
4.00037,4.99989,1.27417,-0.364489
4.00046,4.99995,1.2748,-0.175364
4.00055,5.00011,1.27582,0.00741716
4.00057,5.00038,1.27697,0.180468
4.00044,5.00069,1.27799,0.341985
4.00009,5.00092,1.2791,0.490684
3.99959,5.00093,1.28032,0.618745
3.99907,5.00062,1.28162,0.717854
3.99865,5.00001,1.28278,0.783533
3.9984,4.9992,1.28322,0.808331
3.99827,4.99835,1.28347,0.802711
3.99817,4.99764,1.28285,0.772751
3.99798,4.99735,1.28177,0.712544
3.99773,4.99787,1.28052,0.619716
3.99795,4.99938,1.27922,0.494819
3.9995,5.00104,1.27814,0.342425
4.00182,5.00108,1.27776,0.173183
4.00252,4.9996,1.27813,0.00298178
4.00136,4.99879,1.27881,-0.149538
4.00034,4.99899,1.27921,-0.269045
4.00002,4.99943,1.2795,-0.34411
4.00005,4.99979,1.28255,-0.390834
4.00017,4.9999,1.2845,-0.459152
4.00023,4.99985,1.28434,-0.556405
4.0002,4.99978,1.28305,-0.674043
4.00015,4.99975,1.28135,-0.807811
4.00014,4.99974,1.27981,-0.953732
4.00013,4.99971,1.27857,-1.10815
4.0001,4.99967,1.27768,-1.26927
4.00004,4.99964,1.27708,-1.43494
3.99998,4.99964,1.2767,-1.60427
3.99992,4.99966,1.27645,-1.77704
3.99987,4.99968,1.27658,-1.95053
3.99982,4.9997,1.27765,-2.10941
3.9998,4.99972,1.27888,-2.23375
3.99979,4.99974,1.27989,-2.3077
3.99979,4.99975,1.28058,-2.32577
3.99981,4.99975,1.28082,-2.29245
3.99983,4.99973,1.28068,-2.21465
3.99986,4.99971,1.28021,-2.10147
3.9999,4.99968,1.27954,-1.9628
3.99995,4.99966,1.27868,-1.80563
4.00001,4.99964,1.27775,-1.63519
4.00008,4.99964,1.27692,-1.45614
4.00014,4.99965,1.27703,-1.27745
4.00019,4.99968,1.27808,-1.11859
4.0002,4.99971,1.27908,-0.998214
4.00019,4.99973,1.27998,-0.930298
4.00018,4.99973,1.28062,-0.920095
4.00016,4.99973,1.28092,-0.959194
4.00014,4.99972,1.28433,-1.00881
4.00014,4.99971,1.28607,-1.05516
4.00013,4.99971,1.28599,-1.1188
4.00012,4.9997,1.28496,-1.20702
4.00009,4.99969,1.28345,-1.32113
4.00004,4.99967,1.28173,-1.45924
3.99997,4.99966,1.28011,-1.61579
3.9999,4.99966,1.27859,-1.78614
3.99983,4.99968,1.27724,-1.96634
3.99975,4.99971,1.27617,-2.15281
3.99968,4.99976,1.27538,-2.34272
3.99961,4.99983,1.27484,-2.53429
3.99959,4.99991,1.27546,-2.7202
3.99961,4.99996,1.27699,-2.8813
3.99964,4.99998,1.27854,-2.99886
3.99966,4.99997,1.2799,-3.05964
3.99968,4.99995,1.28106,-3.06144
3.99969,4.99994,1.28633,-3.06897
3.99968,4.99996,1.28755,-3.12146
3.99968,5.00001,1.28642,3.07302
3.99969,5.00006,1.28433,2.95576
3.9997,5.00011,1.28217,2.81633
3.99971,5.00017,1.2804,2.66174
3.99973,5.00022,1.27891,2.49757
3.99977,5.00027,1.27777,2.32685
3.99981,5.00031,1.2769,2.15118
3.99987,5.00034,1.27632,1.97157
3.99993,5.00036,1.27591,1.78898
4,5.00037,1.27581,1.60542
4.00006,5.00036,1.2766,1.43264
4.0001,5.00034,1.27777,1.28784
4.00012,5.00032,1.27889,1.1874
4.00012,5.00031,1.27975,1.13855
4.00011,5.0003,1.28023,1.14108
4.00009,5.0003,1.28131,1.18103
4.00008,5.0003,1.28283,1.22448
4.00008,5.0003,1.28354,1.24348
4.0001,5.0003,1.2835,1.22331
4.00012,5.00029,1.28305,1.16327
4.00016,5.00027,1.28233,1.06855
4.0002,5.00026,1.28298,0.962739
4.00022,5.00024,1.2841,0.881864
4.00021,5.00024,1.28481,0.854229
4.0002,5.00025,1.28478,0.887528
4.00016,5.00027,1.28394,0.974252
4.00012,5.0003,1.28454,1.09643
4.00008,5.00033,1.28921,1.22815
4.00004,5.00034,1.28893,1.37915
3.99999,5.00036,1.28639,1.54298
3.99993,5.00036,1.28324,1.71535
3.99987,5.00034,1.28047,1.89361
3.99981,5.00031,1.27835,2.07551
3.99975,5.00027,1.27682,2.26016
3.9997,5.00022,1.27585,2.44677
3.99966,5.00017,1.27528,2.63452
3.99963,5.0001,1.27498,2.8233
3.99962,5.00003,1.27484,3.01266
3.99962,4.99996,1.2752,-3.08343
3.99964,4.9999,1.27638,-2.91253
3.99967,4.99987,1.27799,-2.77669
3.99969,4.99986,1.27936,-2.69263
3.9997,4.99987,1.28023,-2.66505
3.9997,4.99989,1.28058,-2.69091
3.9997,4.99991,1.28054,-2.76331
3.99968,4.99994,1.28024,-2.87219
3.99967,4.99998,1.27962,-3.00766
3.99966,5.00004,1.27893,3.12042
3.99966,5.0001,1.27814,2.95212
3.99967,5.00016,1.27728,2.77504
3.9997,5.00022,1.27658,2.59279
3.99974,5.00028,1.27596,2.40736
3.99979,5.00032,1.27548,2.21979
3.99985,5.00035,1.27516,2.03111
3.99992,5.00038,1.27497,1.84174
3.99999,5.00039,1.27487,1.6519
4.00006,5.00038,1.27484,1.46197
4.00013,5.00036,1.27482,1.27164
4.0002,5.00033,1.27484,1.08102
4.00026,5.00029,1.27485,0.890348
4.00031,5.00023,1.27483,0.699465
4.00035,5.00017,1.2748,0.508451
4.00037,5.0001,1.27479,0.317533
4.00038,5.00003,1.27481,0.126519
4.00038,4.99995,1.27484,-0.0643248
4.00037,4.99988,1.27532,-0.252025
4.00034,4.99983,1.27643,-0.423736
4.00031,4.99981,1.27778,-0.562025
4.00028,4.9998,1.27891,-0.652141
4.00027,4.99981,1.27991,-0.689228
4.00027,4.99982,1.28032,-0.675616
4.00027,4.99984,1.28028,-0.617094
4.00029,4.99986,1.28021,-0.5225
4.00031,4.99989,1.27982,-0.401115
4.00033,4.99993,1.27916,-0.259539
4.00034,4.99998,1.27846,-0.103278
4.00035,5.00004,1.27784,0.0630388
4.00034,5.0001,1.27721,0.238261
4.00033,5.00017,1.27656,0.420224
4.00029,5.00024,1.27589,0.607223
4.00024,5.00031,1.27526,0.797573
4.00017,5.00037,1.27476,0.989715
4.00008,5.00041,1.27453,1.18217
3.99998,5.00043,1.27461,1.37333
3.99988,5.00043,1.27494,1.56217
3.99978,5.00041,1.27545,1.74755
3.99967,5.00038,1.27646,1.92732
3.99955,5.00033,1.2789,2.08393
3.9994,5.00027,1.28003,2.21644
3.99916,5.0002,1.28031,2.33205
3.99883,5.00007,1.28021,2.43199
3.99839,4.99981,1.27999,2.51644
3.99787,4.99937,1.27981,2.58395
3.99726,4.99872,1.27977,2.63076
3.99651,4.99789,1.27989,2.65394
3.99547,4.99706,1.27993,2.65053
3.99394,4.99674,1.27979,2.6155
3.99201,4.99795,1.27938,2.5471
3.99073,5.0018,1.28433,2.47123
3.99173,5.00813,1.28846,2.3734
3.99822,5.01387,1.28777,2.24281
4.00847,5.01148,1.28522,2.08602
4.01194,4.99988,1.28276,1.91532
4.00493,4.99243,1.28119,1.74838
3.9982,4.99488,1.2801,1.60026
3.997,4.99905,1.28004,1.46175
3.99881,5.00037,1.28007,1.31559
4.00005,4.99921,1.27986,1.15658
3.99946,4.99815,1.27907,0.985081
3.99842,4.99891,1.27794,0.80388
3.99885,5.00091,1.27684,0.616851
4.00116,5.00192,1.27605,0.427501
4.0035,5.00031,1.27576,0.239308
4.00319,4.99677,1.27599,0.0550995
3.99888,4.99427,1.27679,-0.120678
3.99205,4.9964,1.2776,-0.286563
3.9876,5.00485,1.2796,-0.450846
3.99109,5.01119,1.28074,-0.609449
3.99761,5.00865,1.28062,-0.766132
3.99977,5.0026,1.27991,-0.923787
3.99824,4.99963,1.27901,-1.08444
3.99732,5.00045,1.27818,-1.24936
3.99871,5.00163,1.27748,-1.41835
4.00054,5.0009,1.27694,-1.59078
4.00074,4.99925,1.27654,-1.76677
3.99963,4.99871,1.27628,-1.94596
3.99897,4.99964,1.27612,-2.12724
3.99954,5.00061,1.27647,-2.30886
4.00034,5.0006,1.27886,-2.46217
4.0005,5.00018,1.28051,-2.56222
4.00035,4.99983,1.28138,-2.60164
4.00014,4.99967,1.28161,-2.58367
3.99995,4.99964,1.2814,-2.51543
3.99983,4.99965,1.28086,-2.40854
3.99979,4.99966,1.28,-2.27261
3.99981,4.99967,1.27895,-2.11561
3.99988,4.99966,1.27789,-1.9441
3.99996,4.99965,1.27689,-1.76328
4.00005,4.99965,1.27601,-1.57658
4.00013,4.99965,1.27528,-1.38636
4.00022,4.99966,1.27473,-1.19421
4.0003,4.99969,1.27447,-1.00159
4.00037,4.99976,1.27454,-0.809974
4.00043,4.99984,1.27486,-0.620671
4.00047,4.99995,1.27533,-0.434253
4.00049,5.00006,1.27598,-0.252478
4.00048,5.00017,1.27671,-0.0771107
4.00046,5.00029,1.27738,0.0913091
4.00043,5.00041,1.27809,0.250315
4.00039,5.00054,1.27866,0.398651
4.00032,5.00071,1.27887,0.537939
4.00018,5.0009,1.27906,0.66777
3.99995,