-0.500313,-0.5,1.02346,-3.14154
-0.512199,-0.516036,1.0222,3.12831
-0.524084,-0.532072,1.02095,3.11498
-0.53597,-0.548109,1.01969,3.10164
-0.547855,-0.564145,1.01844,3.08831
-0.559741,-0.580181,1.01718,3.07498
-0.571626,-0.596217,1.01593,3.06164
-0.583512,-0.612253,1.01467,3.04831
-0.595397,-0.62829,1.01342,3.03497
-0.607283,-0.644326,1.01216,3.02164
-0.619168,-0.660362,1.01091,3.00831
-0.631054,-0.676398,1.00965,2.99497
-0.642939,-0.692434,1.0084,2.98164
-0.654825,-0.708471,1.00714,2.96831
-0.66671,-0.724507,1.00589,2.95497
-0.678596,-0.740543,1.00463,2.94164
-0.690482,-0.756579,1.00338,2.92831
-0.702367,-0.772615,1.00212,2.91497
-0.714253,-0.788652,1.00087,2.90164
-0.726138,-0.804688,0.999612,2.88831
-0.738024,-0.820724,0.998357,2.87497
-0.749909,-0.83676,0.997102,2.86164
-0.761795,-0.852796,0.995847,2.8483
-0.77368,-0.868832,0.994592,2.83497
-0.785566,-0.884869,0.993337,2.82164
-0.797451,-0.900905,0.992082,2.8083
-0.809337,-0.916941,0.990827,2.79497
-0.821222,-0.932977,0.989572,2.78164
-0.833108,-0.949013,0.988317,2.7683
-0.844993,-0.96505,0.987062,2.75497
-0.856879,-0.981086,0.985808,2.74164
-0.868764,-0.997122,0.984553,2.7283
-0.88065,-1.01316,0.983298,2.71497
-0.892535,-1.02919,0.982043,2.70163
-0.904421,-1.04523,0.980788,2.6883
-0.916306,-1.06127,0.979533,2.67497
-0.928192,-1.0773,0.978278,2.66163
-0.940077,-1.09334,0.977023,2.6483
-0.951963,-1.10938,0.975768,2.63497
-0.963848,-1.12541,0.974513,2.62163
-0.975734,-1.14145,0.973258,2.6083
-0.98762,-1.15748,0.972003,2.59497
-0.999505,-1.17352,0.970748,2.58163
-1.01139,-1.18956,0.969493,2.5683
-1.02328,-1.20559,0.968238,2.55497
-1.03516,-1.22163,0.966983,2.54163
-1.04705,-1.23766,0.965729,2.5283
-1.05893,-1.2537,0.964474,2.51496
-1.07082,-1.26974,0.963219,2.50163
-1.0827,-1.28577,0.961964,2.4883
-1.09459,-1.30181,0.960709,2.47496
-1.0784,-1.31356,0.960834,2.45777
-1.06222,-1.32531,0.960958,2.44058
-1.04603,-1.33706,0.961083,2.42339
-1.02985,-1.3488,0.961208,2.40621
-1.01366,-1.36055,0.961333,2.38902
-0.99748,-1.3723,0.961458,2.37183
-0.981295,-1.38405,0.961583,2.35464
-0.96511,-1.3958,0.961707,2.33745
-0.948925,-1.40755,0.961832,2.32026
-0.93274,-1.4193,0.961957,2.30307
-0.916555,-1.43105,0.962082,2.28588
-0.90037,-1.44279,0.962207,2.26869
-0.884185,-1.45454,0.962331,2.2515
-0.868,-1.46629,0.962456,2.23431
-0.851815,-1.47804,0.962581,2.21712
-0.83563,-1.48979,0.962706,2.19993
-0.819445,-1.50154,0.962831,2.18274
-0.803261,-1.51329,0.962956,2.16555
-0.787076,-1.52504,0.96308,2.14836
-0.770891,-1.53678,0.963205,2.13117
-0.754706,-1.54853,0.96333,2.11398
-0.738521,-1.56028,0.963455,2.09679
-0.722336,-1.57203,0.96358,2.0796
-0.706151,-1.58378,0.963705,2.06241
-0.689966,-1.59553,0.963829,2.04522
-0.673781,-1.60728,0.963954,2.02803
-0.657596,-1.61903,0.964079,2.01084
-0.641411,-1.63077,0.964204,1.99365
-0.625226,-1.64252,0.964329,1.97646
-0.609041,-1.65427,0.964453,1.95927
-0.592856,-1.66602,0.964578,1.94208
-0.576672,-1.67777,0.964703,1.92489
-0.560487,-1.68952,0.964828,1.9077
-0.544302,-1.70127,0.964953,1.89051
-0.528117,-1.71302,0.965078,1.87332
-0.511932,-1.72476,0.965202,1.85613
-0.495747,-1.73651,0.965327,1.83895
-0.479562,-1.74826,0.965452,1.82176
-0.463377,-1.76001,0.965577,1.80457
-0.447192,-1.77176,0.965702,1.78738
-0.431007,-1.78351,0.965827,1.77019
-0.414822,-1.79526,0.965951,1.753
-0.398637,-1.807,0.966076,1.73581
-0.382452,-1.81875,0.966201,1.71862
-0.366268,-1.8305,0.966326,1.70143
-0.350083,-1.84225,0.966451,1.68424
-0.333898,-1.854,0.966575,1.66705
-0.317713,-1.86575,0.9667,1.64986
-0.301528,-1.8775,0.966825,1.63267
-0.285343,-1.88925,0.96695,1.61548
-0.279646,-1.90837,0.96567,1.56846
-0.273949,-1.9275,0.964391,1.52144
-0.268253,-1.94663,0.963111,1.47443
-0.262556,-1.96576,0.961832,1.42741
-0.256859,-1.98489,0.960553,1.38039
-0.251163,-2.00402,0.959273,1.33337
-0.245466,-2.02315,0.957994,1.28636
-0.239769,-2.04228,0.956714,1.23934
-0.234073,-2.06141,0.955435,1.19232
-0.228376,-2.08053,0.954155,1.1453
-0.222679,-2.09966,0.952876,1.09829
-0.216982,-2.11879,0.951596,1.05127
-0.211286,-2.13792,0.950317,1.00425
-0.205589,-2.15705,0.949037,0.957235
-0.199892,-2.17618,0.947758,0.910218
-0.194196,-2.19531,0.946478,0.863201
-0.188499,-2.21444,0.945199,0.816183
-0.182802,-2.23356,0.943919,0.769166
-0.177106,-2.25269,0.94264,0.722148
-0.171409,-2.27182,0.94136,0.675131
-0.165712,-2.29095,0.940081,0.628113
-0.160015,-2.31008,0.938801,0.581096
-0.154319,-2.32921,0.937522,0.534079
-0.148622,-2.34834,0.936242,0.487061
-0.142925,-2.36747,0.934963,0.440044
-0.137229,-2.38659,0.933683,0.393026
-0.131532,-2.40572,0.932404,0.346009
-0.125835,-2.42485,0.931124,0.298992
-0.120139,-2.44398,0.929845,0.251974
-0.114442,-2.46311,0.928565,0.204957
-0.108745,-2.48224,0.927286,0.157939
-0.103048,-2.50137,0.926006,0.110922
-0.0973517,-2.5205,0.924727,0.0639046
-0.091655,-2.53962,0.923448,0.0168872
-0.0859583,-2.55875,0.922168,-0.0301302
-0.0802616,-2.57788,0.920889,-0.0771476
-0.0745649,-2.59701,0.919609,-0.124165
-0.0688682,-2.61614,0.91833,-0.171182
-0.0631715,-2.63527,0.91705,-0.2182
-0.0574748,-2.6544,0.915771,-0.265217
-0.0517781,-2.67353,0.914491,-0.312235
-0.0460814,-2.69266,0.913212,-0.359252
-0.0403847,-2.71178,0.911932,-0.406269
-0.034688,-2.73091,0.910653,-0.453287
-0.0289913,-2.75004,0.909373,-0.500304
-0.0232946,-2.76917,0.908094,-0.547322
-0.0175979,-2.7883,0.906814,-0.594339
-0.0119012,-2.80743,0.905535,-0.641356
-0.00620451,-2.82656,0.904255,-0.688374
-0.000507807,-2.84569,0.902976,-0.735391
-0.0161699,-2.85807,0.901874,-0.673694
-0.0318319,-2.87046,0.900773,-0.611997
-0.047494,-2.88285,0.899671,-0.5503
-0.063156,-2.89524,0.89857,-0.488603
-0.0788181,-2.90763,0.897468,-0.426905
-0.0944802,-2.92002,0.896367,-0.365208
-0.110142,-2.93241,0.895265,-0.303511
-0.125804,-2.9448,0.894163,-0.241814
-0.141466,-2.95719,0.893062,-0.180117
-0.157128,-2.96958,0.89196,-0.118419
-0.17279,-2.98196,0.890859,-0.0567223
-0.188453,-2.99435,0.889757,0.00497489
-0.204115,-3.00674,0.888656,0.0666721
-0.219777,-3.01913,0.887554,0.128369
-0.235439,-3.03152,0.886453,0.190066
-0.251101,-3.04391,0.885351,0.251764
-0.266763,-3.0563,0.88425,0.313461
-0.282425,-3.06869,0.883148,0.375158
-0.298087,-3.08108,0.882046,0.436855
-0.313749,-3.09346,0.880945,0.498552
-0.329411,-3.10585,0.879843,0.56025
-0.345073,-3.11824,0.878742,0.621947
-0.360735,-3.13063,0.87764,0.683644
-0.376397,-3.14302,0.876539,0.745341
-0.392059,-3.15541,0.875437,0.807038
-0.407721,-3.1678,0.874336,0.868735
-0.423383,-3.18019,0.873234,0.930433
-0.439045,-3.19258,0.872133,0.99213
-0.454708,-3.20497,0.871031,1.05383
-0.47037,-3.21735,0.869929,1.11552
-0.486032,-3.22974,0.868828,1.17722
-0.501694,-3.24213,0.867726,1.23892
-0.517356,-3.25452,0.866625,1.30062
-0.533018,-3.26691,0.865523,1.36231
-0.54868,-3.2793,0.864422,1.42401
-0.564342,-3.29169,0.86332,1.48571
-0.580004,-3.30408,0.862219,1.5474
-0.595666,-3.31647,0.861117,1.6091
-0.611328,-3.32886,0.860016,1.6708
-0.62699,-3.34124,0.858914,1.7325
-0.642652,-3.35363,0.857812,1.79419
-0.658314,-3.36602,0.856711,1.85589
-0.673976,-3.37841,0.855609,1.91759
-0.689638,-3.3908,0.854508,1.97928
-0.705301,-3.40319,0.853406,2.04098
-0.720963,-3.41558,0.852305,2.10268
-0.736625,-3.42797,0.851203,2.16438
-0.752287,-3.44036,0.850102,2.22607
-0.767949,-3.45274,0.849,2.28777
-0.783611,-3.46513,0.847899,2.34947
-0.774388,-3.48061,0.856581,2.40141
-0.765166,-3.49609,0.865264,2.45336
-0.755944,-3.51157,0.873947,2.5053
-0.746721,-3.52704,0.88263,2.55725
-0.737499,-3.54252,0.891313,2.60919
-0.728276,-3.558,0.899996,2.66114
-0.719054,-3.57348,0.908679,2.71308
-0.709832,-3.58895,0.917361,2.76503
-0.700609,-3.60443,0.926044,2.81697
-0.691387,-3.61991,0.934727,2.86892
-0.682164,-3.63539,0.94341,2.92086
-0.672942,-3.65086,0.952093,2.9728
-0.66372,-3.66634,0.960776,3.02475
-0.654497,-3.68182,0.969459,3.07669
-0.645275,-3.6973,0.978141,3.12864
-0.636052,-3.71277,0.986824,-3.1026
-0.62683,-3.72825,0.995507,-3.05066
-0.617608,-3.74373,1.00419,-2.99871
-0.608385,-3.75921,1.01287,-2.94677
-0.599163,-3.77469,1.02156,-2.89482
-0.58994,-3.79016,1.03024,-2.84288
-0.580718,-3.80564,1.03892,-2.79093
-0.571495,-3.82112,1.0476,-2.73899
-0.562273,-3.8366,1.05629,-2.68704
-0.553051,-3.85207,1.06497,-2.6351
-0.543828,-3.86755,1.07365,-2.58315
-0.534606,-3.88303,1.08234,-2.53121
-0.525383,-3.89851,1.09102,-2.47926
-0.516161,-3.91398,1.0997,-2.42732
-0.506939,-3.92946,1.10838,-2.37537
-0.497716,-3.94494,1.11707,-2.32343
-0.488494,-3.96042,1.12575,-2.27149
-0.479271,-3.97589,1.13443,-2.21954
-0.470049,-3.99137,1.14312,-2.1676
-0.460827,-4.00685,1.1518,-2.11565
-0.451604,-4.02233,1.16048,-2.06371
-0.442382,-4.0378,1.16916,-2.01176
-0.433159,-4.05328,1.17785,-1.95982
-0.423937,-4.06876,1.18653,-1.90787
-0.414715,-4.08424,1.19521,-1.85593
-0.405492,-4.09971,1.2039,-1.80398
-0.39627,-4.11519,1.21258,-1.75204
-0.387047,-4.13067,1.22126,-1.70009
-0.377825,-4.14615,1.22994,-1.64815
-0.368603,-4.16162,1.23863,-1.5962
-0.35938,-4.1771,1.24731,-1.54426
-0.350158,-4.19258,1.25599,-1.49231
-0.340935,-4.20806,1.26468,-1.44037
-0.331713,-4.22353,1.27336,-1.38842
-0.322491,-4.23901,1.28204,-1.33648
-0.329721,-4.22049,1.27991,-1.28486
-0.336951,-4.20196,1.27777,-1.23323
-0.344181,-4.18344,1.27563,-1.18161
-0.351411,-4.16491,1.2735,-1.12998
-0.358641,-4.14639,1.27136,-1.07836
-0.365871,-4.12786,1.26922,-1.02673
-0.373102,-4.10934,1.26709,-0.97511
-0.380332,-4.09082,1.26495,-0.923486
-0.387562,-4.07229,1.26282,-0.871861
-0.394792,-4.05377,1.26068,-0.820237
-0.402022,-4.03524,1.25854,-0.768613
-0.409252,-4.01672,1.25641,-0.716989
-0.416482,-3.99819,1.25427,-0.665365
-0.423713,-3.97967,1.25214,-0.61374
-0.430943,-3.96114,1.25,-0.562116
-0.438173,-3.94262,1.24786,-0.510492
-0.445403,-3.92409,1.24573,-0.458868
-0.452633,-3.90557,1.24359,-0.407243
-0.459863,-3.88704,1.24146,-0.355619
-0.467093,-3.86852,1.23932,-0.303995
-0.474324,-3.84999,1.23718,-0.252371
-0.481554,-3.83147,1.23505,-0.200746
-0.488784,-3.81295,1.23291,-0.149122
-0.496014,-3.79442,1.23078,-0.097498
-0.503244,-3.7759,1.22864,-0.0458738
-0.510474,-3.75737,1.2265,0.00575041
-0.517704,-3.73885,1.22437,0.0573746
-0.524935,-3.72032,1.22223,0.108999
-0.532165,-3.7018,1.2201,0.160623
-0.539395,-3.68327,1.21796,0.212247
-0.546625,-3.66475,1.21582,0.263872
-0.553855,-3.64622,1.21369,0.315496
-0.561085,-3.6277,1.21155,0.36712
-0.568315,-3.60917,1.20941,0.418744
-0.575546,-3.59065,1.20728,0.470368
-0.582776,-3.57213,1.20514,0.521993
-0.590006,-3.5536,1.20301,0.573617
-0.597236,-3.53508,1.20087,0.625241
-0.604466,-3.51655,1.19873,0.676865
-0.611696,-3.49803,1.1966,0.72849
-0.618926,-3.4795,1.19446,0.780114
-0.626157,-3.46098,1.19233,0.831738
-0.633387,-3.44245,1.19019,0.883362
-0.640617,-3.42393,1.18805,0.934986
-0.647847,-3.4054,1.18592,0.986611
-0.655077,-3.38688,1.18378,1.03823
-0.662307,-3.36835,1.18165,1.08986
-0.669537,-3.34983,1.17951,1.14148
-0.676768,-3.33131,1.17737,1.19311
-0.683998,-3.31278,1.17524,1.24473
-0.679132,-3.33098,1.18195,1.23834
-0.674266,-3.34918,1.18866,1.23195
-0.669399,-3.36739,1.19536,1.22556
-0.664533,-3.38559,1.20207,1.21917
-0.659667,-3.40379,1.20878,1.21278
-0.654801,-3.42199,1.21549,1.20639
-0.649935,-3.44019,1.2222,1.2
-0.645069,-3.4584,1.22891,1.19361
-0.640203,-3.4766,1.23562,1.18722
-0.635337,-3.4948,1.24233,1.18083
-0.630471,-3.513,1.24904,1.17444
-0.625605,-3.5312,1.25575,1.16805
-0.620739,-3.54941,1.26245,1.16165
-0.615872,-3.56761,1.26916,1.15526
-0.611006,-3.58581,1.27587,1.14887
-0.60614,-3.60401,1.28258,1.14248
-0.601274,-3.62221,1.28929,1.13609
-0.596408,-3.64042,1.296,1.1297
-0.591542,-3.65862,1.30271,1.12331
-0.586676,-3.67682,1.30942,1.11692
-0.58181,-3.69502,1.31613,1.11053
-0.576944,-3.71322,1.32284,1.10414
-0.572078,-3.73143,1.32954,1.09775
-0.567212,-3.74963,1.33625,1.09136
-0.562345,-3.76783,1.34296,1.08497
-0.557479,-3.78603,1.34967,1.07858
-0.552613,-3.80423,1.35638,1.07219
-0.547747,-3.82243,1.36309,1.0658
-0.542881,-3.84064,1.3698,1.05941
-0.538015,-3.85884,1.37651,1.05302
-0.533149,-3.87704,1.38322,1.04663
-0.528283,-3.89524,1.38992,1.04023
-0.523417,-3.91344,1.39663,1.03384
-0.518551,-3.93165,1.40334,1.02745
-0.513685,-3.94985,1.41005,1.02106
-0.508818,-3.96805,1.41676,1.01467
-0.503952,-3.98625,1.42347,1.00828
-0.499086,-4.00445,1.43018,1.00189
-0.49422,-4.02266,1.43689,0.995501
-0.489354,-4.04086,1.4436,0.989111
-0.484488,-4.05906,1.45031,0.98272
-0.479622,-4.07726,1.45701,0.97633
-0.474756,-4.09546,1.46372,0.969939
-0.46989,-4.11367,1.47043,0.963549
-0.465024,-4.13187,1.47714,0.957158
-0.460158,-4.15007,1.48385,0.950768
-0.455291,-4.16827,1.49056,0.944377
-0.450425,-4.18647,1.49727,0.937987
-0.445559,-4.20468,1.50398,0.931596
-0.440693,-4.22288,1.51069,0.925205
-0.457244,-4.23404,1.51193,0.962423
-0.473795,-4.2452,1.51317,0.99964
-0.490346,-4.25636,1.5144,1.03686
-0.506897,-4.26752,1.51564,1.07408
-0.523447,-4.27867,1.51688,1.11129
-0.539998,-4.28983,1.51812,1.14851
-0.556549,-4.30099,1.51936,1.18573
-0.5731,-4.31215,1.5206,1.22294
-0.589651,-4.32331,1.52184,1.26016
-0.606202,-4.33447,1.52308,1.29738
-0.622753,-4.34563,1.52432,1.3346
-0.639304,-4.35679,1.52556,1.37181
-0.655854,-4.36795,1.5268,1.40903
-0.672405,-4.37911,1.52804,1.44625
-0.688956,-4.39027,1.52928,1.48347
-0.705507,-4.40143,1.53052,1.52068
-0.722058,-4.41259,1.53176,1.5579
-0.738609,-4.42375,1.533,1.59512
-0.75516,-4.43491,1.53424,1.63234
-0.77171,-4.44607,1.53548,1.66955
-0.788261,-4.45723,1.53672,1.70677
-0.804812,-4.46838,1.53796,1.74399
-0.821363,-4.47954,1.5392,1.78121
-0.837914,-4.4907,1.54044,1.81842
-0.854465,-4.50186,1.54167,1.85564
-0.871016,-4.51302,1.54291,1.89286
-0.887566,-4.52418,1.54415,1.93008
-0.904117,-4.53534,1.54539,1.96729
-0.920668,-4.5465,1.54663,2.00451
-0.937219,-4.55766,1.54787,2.04173
-0.95377,-4.56882,1.54911,2.07895
-0.970321,-4.57998,1.55035,2.11616
-0.986872,-4.59114,1.55159,2.15338
-1.00342,-4.6023,1.55283,2.1906
-1.01997,-4.61346,1.55407,2.22781
-1.03652,-4.62462,1.55531,2.26503
-1.05308,-4.63578,1.55655,2.30225
-1.06963,-4.64694,1.55779,2.33947
-1.08618,-4.65809,1.55903,2.37668
-1.10273,-4.66925,1.56027,2.4139
-1.11928,-4.68041,1.56151,2.45112
-1.13583,-4.69157,1.56275,2.48834
-1.15238,-4.70273,1.56399,2.52555
-1.16893,-4.71389,1.56523,2.56277
-1.18548,-4.72505,1.56647,2.59999
-1.20203,-4.73621,1.56771,2.63721
-1.21858,-4.74737,1.56895,2.67442
-1.23513,-4.75853,1.57018,2.71164
-1.25169,-4.76969,1.57142,2.74886
-1.26824,-4.78085,1.57266,2.78608
-1.26491,-4.80057,1.57244,2.74739
-1.26158,-4.82029,1.57222,2.7087
-1.25826,-4.84001,1.572,2.67001
-1.25493,-4.85973,1.57178,2.63132
-1.25161,-4.87945,1.57156,2.59263
-1.24828,-4.89917,1.57134,2.55394
-1.24495,-4.91889,1.57112,2.51525
-1.24163,-4.93861,1.5709,2.47656
-1.2383,-4.95833,1.57068,2.43787
-1.23497,-4.97805,1.57046,2.39918
-1.23165,-4.99777,1.57024,2.36049
-1.22832,-5.01749,1.57002,2.3218
-1.225,-5.03721,1.56979,2.28311
-1.22167,-5.05693,1.56957,2.24442
-1.21834,-5.07665,1.56935,2.20573
-1.21502,-5.09637,1.56913,2.16704
-1.21169,-5.11609,1.56891,2.12835
-1.20837,-5.13581,1.56869,2.08966
-1.20504,-5.15553,1.56847,2.05097
-1.20171,-5.17525,1.56825,2.01228
-1.19839,-5.19497,1.56803,1.97359
-1.19506,-5.21469,1.56781,1.9349
-1.19173,-5.23441,1.56759,1.89621
-1.18841,-5.25413,1.56737,1.85752
-1.18508,-5.27385,1.56715,1.81883
-1.18176,-5.29357,1.56693,1.78014
-1.17843,-5.3133,1.5667,1.74145
-1.1751,-5.33302,1.56648,1.70276
-1.17178,-5.35274,1.56626,1.66407
-1.16845,-5.37246,1.56604,1.62538
-1.16513,-5.39218,1.56582,1.58669
-1.1618,-5.4119,1.5656,1.548
-1.15847,-5.43162,1.56538,1.50931
-1.15515,-5.45134,1.56516,1.47062
-1.15182,-5.47106,1.56494,1.43193
-1.14849,-5.49078,1.56472,1.39324
-1.14517,-5.5105,1.5645,1.35455
-1.14184,-5.53022,1.56428,1.31586
-1.13852,-5.54994,1.56406,1.27717
-1.13519,-5.56966,1.56384,1.23848
-1.13186,-5.58938,1.56361,1.19979
-1.12854,-5.6091,1.56339,1.1611
-1.12521,-5.62882,1.56317,1.12241
-1.12189,-5.64854,1.56295,1.08372
-1.11856,-5.66826,1.56273,1.04503
-1.11523,-5.68798,1.56251,1.00634
-1.11191,-5.7077,1.56229,0.967646
-1.10858,-5.72742,1.56207,0.928956
-1.10525,-5.74714,1.56185,0.890266
-1.10193,-5.76686,1.56163,0.851576
-1.08376,-5.77352,1.56668,0.859173
-1.06559,-5.78018,1.57173,0.86677
-1.04742,-5.78684,1.57678,0.874367
-1.02925,-5.79349,1.58183,0.881965
-1.01108,-5.80015,1.58688,0.889562
-0.992908,-5.80681,1.59193,0.897159
-0.974738,-5.81347,1.59699,0.904756
-0.956568,-5.82013,1.60204,0.912354
-0.938397,-5.82679,1.60709,0.919951
-0.920227,-5.83344,1.61214,0.927548
-0.902057,-5.8401,1.61719,0.935146
-0.883887,-5.84676,1.62224,0.942743
-0.865717,-5.85342,1.62729,0.95034
-0.847547,-5.86008,1.63234,0.957937
-0.829377,-5.86674,1.63739,0.965535
-0.811207,-5.87339,1.64244,0.973132
-0.793037,-5.88005,1.6475,0.980729
-0.774866,-5.88671,1.65255,0.988326
-0.756696,-5.89337,1.6576,0.995924
-0.738526,-5.90003,1.66265,1.00352
-0.720356,-5.90669,1.6677,1.01112
-0.702186,-5.91335,1.67275,1.01872
-0.684016,-5.92,1.6778,1.02631
-0.665846,-5.92666,1.68285,1.03391
-0.647676,-5.93332,1.6879,1.04151
-0.629505,-5.93998,1.69295,1.0491
-0.611335,-5.94664,1.69801,1.0567
-0.593165,-5.9533,1.70306,1.0643
-0.574995,-5.95995,1.70811,1.0719
-0.556825,-5.96661,1.71316,1.07949
-0.538655,-5.97327,1.71821,1.08709
-0.520485,-5.97993,1.72326,1.09469
-0.502315,-5.98659,1.72831,1.10229
-0.484144,-5.99325,1.73336,1.10988
-0.465974,-5.9999,1.73841,1.11748
-0.447804,-6.00656,1.74346,1.12508
-0.429634,-6.01322,1.74852,1.13267
-0.411464,-6.01988,1.75357,1.14027
-0.393294,-6.02654,1.75862,1.14787
-0.375124,-6.0332,1.76367,1.15547
-0.356954,-6.03985,1.76872,1.16306
-0.338783,-6.04651,1.77377,1.17066
-0.320613,-6.05317,1.77882,1.17826
-0.302443,-6.05983,1.78387,1.18586
-0.284273,-6.06649,1.78892,1.19345
-0.266103,-6.07315,1.79397,1.20105
-0.247933,-6.0798,1.79903,1.20865
-0.229763,-6.08646,1.80408,1.21624
-0.211593,-6.09312,1.80913,1.22384
-0.193422,-6.09978,1.81418,1.23144
-0.190567,-6.08024,1.81102,1.2156
-0.187712,-6.0607,1.80787,1.19976
-0.184856,-6.04115,1.80472,1.18392
-0.182001,-6.02161,1.80156,1.16808
-0.179146,-6.00207,1.79841,1.15224
-0.17629,-5.98253,1.79526,1.13639
-0.173435,-5.96298,1.7921,1.12055
-0.17058,-5.94344,1.78895,1.10471
-0.167724,-5.9239,1.78579,1.08887
-0.164869,-5.90436,1.78264,1.07303
-0.162014,-5.88481,1.77949,1.05719
-0.159158,-5.86527,1.77633,1.04135
-0.156303,-5.84573,1.77318,1.02551
-0.153448,-5.82619,1.77003,1.00967
-0.150592,-5.80665,1.76687,0.993829
-0.147737,-5.7871,1.76372,0.977988
-0.144882,-5.76756,1.76056,0.962148
-0.142026,-5.74802,1.75741,0.946307
-0.139171,-5.72848,1.75426,0.930467
-0.136316,-5.70893,1.7511,0.914626
-0.13346,-5.68939,1.74795,0.898785
-0.130605,-5.66985,1.74479,0.882945
-0.12775,-5.65031,1.74164,0.867104
-0.124894,-5.63076,1.73849,0.851263
-0.122039,-5.61122,1.73533,0.835423
-0.119184,-5.59168,1.73218,0.819582
-0.116328,-5.57214,1.72903,0.803741
-0.113473,-5.5526,1.72587,0.787901
-0.110618,-5.53305,1.72272,0.77206
-0.107762,-5.51351,1.71956,0.756219
-0.104907,-5.49397,1.71641,0.740379
-0.102052,-5.47443,1.71326,0.724538
-0.0991964,-5.45488,1.7101,0.708698
-0.0963411,-5.43534,1.70695,0.692857
-0.0934857,-5.4158,1.7038,0.677016
-0.0906304,-5.39626,1.70064,0.661176
-0.0877751,-5.37672,1.69749,0.645335
-0.0849197,-5.35717,1.69433,0.629494
-0.0820644,-5.33763,1.69118,0.613654
-0.0792091,-5.31809,1.68803,0.597813
-0.0763537,-5.29855,1.68487,0.581972
-0.0734984,-5.279,1.68172,0.566132
-0.0706431,-5.25946,1.67857,0.550291
-0.0677877,-5.23992,1.67541,0.53445
-0.0649324,-5.22038,1.67226,0.51861
-0.0620771,-5.20083,1.6691,0.502769
-0.0592217,-5.18129,1.66595,0.486929
-0.0563664,-5.16175,1.6628,0.471088
-0.0535111,-5.14221,1.65964,0.455247
-0.0506557,-5.12267,1.65649,0.439407
-0.0694618,-5.12636,1.65077,0.480983
-0.088268,-5.13006,1.64506,0.522559
-0.107074,-5.13376,1.63935,0.564135
-0.12588,-5.13746,1.63363,0.605711
-0.144686,-5.14116,1.62792,0.647287
-0.163492,-5.14486,1.62221,0.688863
-0.182299,-5.14856,1.61649,0.730439
-0.201105,-5.15226,1.61078,0.772015
-0.219911,-5.15596,1.60506,0.813591
-0.238717,-5.15965,1.59935,0.855167
-0.257523,-5.16335,1.59364,0.896743
-0.276329,-5.16705,1.58792,0.938319
-0.295135,-5.17075,1.58221,0.979895
-0.313941,-5.17445,1.57649,1.02147
-0.332748,-5.17815,1.57078,1.06305
-0.351554,-5.18185,1.56507,1.10462
-0.37036,-5.18555,1.55935,1.1462
-0.389166,-5.18925,1.55364,1.18777
-0.407972,-5.19294,1.54793,1.22935
-0.426778,-5.19664,1.54221,1.27093
-0.445584,-5.20034,1.5365,1.3125
-0.46439,-5.20404,1.53078,1.35408
-0.483196,-5.20774,1.52507,1.39565
-0.502003,-5.21144,1.51936,1.43723
-0.520809,-5.21514,1.51364,1.47881
-0.539615,-5.21884,1.50793,1.52038
-0.558421,-5.22254,1.50221,1.56196
-0.577227,-5.22623,1.4965,1.60353
-0.596033,-5.22993,1.49079,1.64511
-0.614839,-5.23363,1.48507,1.68669
-0.633645,-5.23733,1.47936,1.72826
-0.652452,-5.24103,1.47365,1.76984
-0.671258,-5.24473,1.46793,1.81141
-0.690064,-5.24843,1.46222,1.85299
-0.70887,-5.25213,1.4565,1.89457
-0.727676,-5.25583,1.45079,1.93614
-0.746482,-5.25952,1.44508,1.97772
-0.765288,-5.26322,1.43936,2.01929
-0.784094,-5.26692,1.43365,2.06087
-0.8029,-5.27062,1.42793,2.10245
-0.821707,-5.27432,1.42222,2.14402
-0.840513,-5.27802,1.41651,2.1856
-0.859319,-5.28172,1.41079,2.22717
-0.878125,-5.28542,1.40508,2.26875
-0.896931,-5.28912,1.39937,2.31033
-0.915737,-5.29282,1.39365,2.3519
-0.934543,-5.29651,1.38794,2.39348
-0.953349,-5.30021,1.38222,2.43505
-0.972156,-5.30391,1.37651,2.47663
-0.990962,-5.30761,1.3708,2.51821
-0.975379,-5.29552,1.37411,2.52342
-0.959795,-5.28343,1.37742,2.52862
-0.944212,-5.27134,1.38074,2.53383
-0.928629,-5.25925,1.38405,2.53904
-0.913046,-5.24716,1.38736,2.54425
-0.897463,-5.23506,1.39067,2.54946
-0.88188,-5.22297,1.39399,2.55467
-0.866297,-5.21088,1.3973,2.55987
-0.850714,-5.19879,1.40061,2.56508
-0.835131,-5.1867,1.40393,2.57029
-0.819547,-5.17461,1.40724,2.5755
-0.803964,-5.16252,1.41055,2.58071
-0.788381,-5.15043,1.41387,2.58592
-0.772798,-5.13834,1.41718,2.59113
-0.757215,-5.12625,1.42049,2.59633
-0.741632,-5.11416,1.4238,2.60154
-0.726049,-5.10206,1.42712,2.60675
-0.710466,-5.08997,1.43043,2.61196
-0.694883,-5.07788,1.43374,2.61717
-0.679299,-5.06579,1.43706,2.62238
-0.663716,-5.0537,1.44037,2.62758
-0.648133,-5.04161,1.44368,2.63279
-0.63255,-5.02952,1.44699,2.638
-0.616967,-5.01743,1.45031,2.64321
-0.601384,-5.00534,1.45362,2.64842
-0.585801,-4.99325,1.45693,2.65363
-0.570218,-4.98116,1.46025,2.65884
-0.554635,-4.96906,1.46356,2.66404
-0.539052,-4.95697,1.46687,2.66925
-0.523468,-4.94488,1.47019,2.67446
-0.507885,-4.93279,1.4735,2.67967
-0.492302,-4.9207,1.47681,2.68488
-0.476719,-4.90861,1.48012,2.69009
-0.461136,-4.89652,1.48344,2.69529
-0.445553,-4.88443,1.48675,2.7005
-0.42997,-4.87234,1.49006,2.70571
-0.414387,-4.86025,1.49338,2.71092
-0.398804,-4.84815,1.49669,2.71613
-0.38322,-4.83606,1.5,2.72134
-0.367637,-4.82397,1.50332,2.72655
-0.352054,-4.81188,1.50663,2.73175
-0.336471,-4.79979,1.50994,2.73696
-0.320888,-4.7877,1.51325,2.74217
-0.305305,-4.77561,1.51657,2.74738
-0.289722,-4.76352,1.51988,2.75259
-0.274139,-4.75143,1.52319,2.7578
-0.258556,-4.73934,1.52651,2.763
-0.242972,-4.72725,1.52982,2.76821
-0.227389,-4.71515,1.53313,2.77342
-0.211806,-4.70306,1.53645,2.77863
-0.211847,-4.68308,1.53736,2.83819
-0.211889,-4.66311,1.53828,2.89775
-0.21193,-4.64313,1.53919,2.95731
-0.211971,-4.62315,1.54011,3.01687
-0.212012,-4.60317,1.54102,3.07644
-0.212053,-4.58319,1.54193,3.136
-0.212094,-4.56321,1.54285,-3.08763
-0.212135,-4.54323,1.54376,-3.02807
-0.212177,-4.52325,1.54468,-2.96851
-0.212218,-4.50327,1.54559,-2.90894
-0.212259,-4.48329,1.54651,-2.84938
-0.2123,-4.46332,1.54742,-2.78982
-0.212341,-4.44334,1.54834,-2.73026
-0.212382,-4.42336,1.54925,-2.6707
-0.212423,-4.40338,1.55017,-2.61114
-0.212465,-4.3834,1.55108,-2.55158
-0.212506,-4.36342,1.552,-2.49202
-0.212547,-4.34344,1.55291,-2.43246
-0.212588,-4.32346,1.55383,-2.3729
-0.212629,-4.30348,1.55474,-2.31333
-0.21267,-4.2835,1.55566,-2.25377
-0.212712,-4.26353,1.55657,-2.19421
-0.212753,-4.24355,1.55749,-2.13465
-0.212794,-4.22357,1.5584,-2.07509
-0.212835,-4.20359,1.55932,-2.01553
-0.212876,-4.18361,1.56023,-1.95597
-0.212917,-4.16363,1.56115,-1.89641
-0.212958,-4.14365,1.56206,-1.83685
-0.213,-4.12367,1.56298,-1.77728
-0.213041,-4.10369,1.56389,-1.71772
-0.213082,-4.08371,1.56481,-1.65816
-0.213123,-4.06373,1.56572,-1.5986
-0.213164,-4.04376,1.56664,-1.53904
-0.213205,-4.02378,1.56755,-1.47948
-0.213246,-4.0038,1.56847,-1.41992
-0.213288,-3.98382,1.56938,-1.36036
-0.213329,-3.96384,1.5703,-1.3008
-0.21337,-3.94386,1.57121,-1.24124
-0.213411,-3.92388,1.57213,-1.18167
-0.213452,-3.9039,1.57304,-1.12211
-0.213493,-3.88392,1.57396,-1.06255
-0.213535,-3.86394,1.57487,-1.00299
-0.213576,-3.84397,1.57579,-0.94343
-0.213617,-3.82399,1.5767,-0.883869
-0.213658,-3.80401,1.57762,-0.824308
-0.213699,-3.78403,1.57853,-0.764747
-0.21374,-3.76405,1.57944,-0.705186
-0.213781,-3.74407,1.58036,-0.645625
-0.213823,-3.72409,1.58127,-0.586064
-0.213864,-3.70411,1.58219,-0.526503
-0.229502,-3.69181,1.58018,-0.517634
-0.245141,-3.6795,1.57818,-0.508765
-0.26078,-3.6672,1.57617,-0.499896
-0.276419,-3.65489,1.57417,-0.491028
-0.292057,-3.64259,1.57216,-0.482159
-0.307696,-3.63028,1.57016,-0.47329
-0.323335,-3.61798,1.56815,-0.464421
-0.338973,-3.60567,1.56614,-0.455552
-0.354612,-3.59337,1.56414,-0.446684
-0.370251,-3.58106,1.56213,-0.437815
-0.385889,-3.56876,1.56013,-0.428946
-0.401528,-3.55645,1.55812,-0.420077
-0.417167,-3.54415,1.55612,-0.411208
-0.432805,-3.53184,1.55411,-0.40234
-0.448444,-3.51954,1.55211,-0.393471
-0.464083,-3.50724,1.5501,-0.384602
-0.479722,-3.49493,1.54809,-0.375733
-0.49536,-3.48263,1.54609,-0.366864
-0.510999,-3.47032,1.54408,-0.357996
-0.526638,-3.45802,1.54208,-0.349127
-0.542276,-3.44571,1.54007,-0.340258
-0.557915,-3.43341,1.53807,-0.331389
-0.573554,-3.4211,1.53606,-0.32252
-0.589192,-3.4088,1.53405,-0.313652
-0.604831,-3.39649,1.53205,-0.304783
-0.62047,-3.38419,1.53004,-0.295914
-0.636109,-3.37188,1.52804,-0.287045
-0.651747,-3.35958,1.52603,-0.278176
-0.667386,-3.34727,1.52403,-0.269308
-0.683025,-3.33497,1.52202,-0.260439
-0.698663,-3.32266,1.52002,-0.25157
-0.714302,-3.31036,1.51801,-0.242701
-0.729941,-3.29805,1.516,-0.233832
-0.745579,-3.28575,1.514,-0.224964
-0.761218,-3.27344,1.51199,-0.216095
-0.776857,-3.26114,1.50999,-0.207226
-0.792495,-3.24883,1.50798,-0.198357
-0.808134,-3.23653,1.50598,-0.189488
-0.823773,-3.22422,1.50397,-0.18062
-0.839412,-3.21192,1.50197,-0.171751
-0.85505,-3.19961,1.49996,-0.162882
-0.870689,-3.18731,1.49795,-0.154013
-0.886328,-3.17501,1.49595,-0.145144
-0.901966,-3.1627,1.49394,-0.136276
-0.917605,-3.1504,1.49194,-0.127407
-0.933244,-3.13809,1.48993,-0.118538
-0.948882,-3.12579,1.48793,-0.109669
-0.964521,-3.11348,1.48592,-0.1008
-0.98016,-3.10118,1.48391,-0.0919315
-0.995799,-3.08887,1.48191,-0.0830627
-0.98545,-3.07177,1.4826,-0.115945
-0.975102,-3.05467,1.4833,-0.148827
-0.964754,-3.03757,1.48399,-0.18171
-0.954406,-3.02047,1.48469,-0.214592
-0.944057,-3.00337,1.48538,-0.247474
-0.933709,-2.98627,1.48607,-0.280356
-0.923361,-2.96917,1.48677,-0.313239
-0.913013,-2.95207,1.48746,-0.346121
-0.902664,-2.93497,1.48816,-0.379003
-0.892316,-2.91786,1.48885,-0.411886
-0.881968,-2.90076,1.48955,-0.444768
-0.87162,-2.88366,1.49024,-0.47765
-0.861271,-2.86656,1.49093,-0.510532
-0.850923,-2.84946,1.49163,-0.543415
-0.840575,-2.83236,1.49232,-0.576297
-0.830227,-2.81526,1.49302,-0.609179
-0.819878,-2.79816,1.49371,-0.642062
-0.80953,-2.78106,1.49441,-0.674944
-0.799182,-2.76396,1.4951,-0.707826
-0.788834,-2.74686,1.49579,-0.740708
-0.778486,-2.72976,1.49649,-0.773591
-0.768137,-2.71266,1.49718,-0.806473
-0.757789,-2.69556,1.49788,-0.839355
-0.747441,-2.67846,1.49857,-0.872237
-0.737093,-2.66136,1.49927,-0.90512
-0.726744,-2.64425,1.49996,-0.938002
-0.716396,-2.62715,1.50065,-0.970884
-0.706048,-2.61005,1.50135,-1.00377
-0.6957,-2.59295,1.50204,-1.03665
-0.685351,-2.57585,1.50274,-1.06953
-0.675003,-2.55875,1.50343,-1.10241
-0.664655,-2.54165,1.50413,-1.1353
-0.654307,-2.52455,1.50482,-1.16818
-0.643958,-2.50745,1.50551,-1.20106
-0.63361,-2.49035,1.50621,-1.23394
-0.623262,-2.47325,1.5069,-1.26682
-0.612914,-2.45615,1.5076,-1.29971
-0.602565,-2.43905,1.50829,-1.33259
-0.592217,-2.42195,1.50899,-1.36547
-0.581869,-2.40485,1.50968,-1.39835
-0.571521,-2.38774,1.51037,-1.43124
-0.561173,-2.37064,1.51107,-1.46412
-0.550824,-2.35354,1.51176,-1.497
-0.540476,-2.33644,1.51246,-1.52988
-0.530128,-2.31934,1.51315,-1.56277
-0.51978,-2.30224,1.51385,-1.59565
-0.509431,-2.28514,1.51454,-1.62853
-0.499083,-2.26804,1.51523,-1.66141
-0.488735,-2.25094,1.51593,-1.69429
-0.478387,-2.23384,1.51662,-1.72718
-0.474394,-2.24973,1.5281,-1.67697
-0.470402,-2.26562,1.53957,-1.62676
-0.46641,-2.2815,1.55104,-1.57655
-0.462417,-2.29739,1.56251,-1.52634
-0.458425,-2.31328,1.57399,-1.47613
-0.454433,-2.32917,1.58546,-1.42592
-0.45044,-2.34506,1.59693,-1.37571
-0.446448,-2.36095,1.60841,-1.3255
-0.442456,-2.37683,1.61988,-1.27529
-0.438463,-2.39272,1.63135,-1.22508
-0.434471,-2.40861,1.64282,-1.17487
-0.430479,-2.4245,1.6543,-1.12466
-0.426486,-2.44039,1.66577,-1.07445
-0.422494,-2.45627,1.67724,-1.02424
-0.418502,-2.47216,1.68872,-0.974036
-0.414509,-2.48805,1.70019,-0.923826
-0.410517,-2.50394,1.71166,-0.873617
-0.406525,-2.51983,1.72313,-0.823407
-0.402532,-2.53572,1.73461,-0.773198
-0.39854,-2.5516,1.74608,-0.722988
-0.394548,-2.56749,1.75755,-0.672779
-0.390555,-2.58338,1.76902,-0.62257
-0.386563,-2.59927,1.7805,-0.57236
-0.382571,-2.61516,1.79197,-0.522151
-0.378578,-2.63105,1.80344,-0.471941
-0.374586,-2.64693,1.81492,-0.421732
-0.370594,-2.66282,1.82639,-0.371523
-0.366601,-2.67871,1.83786,-0.321313
-0.362609,-2.6946,1.84933,-0.271104
-0.358617,-2.71049,1.86081,-0.220894
-0.354624,-2.72637,1.87228,-0.170685
-0.350632,-2.74226,1.88375,-0.120476
-0.34664,-2.75815,1.89523,-0.0702661
-0.342647,-2.77404,1.9067,-0.0200567
-0.338655,-2.78993,1.91817,0.0301527
-0.334663,-2.80582,1.92964,0.0803621
-0.33067,-2.8217,1.94112,0.130572
-0.326678,-2.83759,1.95259,0.180781
-0.322686,-2.85348,1.96406,0.23099
-0.318693,-2.86937,1.97554,0.2812
-0.314701,-2.88526,1.98701,0.331409
-0.310709,-2.90115,1.99848,0.381619
-0.306716,-2.91703,2.00995,0.431828
-0.302724,-2.93292,2.02143,0.482037
-0.298732,-2.94881,2.0329,0.532247
-0.294739,-2.9647,2.04437,0.582456
-0.290747,-2.98059,2.05584,0.632666
-0.286755,-2.99648,2.06732,0.682875
-0.282762,-3.01236,2.07879,0.733084
-0.27877,-3.02825,2.09026,0.783294
-0.280217,-3.04788,2.08671,0.758736
-0.281663,-3.06751,2.08315,0.734178
-0.28311,-3.08714,2.07959,0.70962
-0.284557,-3.10676,2.07603,0.685062
-0.286004,-3.12639,2.07248,0.660504
-0.28745,-3.14602,2.06892,0.635946
-0.288897,-3.16565,2.06536,0.611388
-0.290344,-3.18527,2.0618,0.58683
-0.291791,-3.2049,2.05825,0.562272
-0.293237,-3.22453,2.05469,0.537714
-0.294684,-3.24416,2.05113,0.513156
-0.296131,-3.26379,2.04757,0.488598
-0.297577,-3.28341,2.04402,0.46404
-0.299024,-3.30304,2.04046,0.439482
-0.300471,-3.32267,2.0369,0.414925
-0.301918,-3.3423,2.03335,0.390367
-0.303364,-3.36192,2.02979,0.365809
-0.304811,-3.38155,2.02623,0.341251
-0.306258,-3.40118,2.02267,0.316693
-0.307705,-3.42081,2.01912,0.292135
-0.309151,-3.44044,2.01556,0.267577
-0.310598,-3.46006,2.012,0.243019
-0.312045,-3.47969,2.00844,0.218461
-0.313492,-3.49932,2.00489,0.193903
-0.314938,-3.51895,2.00133,0.169345
-0.316385,-3.53858,1.99777,0.144787
-0.317832,-3.5582,1.99421,0.120229
-0.319278,-3.57783,1.99066,0.0956711
-0.320725,-3.59746,1.9871,0.0711131
-0.322172,-3.61709,1.98354,0.0465552
-0.323619,-3.63671,1.97999,0.0219972
-0.325065,-3.65634,1.97643,-0.00256074
-0.326512,-3.67597,1.97287,-0.0271187
-0.327959,-3.6956,1.96931,-0.0516767
-0.329406,-3.71523,1.96576,-0.0762346
-0.330852,-3.73485,1.9622,-0.100793
-0.332299,-3.75448,1.95864,-0.125351
-0.333746,-3.77411,1.95508,-0.149908
-0.335192,-3.79374,1.95153,-0.174466
-0.336639,-3.81337,1.94797,-0.199024
-0.338086,-3.83299,1.94441,-0.223582
-0.339533,-3.85262,1.94085,-0.24814
-0.340979,-3.87225,1.9373,-0.272698
-0.342426,-3.89188,1.93374,-0.297256
-0.343873,-3.9115,1.93018,-0.321814
-0.34532,-3.93113,1.92663,-0.346372
-0.346766,-3.95076,1.92307,-0.37093
-0.348213,-3.97039,1.91951,-0.395488
-0.34966,-3.99002,1.91595,-0.420046
-0.351106,-4.00964,1.9124,-0.444604
-0.369541,-4.01733,1.91135,-0.419746
-0.387975,-4.02502,1.91031,-0.394887
-0.40641,-4.0327,1.90927,-0.370029
-0.424844,-4.04039,1.90822,-0.34517
-0.443278,-4.04808,1.90718,-0.320312
-0.461713,-4.05576,1.90614,-0.295453
-0.480147,-4.06345,1.90509,-0.270595
-0.498582,-4.07114,1.90405,-0.245736
-0.517016,-4.07882,1.90301,-0.220878
-0.53545,-4.08651,1.90196,-0.196019
-0.553885,-4.0942,1.90092,-0.171161
-0.572319,-4.10188,1.89988,-0.146302
-0.590754,-4.10957,1.89883,-0.121444
-0.609188,-4.11726,1.89779,-0.0965855
-0.627622,-4.12494,1.89675,-0.0717271
-0.646057,-4.13263,1.8957,-0.0468686
-0.664491,-4.14032,1.89466,-0.0220102
-0.682926,-4.148,1.89362,0.0028483
-0.70136,-4.15569,1.89257,0.0277068
-0.719794,-4.16338,1.89153,0.0525652
-0.738229,-4.17106,1.89049,0.0774237
-0.756663,-4.17875,1.88945,0.102282
-0.775098,-4.18644,1.8884,0.127141
-0.793532,-4.19412,1.88736,0.151999
-0.811966,-4.20181,1.88632,0.176858
-0.830401,-4.2095,1.88527,0.201716
-0.848835,-4.21718,1.88423,0.226574
-0.86727,-4.22487,1.88319,0.251433
-0.885704,-4.23256,1.88214,0.276291
-0.904138,-4.24024,1.8811,0.30115
-0.922573,-4.24793,1.88006,0.326008
-0.941007,-4.25562,1.87901,0.350867
-0.959442,-4.2633,1.87797,0.375725
-0.977876,-4.27099,1.87693,0.400584
-0.99631,-4.27868,1.87588,0.425442
-1.01474,-4.28636,1.87484,0.450301
-1.03318,-4.29405,1.8738,0.475159
-1.05161,-4.30174,1.87275,0.500017
-1.07005,-4.30942,1.87171,0.524876
-1.08848,-4.31711,1.87067,0.549734
-1.10692,-4.3248,1.86962,0.574593
-1.12535,-4.33248,1.86858,0.599451
-1.14379,-4.34017,1.86754,0.62431
-1.16222,-4.34786,1.86649,0.649168
-1.18065,-4.35554,1.86545,0.674027
-1.19909,-4.36323,1.86441,0.698885
-1.21752,-4.37092,1.86337,0.723744
-1.23596,-4.3786,1.86232,0.748602
-1.25439,-4.38629,1.86128,0.773461
-1.27283,-4.39398,1.86024,0.798319
-1.25321,-4.39623,1.85704,0.756367
-1.2336,-4.39848,1.85384,0.714416
-1.21399,-4.40074,1.85064,0.672464
-1.19437,-4.40299,1.84744,0.630512
-1.17476,-4.40525,1.84424,0.588561
-1.15515,-4.4075,1.84104,0.546609
-1.13553,-4.40976,1.83784,0.504657
-1.11592,-4.41201,1.83464,0.462706
-1.09631,-4.41426,1.83144,0.420754
-1.07669,-4.41652,1.82824,0.378802
-1.05708,-4.41877,1.82504,0.336851
-1.03747,-4.42103,1.82184,0.294899
-1.01785,-4.42328,1.81864,0.252947
-0.998241,-4.42554,1.81544,0.210996
-0.978628,-4.42779,1.81224,0.169044
-0.959014,-4.43004,1.80904,0.127092
-0.939401,-4.4323,1.80584,0.0851408
-0.919788,-4.43455,1.80264,0.0431891
-0.900175,-4.43681,1.79944,0.00123747
-0.880561,-4.43906,1.79624,-0.0407142
-0.860948,-4.44132,1.79304,-0.0826658
-0.841335,-4.44357,1.78984,-0.124618
-0.821722,-4.44582,1.78664,-0.166569
-0.802108,-4.44808,1.78344,-0.208521
-0.782495,-4.45033,1.78024,-0.250472
-0.762882,-4.45259,1.77704,-0.292424
-0.743269,-4.45484,1.77384,-0.334376
-0.723655,-4.45709,1.77064,-0.376327
-0.704042,-4.45935,1.76744,-0.418279
-0.684429,-4.4616,1.76424,-0.460231
-0.664816,-4.46386,1.76104,-0.502182
-0.645202,-4.46611,1.75784,-0.544134
-0.625589,-4.46837,1.75464,-0.586086
-0.605976,-4.47062,1.75144,-0.628037
-0.586362,-4.47287,1.74824,-0.669989
-0.566749,-4.47513,1.74504,-0.711941
-0.547136,-4.47738,1.74184,-0.753892
-0.527523,-4.47964,1.73864,-0.795844
-0.507909,-4.48189,1.73544,-0.837796
-0.488296,-4.48415,1.73224,-0.879747
-0.468683,-4.4864,1.72904,-0.921699
-0.44907,-4.48865,1.72584,-0.963651
-0.429456,-4.49091,1.72264,-1.0056
-0.409843,-4.49316,1.71944,-1.04755
-0.39023,-4.49542,1.71624,-1.08951
-0.370617,-4.49767,1.71304,-1.13146
-0.351003,-4.49992,1.70984,-1.17341
-0.33139,-4.50218,1.70664,-1.21536
-0.311777,-4.50443,1.70344,-1.25731
-0.292164,-4.50669,1.70025,-1.29926
-0.302119,-4.49099,1.70763,-1.29766
-0.312075,-4.47529,1.71501,-1.29605
-0.32203,-4.4596,1.72239,-1.29444
-0.331986,-4.4439,1.72978,-1.29284
-0.341941,-4.4282,1.73716,-1.29123
-0.351897,-4.41251,1.74454,-1.28963
-0.361852,-4.39681,1.75193,-1.28802
-0.371808,-4.38112,1.75931,-1.28641
-0.381763,-4.36542,1.76669,-1.28481
-0.391718,-4.34972,1.77407,-1.2832
-0.401674,-4.33403,1.78146,-1.28159
-0.411629,-4.31833,1.78884,-1.27999
-0.421585,-4.30263,1.79622,-1.27838
-0.43154,-4.28694,1.80361,-1.27678
-0.441496,-4.27124,1.81099,-1.27517
-0.451451,-4.25554,1.81837,-1.27356
-0.461407,-4.23985,1.82576,-1.27196
-0.471362,-4.22415,1.83314,-1.27035
-0.481318,-4.20845,1.84052,-1.26874
-0.491273,-4.19276,1.8479,-1.26714
-0.501229,-4.17706,1.85529,-1.26553
-0.511184,-4.16136,1.86267,-1.26392
-0.52114,-4.14567,1.87005,-1.26232
-0.531095,-4.12997,1.87744,-1.26071
-0.541051,-4.11427,1.88482,-1.25911
-0.551006,-4.09858,1.8922,-1.2575
-0.560962,-4.08288,1.89958,-1.25589
-0.570917,-4.06718,1.90697,-1.25429
-0.580873,-4.05149,1.91435,-1.25268
-0.590828,-4.03579,1.92173,-1.25107
-0.600784,-4.0201,1.92912,-1.24947
-0.610739,-4.0044,1.9365,-1.24786
-0.620694,-3.9887,1.94388,-1.24625
-0.63065,-3.97301,1.95127,-1.24465
-0.640605,-3.95731,1.95865,-1.24304
-0.650561,-3.94161,1.96603,-1.24144
-0.660516,-3.92592,1.97341,-1.23983
-0.670472,-3.91022,1.9808,-1.23822
-0.680427,-3.89452,1.98818,-1.23662
-0.690383,-3.87883,1.99556,-1.23501
-0.700338,-3.86313,2.00295,-1.2334
-0.710294,-3.84743,2.01033,-1.2318
-0.720249,-3.83174,2.01771,-1.23019
-0.730205,-3.81604,2.02509,-1.22858
-0.74016,-3.80034,2.03248,-1.22698
-0.750116,-3.78465,2.03986,-1.22537
-0.760071,-3.76895,2.04724,-1.22377
-0.770027,-3.75325,2.05463,-1.22216
-0.779982,-3.73756,2.06201,-1.22055
-0.789938,-3.72186,2.06939,-1.21895
-0.780158,-3.70442,2.06965,-1.19448
-0.770378,-3.68697,2.06991,-1.17
-0.760598,-3.66953,2.07018,-1.14553
-0.750818,-3.65209,2.07044,-1.12106
-0.741038,-3.63464,2.0707,-1.09659
-0.731258,-3.6172,2.07096,-1.07212
-0.721479,-3.59976,2.07122,-1.04765
-0.711699,-3.58231,2.07148,-1.02317
-0.701919,-3.56487,2.07174,-0.998703
-0.692139,-3.54742,2.072,-0.974231
-0.682359,-3.52998,2.07226,-0.94976
-0.672579,-3.51254,2.07252,-0.925288
-0.662799,-3.49509,2.07278,-0.900817
-0.653019,-3.47765,2.07305,-0.876345
-0.64324,-3.4602,2.07331,-0.851874
-0.63346,-3.44276,2.07357,-0.827402
-0.62368,-3.42532,2.07383,-0.802931
-0.6139,-3.40787,2.07409,-0.778459
-0.60412,-3.39043,2.07435,-0.753988
-0.59434,-3.37299,2.07461,-0.729516
-0.58456,-3.35554,2.07487,-0.705044
-0.574781,-3.3381,2.07513,-0.680573
-0.565001,-3.32065,2.07539,-0.656101
-0.555221,-3.30321,2.07566,-0.63163
-0.545441,-3.28577,2.07592,-0.607158
-0.535661,-3.26832,2.07618,-0.582687
-0.525881,-3.25088,2.07644,-0.558215
-0.516101,-3.23344,2.0767,-0.533744
-0.506321,-3.21599,2.07696,-0.509272
-0.496542,-3.19855,2.07722,-0.4848
-0.486762,-3.1811,2.07748,-0.460329
-0.476982,-3.16366,2.07774,-0.435857
-0.467202,-3.14622,2.078,-0.411386
-0.457422,-3.12877,2.07826,-0.386914
-0.447642,-3.11133,2.07853,-0.362443
-0.437862,-3.09388,2.07879,-0.337971
-0.428083,-3.07644,2.07905,-0.3135
-0.418303,-3.059,2.07931,-0.289028
-0.408523,-3.04155,2.07957,-0.264557
-0.398743,-3.02411,2.07983,-0.240085
-0.388963,-3.00667,2.08009,-0.215613
-0.379183,-2.98922,2.08035,-0.191142
-0.369403,-2.97178,2.08061,-0.16667
-0.359623,-2.95433,2.08087,-0.142199
-0.349844,-2.93689,2.08113,-0.117727
-0.340064,-2.91945,2.0814,-0.0932558
-0.330284,-2.902,2.08166,-0.0687842
-0.320504,-2.88456,2.08192,-0.0443127
-0.310724,-2.86712,2.08218,-0.0198411
-0.300944,-2.84967,2.08244,0.00463042
-0.295503,-2.86782,2.08883,-0.0135511
-0.290061,-2.88598,2.09522,-0.0317326
-0.28462,-2.90413,2.10161,-0.0499141
-0.279178,-2.92228,2.10801,-0.0680956
-0.273737,-2.94044,2.1144,-0.0862771
-0.268295,-2.95859,2.12079,-0.104459
-0.262854,-2.97674,2.12718,-0.12264
-0.257412,-2.9949,2.13357,-0.140822
-0.251971,-3.01305,2.13997,-0.159003
-0.246529,-3.0312,2.14636,-0.177185
-0.241088,-3.04936,2.15275,-0.195366
-0.235646,-3.06751,2.15914,-0.213548
-0.230205,-3.08566,2.16553,-0.231729
-0.224763,-3.10382,2.17192,-0.249911
-0.219322,-3.12197,2.17832,-0.268092
-0.21388,-3.14012,2.18471,-0.286274
-0.208439,-3.15827,2.1911,-0.304455
-0.202997,-3.17643,2.19749,-0.322637
-0.197556,-3.19458,2.20388,-0.340818
-0.192114,-3.21273,2.21028,-0.359
-0.186673,-3.23089,2.21667,-0.377181
-0.181231,-3.24904,2.22306,-0.395363
-0.17579,-3.26719,2.22945,-0.413544
-0.170348,-3.28535,2.23584,-0.431726
-0.164907,-3.3035,2.24223,-0.449907
-0.159465,-3.32165,2.24863,-0.468089
-0.154024,-3.33981,2.25502,-0.48627
-0.148582,-3.35796,2.26141,-0.504452
-0.143141,-3.37611,2.2678,-0.522633
-0.137699,-3.39426,2.27419,-0.540815
-0.132258,-3.41242,2.28058,-0.558996
-0.126816,-3.43057,2.28698,-0.577178
-0.121375,-3.44872,2.29337,-0.595359
-0.115933,-3.46688,2.29976,-0.613541
-0.110492,-3.48503,2.30615,-0.631722
-0.10505,-3.50318,2.31254,-0.649904
-0.0996089,-3.52134,2.31894,-0.668085
-0.0941674,-3.53949,2.32533,-0.686267
-0.0887259,-3.55764,2.33172,-0.704448
-0.0832844,-3.5758,2.33811,-0.72263
-0.0778429,-3.59395,2.3445,-0.740811
-0.0724014,-3.6121,2.35089,-0.758993
-0.0669599,-3.63026,2.35729,-0.777175
-0.0615184,-3.64841,2.36368,-0.795356
-0.0560769,-3.66656,2.37007,-0.813538
-0.0506354,-3.68471,2.37646,-0.831719
-0.0451939,-3.70287,2.38285,-0.849901
-0.0397524,-3.72102,2.38925