-0.500313,-0.5,1.02346,-3.14149
-0.511937,-0.483725,1.02335,-3.09584
-0.52356,-0.46745,1.02324,-3.05019
-0.535184,-0.451174,1.02313,-3.00453
-0.546808,-0.434899,1.02302,-2.95888
-0.558431,-0.418624,1.02291,-2.91322
-0.570055,-0.402349,1.0228,-2.86757
-0.581678,-0.386074,1.02269,-2.82192
-0.593302,-0.369799,1.02258,-2.77626
-0.604926,-0.353524,1.02248,-2.73061
-0.616549,-0.337249,1.02237,-2.68495
-0.628173,-0.320974,1.02226,-2.6393
-0.639797,-0.304698,1.02215,-2.59365
-0.65142,-0.288423,1.02204,-2.54799
-0.663044,-0.272148,1.02193,-2.50234
-0.674667,-0.255873,1.02182,-2.45668
-0.686291,-0.239598,1.02171,-2.41103
-0.697915,-0.223323,1.0216,-2.36538
-0.709538,-0.207048,1.02149,-2.31972
-0.721162,-0.190773,1.02138,-2.27407
-0.732786,-0.174497,1.02128,-2.22841
-0.744409,-0.158222,1.02117,-2.18276
-0.756033,-0.141947,1.02106,-2.13711
-0.767656,-0.125672,1.02095,-2.09145
-0.77928,-0.109397,1.02084,-2.0458
-0.790904,-0.0931219,1.02073,-2.00014
-0.802527,-0.0768468,1.02062,-1.95449
-0.814151,-0.0605717,1.02051,-1.90884
-0.825775,-0.0442965,1.0204,-1.86318
-0.837398,-0.0280214,1.02029,-1.81753
-0.849022,-0.0117463,1.02019,-1.77187
-0.860646,0.0045288,1.02008,-1.72622
-0.872269,0.0208039,1.01997,-1.68057
-0.883893,0.037079,1.01986,-1.63491
-0.895516,0.0533542,1.01975,-1.58926
-0.90714,0.0696293,1.01964,-1.5436
-0.918764,0.0859044,1.01953,-1.49795
-0.930387,0.102179,1.01942,-1.4523
-0.942011,0.118455,1.01931,-1.40664
-0.953635,0.13473,1.0192,-1.36099
-0.965258,0.151005,1.01909,-1.31533
-0.976882,0.16728,1.01899,-1.26968
-0.988505,0.183555,1.01888,-1.22403
-1.00013,0.19983,1.01877,-1.17837
-1.01175,0.216105,1.01866,-1.13272
-1.02338,0.23238,1.01855,-1.08706
-1.035,0.248656,1.01844,-1.04141
-1.04662,0.264931,1.01833,-0.995757
-1.05825,0.281206,1.01822,-0.950103
-1.06987,0.297481,1.01811,-0.904449
-1.08149,0.313756,1.018,-0.858795
-1.10103,0.312493,1.02212,-0.839601
-1.12056,0.31123,1.02624,-0.820408
-1.14009,0.309967,1.03035,-0.801214
-1.15962,0.308704,1.03447,-0.782021
-1.17915,0.307441,1.03859,-0.762827
-1.19868,0.306178,1.0427,-0.743634
-1.21821,0.304915,1.04682,-0.72444
-1.23774,0.303652,1.05094,-0.705247
-1.25727,0.302389,1.05505,-0.686053
-1.2768,0.301126,1.05917,-0.666859
-1.29633,0.299863,1.06329,-0.647666
-1.31587,0.2986,1.0674,-0.628472
-1.3354,0.297337,1.07152,-0.609279
-1.35493,0.296074,1.07564,-0.590085
-1.37446,0.294811,1.07975,-0.570892
-1.39399,0.293547,1.08387,-0.551698
-1.41352,0.292284,1.08799,-0.532505
-1.43305,0.291021,1.09211,-0.513311
-1.45258,0.289758,1.09622,-0.494118
-1.47211,0.288495,1.10034,-0.474924
-1.49164,0.287232,1.10446,-0.455731
-1.51117,0.285969,1.10857,-0.436537
-1.53071,0.284706,1.11269,-0.417344
-1.55024,0.283443,1.11681,-0.39815
-1.56977,0.28218,1.12092,-0.378957
-1.5893,0.280917,1.12504,-0.359763
-1.60883,0.279654,1.12916,-0.340569
-1.62836,0.278391,1.13327,-0.321376
-1.64789,0.277128,1.13739,-0.302182
-1.66742,0.275865,1.14151,-0.282989
-1.68695,0.274602,1.14562,-0.263795
-1.70648,0.273339,1.14974,-0.244602
-1.72601,0.272076,1.15386,-0.225408
-1.74555,0.270813,1.15797,-0.206215
-1.76508,0.26955,1.16209,-0.187021
-1.78461,0.268287,1.16621,-0.167828
-1.80414,0.267024,1.17032,-0.148634
-1.82367,0.265761,1.17444,-0.129441
-1.8432,0.264498,1.17856,-0.110247
-1.86273,0.263235,1.18267,-0.0910536
-1.88226,0.261972,1.18679,-0.07186
-1.90179,0.260709,1.19091,-0.0526665
-1.92132,0.259446,1.19502,-0.033473
-1.94086,0.258183,1.19914,-0.0142794
-1.96039,0.25692,1.20326,0.00491408
-1.97992,0.255657,1.20737,0.0241076
-1.99945,0.254394,1.21149,0.0433011
-2.01898,0.25313,1.21561,0.0624947
-2.03851,0.251867,1.21972,0.0816882
-2.05804,0.250604,1.22384,0.100882
-2.0645,0.269469,1.22231,0.080853
-2.07097,0.288333,1.22077,0.0608243
-2.07743,0.307198,1.21923,0.0407955
-2.08389,0.326062,1.2177,0.0207668
-2.09036,0.344927,1.21616,0.00073806
-2.09682,0.363791,1.21463,-0.0192907
-2.10328,0.382656,1.21309,-0.0393194
-2.10975,0.40152,1.21155,-0.0593481
-2.11621,0.420385,1.21002,-0.0793769
-2.12267,0.439249,1.20848,-0.0994056
-2.12913,0.458114,1.20695,-0.119434
-2.1356,0.476979,1.20541,-0.139463
-2.14206,0.495843,1.20388,-0.159492
-2.14852,0.514708,1.20234,-0.179521
-2.15499,0.533572,1.2008,-0.199549
-2.16145,0.552437,1.19927,-0.219578
-2.16791,0.571301,1.19773,-0.239607
-2.17438,0.590166,1.1962,-0.259635
-2.18084,0.60903,1.19466,-0.279664
-2.1873,0.627895,1.19312,-0.299693
-2.19377,0.646759,1.19159,-0.319722
-2.20023,0.665624,1.19005,-0.33975
-2.20669,0.684488,1.18852,-0.359779
-2.21315,0.703353,1.18698,-0.379808
-2.21962,0.722217,1.18545,-0.399837
-2.22608,0.741082,1.18391,-0.419865
-2.23254,0.759946,1.18237,-0.439894
-2.23901,0.778811,1.18084,-0.459923
-2.24547,0.797675,1.1793,-0.479952
-2.25193,0.81654,1.17777,-0.49998
-2.2584,0.835404,1.17623,-0.520009
-2.26486,0.854269,1.17469,-0.540038
-2.27132,0.873133,1.17316,-0.560067
-2.27779,0.891998,1.17162,-0.580095
-2.28425,0.910862,1.17009,-0.600124
-2.29071,0.929727,1.16855,-0.620153
-2.29718,0.948591,1.16702,-0.640181
-2.30364,0.967456,1.16548,-0.66021
-2.3101,0.98632,1.16394,-0.680239
-2.31656,1.00518,1.16241,-0.700268
-2.32303,1.02405,1.16087,-0.720296
-2.32949,1.04291,1.15934,-0.740325
-2.33595,1.06178,1.1578,-0.760354
-2.34242,1.08064,1.15626,-0.780383
-2.34888,1.09951,1.15473,-0.800411
-2.35534,1.11837,1.15319,-0.82044
-2.36181,1.13724,1.15166,-0.840469
-2.36827,1.1561,1.15012,-0.860498
-2.37473,1.17497,1.14858,-0.880526
-2.3812,1.19383,1.14705,-0.900555
-2.39951,1.20181,1.14612,-0.879259
-2.41782,1.2098,1.14519,-0.857962
-2.43614,1.21778,1.14426,-0.836666
-2.45445,1.22577,1.14333,-0.815369
-2.47276,1.23375,1.1424,-0.794073
-2.49108,1.24174,1.14147,-0.772776
-2.50939,1.24972,1.14054,-0.75148
-2.5277,1.25771,1.13961,-0.730183
-2.54602,1.26569,1.13868,-0.708887
-2.56433,1.27367,1.13775,-0.687591
-2.58264,1.28166,1.13682,-0.666294
-2.60096,1.28964,1.13589,-0.644998
-2.61927,1.29763,1.13496,-0.623701
-2.63758,1.30561,1.13404,-0.602405
-2.6559,1.3136,1.13311,-0.581108
-2.67421,1.32158,1.13218,-0.559812
-2.69252,1.32957,1.13125,-0.538515
-2.71084,1.33755,1.13032,-0.517219
-2.72915,1.34554,1.12939,-0.495923
-2.74746,1.35352,1.12846,-0.474626
-2.76578,1.3615,1.12753,-0.45333
-2.78409,1.36949,1.1266,-0.432033
-2.80241,1.37747,1.12567,-0.410737
-2.82072,1.38546,1.12474,-0.38944
-2.83903,1.39344,1.12381,-0.368144
-2.85735,1.40143,1.12288,-0.346848
-2.87566,1.40941,1.12195,-0.325551
-2.89397,1.4174,1.12102,-0.304255
-2.91229,1.42538,1.12009,-0.282958
-2.9306,1.43336,1.11916,-0.261662
-2.94891,1.44135,1.11823,-0.240365
-2.96723,1.44933,1.1173,-0.219069
-2.98554,1.45732,1.11637,-0.197772
-3.00385,1.4653,1.11544,-0.176476
-3.02217,1.47329,1.11451,-0.15518
-3.04048,1.48127,1.11359,-0.133883
-3.05879,1.48926,1.11266,-0.112587
-3.07711,1.49724,1.11173,-0.0912902
-3.09542,1.50523,1.1108,-0.0699938
-3.11373,1.51321,1.10987,-0.0486973
-3.13205,1.52119,1.10894,-0.0274009
-3.15036,1.52918,1.10801,-0.00610446
-3.16868,1.53716,1.10708,0.015192
-3.18699,1.54515,1.10615,0.0364884
-3.2053,1.55313,1.10522,0.0577849
-3.22362,1.56112,1.10429,0.0790813
-3.24193,1.5691,1.10336,0.100378
-3.26024,1.57709,1.10243,0.121674
-3.27856,1.58507,1.1015,0.142971
-3.29687,1.59305,1.10057,0.164267
-3.31203,1.60609,1.10099,0.13115
-3.32719,1.61913,1.1014,0.0980325
-3.34236,1.63216,1.10182,0.0649152
-3.35752,1.6452,1.10223,0.0317979
-3.37268,1.65823,1.10265,-0.0013194
-3.38784,1.67127,1.10307,-0.0344367
-3.403,1.68431,1.10348,-0.067554
-3.41817,1.69734,1.1039,-0.100671
-3.43333,1.71038,1.10431,-0.133789
-3.44849,1.72341,1.10473,-0.166906
-3.46365,1.73645,1.10514,-0.200023
-3.47882,1.74949,1.10556,-0.23314
-3.49398,1.76252,1.10598,-0.266258
-3.50914,1.77556,1.10639,-0.299375
-3.5243,1.78859,1.10681,-0.332492
-3.53946,1.80163,1.10722,-0.36561
-3.55463,1.81467,1.10764,-0.398727
-3.56979,1.8277,1.10805,-0.431844
-3.58495,1.84074,1.10847,-0.464962
-3.60011,1.85377,1.10889,-0.498079
-3.61527,1.86681,1.1093,-0.531196
-3.63044,1.87985,1.10972,-0.564313
-3.6456,1.89288,1.11013,-0.597431
-3.66076,1.90592,1.11055,-0.630548
-3.67592,1.91895,1.11096,-0.663665
-3.69108,1.93199,1.11138,-0.696783
-3.70625,1.94503,1.1118,-0.7299
-3.72141,1.95806,1.11221,-0.763017
-3.73657,1.9711,1.11263,-0.796134
-3.75173,1.98413,1.11304,-0.829252
-3.7669,1.99717,1.11346,-0.862369
-3.78206,2.01021,1.11387,-0.895486
-3.79722,2.02324,1.11429,-0.928604
-3.81238,2.03628,1.11471,-0.961721
-3.82754,2.04931,1.11512,-0.994838
-3.84271,2.06235,1.11554,-1.02796
-3.85787,2.07539,1.11595,-1.06107
-3.87303,2.08842,1.11637,-1.09419
-3.88819,2.10146,1.11678,-1.12731
-3.90335,2.11449,1.1172,-1.16042
-3.91852,2.12753,1.11762,-1.19354
-3.93368,2.14057,1.11803,-1.22666
-3.94884,2.1536,1.11845,-1.25978
-3.964,2.16664,1.11886,-1.29289
-3.97917,2.17967,1.11928,-1.32601
-3.99433,2.19271,1.11969,-1.35913
-4.00949,2.20575,1.12011,-1.39225
-4.02465,2.21878,1.12052,-1.42536
-4.03981,2.23182,1.12094,-1.45848
-4.05498,2.24485,1.12136,-1.4916
-4.06111,2.26286,1.12754,-1.48513
-4.06725,2.28086,1.13372,-1.47867
-4.07338,2.29887,1.1399,-1.4722
-4.07952,2.31687,1.14608,-1.46574
-4.08565,2.33487,1.15226,-1.45927
-4.09179,2.35288,1.15844,-1.45281
-4.09793,2.37088,1.16462,-1.44634
-4.10406,2.38889,1.17081,-1.43988
-4.1102,2.40689,1.17699,-1.43341
-4.11633,2.42489,1.18317,-1.42695
-4.12247,2.4429,1.18935,-1.42048
-4.12861,2.4609,1.19553,-1.41402
-4.13474,2.47891,1.20171,-1.40755
-4.14088,2.49691,1.20789,-1.40109
-4.14701,2.51491,1.21407,-1.39462
-4.15315,2.53292,1.22026,-1.38816
-4.15928,2.55092,1.22644,-1.38169
-4.16542,2.56893,1.23262,-1.37523
-4.17156,2.58693,1.2388,-1.36876
-4.17769,2.60493,1.24498,-1.3623
-4.18383,2.62294,1.25116,-1.35583
-4.18996,2.64094,1.25734,-1.34937
-4.1961,2.65895,1.26352,-1.3429
-4.20223,2.67695,1.26971,-1.33644
-4.20837,2.69496,1.27589,-1.32997
-4.21451,2.71296,1.28207,-1.32351
-4.22064,2.73096,1.28825,-1.31704
-4.22678,2.74897,1.29443,-1.31058
-4.23291,2.76697,1.30061,-1.30411
-4.23905,2.78498,1.30679,-1.29764
-4.24518,2.80298,1.31297,-1.29118
-4.25132,2.82098,1.31915,-1.28471
-4.25746,2.83899,1.32534,-1.27825
-4.26359,2.85699,1.33152,-1.27178
-4.26973,2.875,1.3377,-1.26532
-4.27586,2.893,1.34388,-1.25885
-4.282,2.911,1.35006,-1.25239
-4.28814,2.92901,1.35624,-1.24592
-4.29427,2.94701,1.36242,-1.23946
-4.30041,2.96502,1.3686,-1.23299
-4.30654,2.98302,1.37479,-1.22653
-4.31268,3.00102,1.38097,-1.22006
-4.31881,3.01903,1.38715,-1.2136
-4.32495,3.03703,1.39333,-1.20713
-4.33109,3.05504,1.39951,-1.20067
-4.33722,3.07304,1.40569,-1.1942
-4.34336,3.09104,1.41187,-1.18774
-4.34949,3.10905,1.41805,-1.18127
-4.35563,3.12705,1.42424,-1.17481
-4.36176,3.14506,1.43042,-1.16834
-4.36817,3.12622,1.4284,-1.13595
-4.37458,3.10738,1.42638,-1.10355
-4.38099,3.08854,1.42436,-1.07115
-4.3874,3.06971,1.42233,-1.03876
-4.39381,3.05087,1.42031,-1.00636
-4.40021,3.03203,1.41829,-0.973961
-4.40662,3.01319,1.41627,-0.941564
-4.41303,2.99436,1.41425,-0.909167
-4.41944,2.97552,1.41223,-0.87677
-4.42585,2.95668,1.41021,-0.844373
-4.43226,2.93784,1.40819,-0.811976
-4.43866,2.91901,1.40617,-0.779579
-4.44507,2.90017,1.40415,-0.747182
-4.45148,2.88133,1.40213,-0.714785
-4.45789,2.86249,1.40011,-0.682388
-4.4643,2.84366,1.39809,-0.649991
-4.4707,2.82482,1.39607,-0.617594
-4.47711,2.80598,1.39405,-0.585197
-4.48352,2.78714,1.39203,-0.5528
-4.48993,2.76831,1.39001,-0.520403
-4.49634,2.74947,1.38799,-0.488006
-4.50275,2.73063,1.38597,-0.455609
-4.50915,2.71179,1.38395,-0.423212
-4.51556,2.69296,1.38193,-0.390815
-4.52197,2.67412,1.37991,-0.358418
-4.52838,2.65528,1.37789,-0.326021
-4.53479,2.63644,1.37587,-0.293624
-4.5412,2.61761,1.37385,-0.261227
-4.5476,2.59877,1.37183,-0.22883
-4.55401,2.57993,1.3698,-0.196433
-4.56042,2.56109,1.36778,-0.164036
-4.56683,2.54226,1.36576,-0.131639
-4.57324,2.52342,1.36374,-0.0992422
-4.57965,2.50458,1.36172,-0.0668452
-4.58605,2.48574,1.3597,-0.0344482
-4.59246,2.46691,1.35768,-0.00205122
-4.59887,2.44807,1.35566,0.0303458
-4.60528,2.42923,1.35364,0.0627428
-4.61169,2.41039,1.35162,0.0951398
-4.61809,2.39155,1.3496,0.127537
-4.6245,2.37272,1.34758,0.159934
-4.63091,2.35388,1.34556,0.192331
-4.63732,2.33504,1.34354,0.224728
-4.64373,2.3162,1.34152,0.257125
-4.65014,2.29737,1.3395,0.289522
-4.65654,2.27853,1.33748,0.321919
-4.66295,2.25969,1.33546,0.354316
-4.66936,2.24085,1.33344,0.386713
-4.67577,2.22202,1.33142,0.41911
-4.68218,2.20318,1.3294,0.451507
-4.66777,2.19005,1.33385,0.501902
-4.65335,2.17691,1.3383,0.552297
-4.63894,2.16378,1.34275,0.602691
-4.62453,2.15064,1.34719,0.653086
-4.61012,2.13751,1.35164,0.703481
-4.59571,2.12437,1.35609,0.753876
-4.5813,2.11124,1.36054,0.804271
-4.56689,2.0981,1.36499,0.854666
-4.55248,2.08497,1.36944,0.905061
-4.53807,2.07183,1.37389,0.955456
-4.52365,2.0587,1.37834,1.00585
-4.50924,2.04556,1.38279,1.05625
-4.49483,2.03243,1.38724,1.10664
-4.48042,2.01929,1.39169,1.15704
-4.46601,2.00616,1.39614,1.20743
-4.4516,1.99303,1.40059,1.25783
-4.43719,1.97989,1.40504,1.30822
-4.42278,1.96676,1.40949,1.35862
-4.40836,1.95362,1.41394,1.40901
-4.39395,1.94049,1.41839,1.4594
-4.37954,1.92735,1.42284,1.5098
-4.36513,1.91422,1.42729,1.56019
-4.35072,1.90108,1.43173,1.61059
-4.33631,1.88795,1.43618,1.66098
-4.3219,1.87481,1.44063,1.71138
-4.30749,1.86168,1.44508,1.76177
-4.29307,1.84854,1.44953,1.81217
-4.27866,1.83541,1.45398,1.86256
-4.26425,1.82227,1.45843,1.91296
-4.24984,1.80914,1.46288,1.96335
-4.23543,1.79601,1.46733,2.01375
-4.22102,1.78287,1.47178,2.06414
-4.20661,1.76974,1.47623,2.11454
-4.1922,1.7566,1.48068,2.16493
-4.17778,1.74347,1.48513,2.21533
-4.16337,1.73033,1.48958,2.26572
-4.14896,1.7172,1.49403,2.31612
-4.13455,1.70406,1.49848,2.36651
-4.12014,1.69093,1.50293,2.41691
-4.10573,1.67779,1.50738,2.4673
-4.09132,1.66466,1.51182,2.5177
-4.07691,1.65152,1.51627,2.56809
-4.0625,1.63839,1.52072,2.61849
-4.04808,1.62525,1.52517,2.66888
-4.03367,1.61212,1.52962,2.71928
-4.01926,1.59899,1.53407,2.76967
-4.00485,1.58585,1.53852,2.82007
-3.99044,1.57272,1.54297,2.87046
-3.97603,1.55958,1.54742,2.92086
-3.96162,1.54645,1.55187,2.97125
-3.9511,1.56235,1.54583,3.02376
-3.94058,1.57825,1.53979,3.07626
-3.93006,1.59415,1.53376,3.12876
-3.91954,1.61005,1.52772,-3.10192
-3.90902,1.62596,1.52168,-3.04942
-3.8985,1.64186,1.51564,-2.99691
-3.88798,1.65776,1.50961,-2.94441
-3.87746,1.67366,1.50357,-2.89191
-3.86694,1.68956,1.49753,-2.83941
-3.85641,1.70547,1.49149,-2.7869
-3.84589,1.72137,1.48546,-2.7344
-3.83537,1.73727,1.47942,-2.6819
-3.82485,1.75317,1.47338,-2.62939
-3.81433,1.76907,1.46734,-2.57689
-3.80381,1.78498,1.46131,-2.52439
-3.79329,1.80088,1.45527,-2.47188
-3.78277,1.81678,1.44923,-2.41938
-3.77225,1.83268,1.44319,-2.36688
-3.76173,1.84859,1.43716,-2.31437
-3.75121,1.86449,1.43112,-2.26187
-3.74069,1.88039,1.42508,-2.20937
-3.73017,1.89629,1.41904,-2.15686
-3.71965,1.91219,1.41301,-2.10436
-3.70913,1.9281,1.40697,-2.05186
-3.69861,1.944,1.40093,-1.99936
-3.68809,1.9599,1.39489,-1.94685
-3.67757,1.9758,1.38886,-1.89435
-3.66705,1.9917,1.38282,-1.84185
-3.65653,2.00761,1.37678,-1.78934
-3.64601,2.02351,1.37074,-1.73684
-3.63549,2.03941,1.36471,-1.68434
-3.62497,2.05531,1.35867,-1.63183
-3.61445,2.07121,1.35263,-1.57933
-3.60393,2.08712,1.34659,-1.52683
-3.59341,2.10302,1.34056,-1.47432
-3.58289,2.11892,1.33452,-1.42182
-3.57237,2.13482,1.32848,-1.36932
-3.56185,2.15072,1.32244,-1.31681
-3.55133,2.16663,1.31641,-1.26431
-3.54081,2.18253,1.31037,-1.21181
-3.53029,2.19843,1.30433,-1.15931
-3.51977,2.21433,1.29829,-1.1068
-3.50925,2.23023,1.29226,-1.0543
-3.49873,2.24614,1.28622,-1.0018
-3.48821,2.26204,1.28018,-0.949293
-3.47769,2.27794,1.27414,-0.89679
-3.46717,2.29384,1.26811,-0.844287
-3.45665,2.30974,1.26207,-0.791784
-3.44613,2.32565,1.25603,-0.739281
-3.43561,2.34155,1.24999,-0.686777
-3.41639,2.34708,1.24968,-0.639545
-3.39717,2.35261,1.24937,-0.592312
-3.37796,2.35814,1.24906,-0.54508
-3.35874,2.36368,1.24874,-0.497847
-3.33952,2.36921,1.24843,-0.450614
-3.3203,2.37474,1.24812,-0.403382
-3.30109,2.38027,1.24781,-0.356149
-3.28187,2.3858,1.24749,-0.308916
-3.26265,2.39134,1.24718,-0.261684
-3.24344,2.39687,1.24687,-0.214451
-3.22422,2.4024,1.24655,-0.167218
-3.205,2.40793,1.24624,-0.119986
-3.18578,2.41346,1.24593,-0.0727532
-3.16657,2.419,1.24562,-0.0255206
-3.14735,2.42453,1.2453,0.021712
-3.12813,2.43006,1.24499,0.0689447
-3.10892,2.43559,1.24468,0.116177
-3.0897,2.44112,1.24437,0.16341
-3.07048,2.44666,1.24405,0.210643
-3.05126,2.45219,1.24374,0.257875
-3.03205,2.45772,1.24343,0.305108
-3.01283,2.46325,1.24311,0.35234
-2.99361,2.46878,1.2428,0.399573
-2.9744,2.47432,1.24249,0.446806
-2.95518,2.47985,1.24218,0.494038
-2.93596,2.48538,1.24186,0.541271
-2.91674,2.49091,1.24155,0.588504
-2.89753,2.49644,1.24124,0.635736
-2.87831,2.50198,1.24093,0.682969
-2.85909,2.50751,1.24061,0.730202
-2.83988,2.51304,1.2403,0.777434
-2.82066,2.51857,1.23999,0.824667
-2.80144,2.5241,1.23967,0.871899
-2.78222,2.52964,1.23936,0.919132
-2.76301,2.53517,1.23905,0.966365
-2.74379,2.5407,1.23874,1.0136
-2.72457,2.54623,1.23842,1.06083
-2.70536,2.55176,1.23811,1.10806
-2.68614,2.5573,1.2378,1.1553
-2.66692,2.56283,1.23749,1.20253
-2.6477,2.56836,1.23717,1.24976
-2.62849,2.57389,1.23686,1.29699
-2.60927,2.57942,1.23655,1.34423
-2.59005,2.58496,1.23624,1.39146
-2.57084,2.59049,1.23592,1.43869
-2.55162,2.59602,1.23561,1.48592
-2.5324,2.60155,1.2353,1.53316
-2.51318,2.60709,1.23498,1.58039
-2.49397,2.61262,1.23467,1.62762
-2.47475,2.61815,1.23436,1.67485
-2.48647,2.63231,1.24224,1.72555
-2.4982,2.64647,1.25012,1.77624
-2.50992,2.66062,1.258,1.82693
-2.52164,2.67478,1.26588,1.87762
-2.53337,2.68894,1.27376,1.92832
-2.54509,2.7031,1.28164,1.97901
-2.55681,2.71726,1.28953,2.0297
-2.56853,2.73142,1.29741,2.08039
-2.58026,2.74557,1.30529,2.13109
-2.59198,2.75973,1.31317,2.18178
-2.6037,2.77389,1.32105,2.23247
-2.61543,2.78805,1.32893,2.28317
-2.62715,2.80221,1.33681,2.33386
-2.63887,2.81637,1.34469,2.38455
-2.6506,2.83053,1.35257,2.43524
-2.66232,2.84468,1.36045,2.48594
-2.67404,2.85884,1.36833,2.53663
-2.68577,2.873,1.37622,2.58732
-2.69749,2.88716,1.3841,2.63801
-2.70921,2.90132,1.39198,2.68871
-2.72093,2.91548,1.39986,2.7394
-2.73266,2.92963,1.40774,2.79009
-2.74438,2.94379,1.41562,2.84078
-2.7561,2.95795,1.4235,2.89148
-2.76783,2.97211,1.43138,2.94217
-2.77955,2.98627,1.43926,2.99286
-2.79127,3.00043,1.44714,3.04355
-2.803,3.01458,1.45502,3.09425
-2.81472,3.02874,1.46291,-3.13825
-2.82644,3.0429,1.47079,-3.08755
-2.83817,3.05706,1.47867,-3.03686
-2.84989,3.07122,1.48655,-2.98617
-2.86161,3.08538,1.49443,-2.93548
-2.87333,3.09954,1.50231,-2.88478
-2.88506,3.11369,1.51019,-2.83409
-2.89678,3.12785,1.51807,-2.7834
-2.9085,3.14201,1.52595,-2.73271
-2.92023,3.15617,1.53383,-2.68201
-2.93195,3.17033,1.54171,-2.63132
-2.94367,3.18449,1.5496,-2.58063
-2.9554,3.19864,1.55748,-2.52994
-2.96712,3.2128,1.56536,-2.47924
-2.97884,3.22696,1.57324,-2.42855
-2.99057,3.24112,1.58112,-2.37786
-3.00229,3.25528,1.589,-2.32716
-3.01401,3.26944,1.59688,-2.27647
-3.02573,3.28359,1.60476,-2.22578
-3.03746,3.29775,1.61264,-2.17509
-3.04918,3.31191,1.62052,-2.12439
-3.0609,3.32607,1.6284,-2.0737
-3.06179,3.30609,1.62873,-2.10658
-3.06267,3.28611,1.62905,-2.13946
-3.06356,3.26614,1.62938,-2.17234
-3.06444,3.24616,1.6297,-2.20522
-3.06533,3.22618,1.63003,-2.2381
-3.06621,3.2062,1.63036,-2.27098
-3.0671,3.18623,1.63068,-2.30386
-3.06798,3.16625,1.63101,-2.33674
-3.06886,3.14627,1.63133,-2.36962
-3.06975,3.12629,1.63166,-2.4025
-3.07063,3.10631,1.63198,-2.43538
-3.07152,3.08634,1.63231,-2.46825
-3.0724,3.06636,1.63263,-2.50113
-3.07329,3.04638,1.63296,-2.53401
-3.07417,3.0264,1.63328,-2.56689
-3.07505,3.00643,1.63361,-2.59977
-3.07594,2.98645,1.63393,-2.63265
-3.07682,2.96647,1.63426,-2.66553
-3.07771,2.94649,1.63458,-2.69841
-3.07859,2.92651,1.63491,-2.73129
-3.07948,2.90654,1.63523,-2.76417
-3.08036,2.88656,1.63556,-2.79705
-3.08125,2.86658,1.63588,-2.82993
-3.08213,2.8466,1.63621,-2.86281
-3.08301,2.82663,1.63653,-2.89569
-3.0839,2.80665,1.63686,-2.92857
-3.08478,2.78667,1.63718,-2.96145
-3.08567,2.76669,1.63751,-2.99433
-3.08655,2.74671,1.63783,-3.0272
-3.08744,2.72674,1.63816,-3.06008
-3.08832,2.70676,1.63848,-3.09296
-3.08921,2.68678,1.63881,-3.12584
-3.09009,2.6668,1.63914,3.12446
-3.09097,2.64682,1.63946,3.09158
-3.09186,2.62685,1.63979,3.0587
-3.09274,2.60687,1.64011,3.02582
-3.09363,2.58689,1.64044,2.99295
-3.09451,2.56691,1.64076,2.96007
-3.0954,2.54694,1.64109,2.92719
-3.09628,2.52696,1.64141,2.89431
-3.09717,2.50698,1.64174,2.86143
-3.09805,2.487,1.64206,2.82855
-3.09893,2.46702,1.64239,2.79567
-3.09982,2.44705,1.64271,2.76279
-3.1007,2.42707,1.64304,2.72991
-3.10159,2.40709,1.64336,2.69703
-3.10247,2.38711,1.64369,2.66415
-3.10336,2.36714,1.64401,2.63127
-3.10424,2.34716,1.64434,2.59839
-3.10513,2.32718,1.64466,2.56551
-3.10857,2.34684,1.64343,2.53911
-3.11201,2.36651,1.6422,2.51271
-3.11545,2.38617,1.64097,2.48631
-3.1189,2.40583,1.63974,2.45991
-3.12234,2.42549,1.6385,2.43351
-3.12578,2.44516,1.63727,2.40712
-3.12922,2.46482,1.63604,2.38072
-3.13267,2.48448,1.63481,2.35432
-3.13611,2.50415,1.63358,2.32792
-3.13955,2.52381,1.63234,2.30152
-3.143,2.54347,1.63111,2.27512
-3.14644,2.56314,1.62988,2.24872
-3.14988,2.5828,1.62865,2.22232
-3.15332,2.60246,1.62742,2.19592
-3.15677,2.62212,1.62618,2.16952
-3.16021,2.64179,1.62495,2.14312
-3.16365,2.66145,1.62372,2.11672
-3.1671,2.68111,1.62249,2.09032
-3.17054,2.70078,1.62126,2.06392
-3.17398,2.72044,1.62002,2.03752
-3.17742,2.7401,1.61879,2.01112
-3.18087,2.75976,1.61756,1.98472
-3.18431,2.77943,1.61633,1.95832
-3.18775,2.79909,1.6151,1.93192
-3.19119,2.81875,1.61386,1.90552
-3.19464,2.83842,1.61263,1.87912
-3.19808,2.85808,1.6114,1.85272
-3.20152,2.87774,1.61017,1.82632
-3.20497,2.8974,1.60894,1.79992
-3.20841,2.91707,1.6077,1.77352
-3.21185,2.93673,1.60647,1.74712
-3.21529,2.95639,1.60524,1.72073
-3.21874,2.97606,1.60401,1.69433
-3.22218,2.99572,1.60278,1.66793
-3.22562,3.01538,1.60155,1.64153
-3.22906,3.03504,1.60031,1.61513
-3.23251,3.05471,1.59908,1.58873
-3.23595,3.07437,1.59785,1.56233
-3.23939,3.09403,1.59662,1.53593
-3.24284,3.1137,1.59539,1.50953
-3.24628,3.13336,1.59415,1.48313
-3.24972,3.15302,1.59292,1.45673
-3.25316,3.17269,1.59169,1.43033
-3.25661,3.19235,1.59046,1.40393
-3.26005,3.21201,1.58923,1.37753
-3.26349,3.23167,1.58799,1.35113
-3.26694,3.25134,1.58676,1.32473
-3.27038,3.271,1.58553,1.29833
-3.27382,3.29066,1.5843,1.27193
-3.27726,3.31033,1.58307,1.24553
-3.26261,3.29702,1.58019,1.30614
-3.24796,3.28371,1.57732,1.36676
-3.23331,3.27041,1.57444,1.42737
-3.21866,3.2571,1.57157,1.48798
-3.204,3.24379,1.5687,1.54859
-3.18935,3.23049,1.56582,1.60921
-3.1747,3.21718,1.56295,1.66982
-3.16005,3.20387,1.56007,1.73043
-3.1454,3.19057,1.5572,1.79104
-3.13074,3.17726,1.55433,1.85166
-3.11609,3.16395,1.55145,1.91227
-3.10144,3.15065,1.54858,1.97288
-3.08679,3.13734,1.5457,2.03349
-3.07214,3.12403,1.54283,2.0941
-3.05749,3.11073,1.53996,2.15472
-3.04283,3.09742,1.53708,2.21533
-3.02818,3.08412,1.53421,2.27594
-3.01353,3.07081,1.53133,2.33655
-2.99888,3.0575,1.52846,2.39717
-2.98423,3.0442,1.52559,2.45778
-2.96957,3.03089,1.52271,2.51839
-2.95492,3.01758,1.51984,2.579
-2.94027,3.00428,1.51696,2.63961
-2.92562,2.99097,1.51409,2.70023
-2.91097,2.97766,1.51122,2.76084
-2.89631,2.96436,1.50834,2.82145
-2.88166,2.95105,1.50547,2.88206
-2.86701,2.93774,1.50259,2.94268
-2.85236,2.92444,1.49972,3.00329
-2.83771,2.91113,1.49685,3.0639
-2.82306,2.89782,1.49397,3.12451
-2.8084,2.88452,1.4911,-3.09806
-2.79375,2.87121,1.48822,-3.03745
-2.7791,2.8579,1.48535,-2.97684
-2.76445,2.8446,1.48247,-2.91622
-2.7498,2.83129,1.4796,-2.85561
-2.73514,2.81799,1.47673,-2.795
-2.72049,2.80468,1.47385,-2.73439
-2.70584,2.79137,1.47098,-2.67377
-2.69119,2.77807,1.4681,-2.61316
-2.67654,2.76476,1.46523,-2.55255
-2.66188,2.75145,1.46236,-2.49194
-2.64723,2.73815,1.45948,-2.43133
-2.63258,2.72484,1.45661,-2.37071
-2.61793,2.71153,1.45373,-2.3101
-2.60328,2.69823,1.45086,-2.24949
-2.58863,2.68492,1.44799,-2.18888
-2.57397,2.67161,1.44511,-2.12826
-2.55932,2.65831,1.44224,-2.06765
-2.54467,2.645,1.43936,-2.00704
-2.53073,2.65899,1.44254,-2.03434
-2.51679,2.67297,1.44571,-2.06163
-2.50285,2.68696,1.44888,-2.08893
-2.48891,2.70095,1.45205,-2.11622
-2.47497,2.71493,1.45522,-2.14352
-2.46103,2.72892,1.45839,-2.17082
-2.44709,2.74291,1.46157,-2.19811
-2.43315,2.75689,1.46474,-2.22541
-2.41921,2.77088,1.46791,-2.25271
-2.40527,2.78487,1.47108,-2.28
-2.39133,2.79885,1.47425,-2.3073
-2.37739,2.81284,1.47742,-2.33459
-2.36345,2.82683,1.4806,-2.36189
-2.34951,2.84081,1.48377,-2.38919
-2.33558,2.8548,1.48694,-2.41648
-2.32164,2.86879,1.49011,-2.44378
-2.3077,2.88277,1.49328,-2.47108
-2.29376,2.89676,1.49645,-2.49837
-2.27982,2.91075,1.49963,-2.52567
-2.26588,2.92473,1.5028,-2.55296
-2.25194,2.93872,1.50597,-2.58026
-2.238,2.95271,1.50914,-2.60756
-2.22406,2.96669,1.51231,-2.63485
-2.21012,2.98068,1.51548,-2.66215
-2.19618,2.99467,1.51866,-2.68944
-2.18224,3.00865,1.52183,-2.71674
-2.1683,3.02264,1.525,-2.74404
-2.15436,3.03663,1.52817,-2.77133
-2.14042,3.05061,1.53134,-2.79863
-2.12648,3.0646,1.53451,-2.82593
-2.11254,3.07859,1.53768,-2.85322
-2.0986,3.09257,1.54086,-2.88052
-2.08466,3.10656,1.54403,-2.90781
-2.07072,3.12055,1.5472,-2.93511
-2.05678,3.13453,1.55037,-2.96241
-2.04284,3.14852,1.55354,-2.9897
-2.0289,3.16251,1.55671,-3.017
-2.01496,3.17649,1.55989,-3.0443
-2.00102,3.19048,1.56306,-3.07159
-1.98708,3.20447,1.56623,-3.09889
-1.97314,3.21845,1.5694,-3.12618
-1.9592,3.23244,1.57257,3.1297
-1.94527,3.24643,1.57574,3.10241
-1.93133,3.26041,1.57892,3.07511
-1.91739,3.2744,1.58209,3.04782
-1.90345,3.28839,1.58526,3.02052
-1.88951,3.30237,1.58843,2.99322
-1.87557,3.31636,1.5916,2.96593
-1.86163,3.33035,1.59477,2.93863
-1.84769,3.34433,1.59795,2.91134
-1.86485,3.33921,1.58904,2.95609
-1.88201,3.33408,1.58014,3.00085
-1.89916,3.32895,1.57123,3.04561
-1.91632,3.32383,1.56233,3.09037
-1.93348,3.3187,1.55343,3.13513
-1.95064,3.31357,1.54452,-3.1033
-1.9678,3.30844,1.53562,-3.05854
-1.98496,3.30332,1.52671,-3.01378
-2.00212,3.29819,1.51781,-2.96902
-2.01928,3.29306,1.50891,-2.92426
-2.03644,3.28793,1.5,-2.8795
-2.0536,3.28281,1.4911,-2.83474
-2.07075,3.27768,1.48219,-2.78998
-2.08791,3.27255,1.47329,-2.74523
-2.10507,3.26742,1.46439,-2.70047
-2.12223,3.2623,1.45548,-2.65571
-2.13939,3.25717,1.44658,-2.61095
-2.15655,3.25204,1.43768,-2.56619
-2.17371,3.24691,1.42877,-2.52143
-2.19087,3.24179,1.41987,-2.47667
-2.20803,3.23666,1.41096,-2.43191
-2.22518,3.23153,1.40206,-2.38715
-2.24234,3.2264,1.39316,-2.3424
-2.2595,3.22128,1.38425,-2.29764
-2.27666,3.21615,1.37535,-2.25288
-2.29382,3.21102,1.36644,-2.20812
-2.31098,3.20589,1.35754,-2.16336
-2.32814,3.20077,1.34864,-2.1186
-2.3453,3.19564,1.33973,-2.07384
-2.36246,3.19051,1.33083,-2.02908
-2.37961,3.18538,1.32192,-1.98432
-2.39677,3.18026,1.31302,-1.93956
-2.41393,3.17513,1.30412,-1.89481
-2.43109,3.17,1.29521,-1.85005
-2.44825,3.16487,1.28631,-1.80529
-2.46541,3.15975,1.2774,-1.76053
-2.48257,3.15462,1.2685,-1.71577
-2.49973,3.14949,1.2596,-1.67101
-2.51689,3.14436,1.25069,-1.62625
-2.53405,3.13924,1.24179,-1.58149
-2.5512,3.13411,1.23288,-1.53673
-2.56836,3.12898,1.22398,-1.49198
-2.58552,3.12385,1.21508,-1.44722
-2.60268,3.11873,1.20617,-1.40246
-2.61984,3.1136,1.19727,-1.3577
-2.637,3.10847,1.18836,-1.31294
-2.65416,3.10334,1.17946,-1.26818
-2.67132,3.09822,1.17056,-1.22342
-2.68848,3.09309,1.16165,-1.17866
-2.70563,3.08796,1.15275,-1.1339
-2.71755,3.09615,1.16657,-1.14366
-2.72947,3.10433,1.18039,-1.15342
-2.74138,3.11252,1.19421,-1.16318
-2.7533,3.12071,1.20803,-1.17294
-2.76522,3.12889,1.22185,-1.18269
-2.77713,3.13708,1.23567,-1.19245
-2.78905,3.14526,1.24949,-1.20221
-2.80096,3.15345,1.26331,-1.21197
-2.81288,3.16164,1.27713,-1.22173
-2.8248,3.16982,1.29095,-1.23148
-2.83671,3.17801,1.30477,-1.24124
-2.84863,3.18619,1.31859,-1.251
-2.86054,3.19438,1.33241,-1.26076
-2.87246,3.20257,1.34623,-1.27052
-2.88438,3.21075,1.36005,-1.28027
-2.89629,3.21894,1.37387,-1.29003
-2.90821,3.22712,1.38769,-1.29979
-2.92012,3.23531,1.40151,-1.30955
-2.93204,3.2435,1.41533,-1.31931
-2.94396,3.25168,1.42915,-1.32906
-2.95587,3.25987,1.44297,-1.33882
-2.96779,3.26805,1.45679,-1.34858
-2.9797,3.27624,1.47061,-1.35834
-2.99162,3.28443,1.48443,-1.3681
-3.00354,3.29261,1.49825,-1.37785
-3.01545,3.3008,1.51207,-1.38761
-3.02737,3.30898,1.52589,-1.39737
-3.03929,3.31717,1.53971,-1.40713
-3.0512,3.32536,1.55353,-1.41689
-3.06312,3.33354,1.56735,-1.42664
-3.07503,3.34173,1.58117,-1.4364
-3.08695,3.34991,1.59499,-1.44616
-3.09887,3.3581,1.60881,-1.45592
-3.11078,3.36629,1.62263,-1.46568
-3.1227,3.37447,1.63645,-1.47543
-3.13461,3.38266,1.65027,-1.48519
-3.14653,3.39084,1.66409,-1.49495
-3.15845,3.39903,1.67791,-1.50471
-3.17036,3.40722,1.69173,-1.51447
-3.18228,3.4154,1.70555,-1.52422
-3.19419,3.42359,1.71938,-1.53398
-3.20611,3.43177,1.7332,-1.54374
-3.21803,3.43996,1.74702,-1.5535
-3.22994,3.44815,1.76084,-1.56326
-3.24186,3.45633,1.77466,-1.57301
-3.25377,3.46452,1.78848,-1.58277
-3.26569,3.4727,1.8023,-1.59253
-3.27761,3.48089,1.81612,-1.60229
-3.28952,3.48908,1.82994,-1.61205
-3.30144,3.49726,1.84376,-1.6218
-3.28388,3.48769,1.84373,-1.60362
-3.26632,3.47811,1.84371,-1.58544
-3.24876,3.46854,1.84369,-1.56725
-3.2312,3.45897,1.84367,-1.54907
-3.21364,3.44939,1.84365,-1.53088
-3.19608,3.43982,1.84363,-1.5127
-3.17852,3.43025,1.8436,-1.49451
-3.16096,3.42068,1.84358,-1.47633
-3.1434,3.4111,1.84356,-1.45814
-3.12584,3.40153,1.84354,-1.43996
-3.10828,3.39196,1.84352,-1.42177
-3.09072,3.38238,1.8435,-1.40359
-3.07316,3.37281,1.84347,-1.3854
-3.0556,3.36324,1.84345,-1.36722
-3.03804,3.35366,1.84343,-1.34903
-3.02048,3.34409,1.84341,-1.33085
-3.00292,3.33452,1.84339,-1.31266
-2.98536,3.32494,1.84336,-1.29448
-2.9678,3.31537,1.84334,-1.27629
-2.95024,3.3058,1.84332,-1.25811
-2.93268,3.29622,1.8433,-1.23992
-2.91512,3.28665,1.84328,-1.22174
-2.89756,3.27708,1.84326,-1.20355
-2.88,3.2675,1.84323,-1.18537
-2.86244,3.25793,1.84321,-1.16718
-2.84488,3.24836,1.84319,-1.149
-2.82732,3.23878,1.84317,-1.13082
-2.80976,3.22921,1.84315,-1.11263
-2.7922,3.21964,1.84313,-1.09445
-2.77464,3.21006,1.8431,-1.07626
-2.75708,3.20049,1.84308,-1.05808
-2.73952,3.19092,1.84306,-1.03989
-2.72196,3.18134,1.84304,-1.02171
-2.7044,3.17177,1.84302,-1.00352
-2.68684,3.1622,1.843,-0.985337
-2.66928,3.15262,1.84297,-0.967152
-2.65172,3.14305,1.84295,-0.948967
-2.63416,3.13348,1.84293,-0.930783
-2.6166,3.1239,1.84291,-0.912598
-2.59904,3.11433,1.84289,-0.894413
-2.58148,3.10476,1.84286,-0.876228
-2.56392,3.09518,1.84284,-0.858043
-2.54636,3.08561,1.84282,-0.839859
-2.5288,3.07604,1.8428,-0.821674
-2.51124,3.06646,1.84278,-0.803489
-2.49368,3.05689,1.84276,-0.785304
-2.47612,3.04732,1.84273,-0.76712
-2.45856,3.03774,1.84271,-0.748935
-2.441,3.02817,1.84269,-0.73075
-2.42344,3.0186,1.84267,-0.712565
-2.43203,3.00113,1.83805,-0.667142
-2.44062,2.98367,1.83343,-0.621718
-2.4492,2.96621,1.82882,-0.576295
-2.45779,2.94875,1.8242,-0.530871
-2.46638,2.93128,1.81958,-0.485448
-2.47496,2.91382,1.81497,-0.440025
-2.48355,2.89636,1.81035,-0.394601
-2.49214,2.87889,1.80573,-0.349178
-2.50072,2.86143,1.80111,-0.303754
-2.50931,2.84397,1.7965,-0.258331
-2.5179,2.82651,1.79188,-0.212907
-2.52648,2.80904,1.78726,-0.167484
-2.53507,2.79158,1.78264,-0.12206
-2.54366,2.77412,1.77803,-0.076637
-2.55224,2.75665,1.77341,-0.0312136
-2.56083,2.73919,1.76879,0.0142099
-2.56942,2.72173,1.76418,0.0596333
-2.578,2.70427,1.75956,0.105057
-2.58659,2.6868,1.75494,0.15048
-2.59518,2.66934,1.75032,0.195904
-2.60376,2.65188,1.74571,0.241327
-2.61235,2.63442,1.74109,0.286751
-2.62094,2.61695,1.73647,0.332174
-2.62952,2.59949,1.73185,0.377597
-2.63811,2.58203,1.72724,0.423021
-2.6467,2.56456,1.72262,0.468444
-2.65528,2.5471,1.718,0.513868
-2.66387,2.52964,1.71339,0.559291
-2.67246,2.51218,1.70877,0.604715
-2.68104,2.49471,1.70415,0.650138
-2.68963,2.47725,1.69953,0.695561
-2.69822,2.45979,1.69492,0.740985
-2.7068,2.44232,1.6903,0.786408
-2.71539,2.42486,1.68568,0.831832
-2.72398,2.4074,1.68106,0.877255
-2.73256,2.38994,1.67645,0.922679
-2.74115,2.37247,1.67183,0.968102
-2.74974,2.35501,1.66721,1.01353
-2.75832,2.33755,1.6626,1.05895
-2.76691,2.32008,1.65798,1.10437
-2.7755,2.30262,1.65336,1.1498
-2.78408,2.28516,1.64874,1.19522
-2.79267,2.2677,1.64413,1.24064
-2.80126,2.25023,1.63951,1.28607
-2.80984,2.23277,1.63489,1.33149
-2.81843,2.21531,1.63027,1.37691
-2.82702,2.19784,1.62566,1.42234
-2.8356,2.18038,1.62104,1.46776
-2.84419,2.16292,1.61642,1.51318
-2.85278,2.14546,1.61181,1.55861
-2.83312,2.14863,1.61369,1.52118
-2.81347,2.15181,1.61558,1.48376
-2.79381,2.15499,1.61746,1.44634
-2.77415,2.15816,1.61934,1.40892
-2.7545,2.16134,1.62123,1.37149
-2.73484,2.16452,1.62311,1.33407
-2.71519,2.16769,1.625,1.29665
-2.69553,2.17087,1.62688,1.25923
-2.67587,2.17405,1.62877,1.2218
-2.65622,2.17722,1.63065,1.18438
-2.63656,2.1804,1.63254,1.14696
-2.61691,2.18358,1.63442,1.10954
-2.59725,2.18675,1.63631,1.07211
-2.57759,2.18993,1.63819,1.03469
-2.55794,2.19311,1.64008,0.99727
-2.53828,2.19628,1.64196,0.959847
-2.51863,2.19946,1.64385,0.922425
-2.49897,2.20264,1.64573,0.885002
-2.47931,2.20581,1.64762,0.84758
-2.45966,2.20899,1.6495,0.810157
-2.44,2.21217,1.65139,0.772735
-2.42035,2.21534,1.65327,0.735312
-2.40069,2.21852,1.65515,0.69789
-2.38103,2.2217,1.65704,0.660468
-2.36138,2.22487,1.65892,0.623045
-2.34172,2.22805,1.66081,0.585623
-2.32207,2.23123,1.66269,0.5482
-2.30241,2.2344,1.66458,0.510778
-2.28275,2.23758,1.66646,0.473355
-2.2631,2.24076,1.66835,0.435933
-2.24344,2.24393,1.67023,0.39851
-2.22379,2.24711,1.67212,0.361088
-2.20413,2.25029,1.674,0.323665
-2.18447,2.25346,1.67589,0.286243
-2.16482,2.25664,1.67777,0.24882
-2.14516,2.25982,1.67966,0.211398
-2.12551,2.26299,1.68154,0.173975
-2.10585,2.26617,1.68343,0.136553
-2.0862,2.26935,1.68531,0.0991305
-2.06654,2.27252,1.68719,0.061708
-2.04688,2.2757,1.68908,0.0242855
-2.02723,2.27888,1.69096,-0.0131369
-2.00757,2.28205,1.69285,-0.0505594
-1.98792,2.28523,1.69473,-0.0879819
-1.96826,2.28841,1.69662,-0.125404
-1.9486,2.29158,1.6985,-0.162827
-1.92895,2.29476,1.70039,-0.200249
-1.90929,2.29794,1.70227,-0.237672
-1.88964,2.30111,1.70416,-0.275094
-1.86998,2.30429,1.70604,-0.312517
-1.87334,2.32366,1.70974,-0.294827
-1.87669,2.34303,1.71343,-0.277138
-1.88005,2.36239,1.71712,-0.259449
-1.8834,2.38176,1.72081,-0.24176
-1.88676,2.40113,1.72451,-0.22407
-1.89011,2.4205,1.7282,-0.206381
-1.89347,2.43986,1.73189,-0.188692
-1.89683,2.45923,1.73559,-0.171003
-1.90018,2.4786,1.73928,-0.153313
-1.90354,2.49797,1.74297,-0.135624
-1.90689,2.51733,1.74667,-0.117935
-1.91025,2.5367,1.75036,-0.100245
-1.9136,2.55607,1.75405,-0.0825561
-1.91696,2.57544,1.75775,-0.0648669
-1.92032,2.5948,1.76144,-0.0471776
-1.92367,2.61417,1.76513,-0.0294883
-1.92703,2.63354,1.76883,-0.011799
-1.93038,2.65291,1.77252,0.00589023
-1.93374,2.67227,1.77621,0.0235795
-1.9371,2.69164,1.77991,0.0412688
-1.94045,2.71101,1.7836,0.058958
-1.94381,2.73038,1.78729,0.0766473
-1.94716,2.74974,1.79098,0.0943366
-1.95052,2.76911,1.79468,0.112026
-1.95387,2.78848,1.79837,0.129715
-1.95723,2.80785,1.80206,0.147404
-1.96059,2.82721,1.80576,0.165094
-1.96394,2.84658,1.80945,0.182783
-1.9673,2.86595,1.81314,0.200472
-1.97065,2.88532,1.81684,0.218162
-1.97401,2.90468,1.82053,0.235851
-1.97736,2.92405,1.82422,0.25354
-1.98072,2.94342,1.82792,0.271229
-1.98408,2.96278,1.83161,0.288919
-1.98743,2.98215,1.8353,0.306608
-1.99079,3.00152,1.839,0.324297
-1.99414,3.02089,1.84269,0.341986
-1.9975,3.04025,1.84638,0.359676
-2.00085,3.05962,1.85008,0.377365
-2.00421,3.07899,1.85377,0.395054
-2.00757,3.09836,1.85746,0.412744
-2.01092,3.11772,1.86116,0.430433
-2.01428,3.13709,1.86485,0.448122
-2.01763,3.15646,1.86854,0.465811
-2.02099,3.17583,1.87223,0.483501
-2.02435,3.19519,1.87593,0.50119
-2.0277,3.21456,1.87962,0.518879
-2.03106,3.23393,1.88331,0.536568
-2.03441,3.2533,1.88701,0.554258
-2.03777,3.27266,1.8907,0.571947
-2.05265,3.28602,1.89119,0.575833
-2.06753,3.29937,1.89167,0.579718
-2.08241,3.31272,1.89216,0.583604
-2.0973,3.32608,1.89265,0.58749
-2.11218,3.33943,1.89313,0.591375
-2.12706,3.35278,1.89362,0.595261
-2.14194,3.36613,1.89411,0.599147
-2.15682,3.37949,1.89459,0.603032
-2.1717,3.39284,1.89508,0.606918
-2.18659,3.40619,1.89556,0.610804
-2.20147,3.41954,1.89605,0.61469
-2.21635,3.4329,1.89654,0.618575
-2.23123,3.44625,1.89702,0.622461
-2.24611,3.4596,1.89751,0.626347
-2.261,3.47296,1.898,0.630232
-2.27588,3.48631,1.89848,0.634118
-2.29076,3.49966,1.89897,0.638004
-2.30564,3.51301,1.89946,0.641889
-2.32052,3.52637,1.89994,0.645775
-2.3354,3.53972,1.90043,0.649661
-2.35029,3.55307,1.90091,0.653546
-2.36517,3.56642,1.9014,0.657432
-2.38005,3.57978,1.90189,0.661318
-2.39493,3.59313,1.90237,0.665203
-2.40981,3.60648,1.90286,0.669089
-2.4247,3.61984,1.90335,0.672975
-2.43958,3.63319,1.90383,0.676861
-2.45446,3.64654,1.90432,0.680746
-2.46934,3.65989,1.90481,0.684632
-2.48422,3.67325,1.90529,0.688518
-2.4991,3.6866,1.90578,0.692403
-2.51399,3.69995,1.90627,0.696289
-2.52887,3.7133,1.90675,0.700175
-2.54375,3.72666,1.90724,0.70406
-2.55863,3.74001,1.90772,0.707946
-2.57351,3.75336,1.90821,0.711832
-2.5884,3.76672,1.9087,0.715717
-2.60328,3.78007,1.90918,0.719603
-2.61816,3.79342,1.90967,0.723489
-2.63304,3.80677,1.91016,0.727374
-2.64792,3.82013,1.91064,0.73126
-2.6628,3.83348,1.91113,0.735146
-2.67769,3.84683,1.91162,0.739032
-2.69257,3.86018,1.9121,0.742917
-2.70745,3.87354,1.91259,0.746803
-2.72233,3.88689,1.91307,0.750689
-2.73721,3.90024,1.91356,0.754574
-2.7521,3.9136,1.91405,0.75846
-2.76698,3.92695,1.91453,0.762346
-2.78186,3.9403,1.91502,0.766231
-2.78514,3.92616,1.90126,0.821429
-2.78842,3.91202,1.8875,0.876626
-2.7917,3.89788,1.87374,0.931823
-2.79498,3.88374,1.85998,0.98702
-2.79826,3.8696,1.84622,1.04222
-2.80154,3.85546,1.83247,1.09742
-2.80482,3.84132,1.81871,1.15261
-2.8081,3.82719,1.80495,1.20781
-2.81138,3.81305,1.79119,1.26301
-2.81466,3.79891,1.77743,1.3182
-2.81794,3.78477,1.76367,1.3734
-2.82122,3.77063,1.74991,1.4286
-2.8245,3.75649,1.73615,1.4838
-2.82778,3.74235,1.72239,1.53899
-2.83106,3.72821,1.70863,1.59419
-2.83434,3.71407,1.69487,1.64939
-2.83762,3.69993,1.68111,1.70459
-2.8409,3.68579,1.66735,1.75978
-2.84418,3.67165,1.65359,1.81498
-2.84746,3.65751,1.63984,1.87018
-2.85074,3.64337,1.62608,1.92537
-2.85402,3.62923,1.61232,1.98057
-2.8573,3.61509,1.59856,2.03577
-2.86058,3.60095,1.5848,2.09097
-2.86386,3.58682,1.57104,2.14616
-2.86714,3.57268,1.55728,2.20136
-2.87042,3.55854,1.54352,2.25656
-2.8737,3.5444,1.52976,2.31176
-2.87699,3.53026,1.516,2.36695
-2.88027,3.51612,1.50224,2.42215
-2.88355,3.50198,1.48848,2.47735
-2.88683,3.48784,1.47472,2.53254
-2.89011,3.4737,1.46096,2.58774
-2.89339,3.45956,1.44721,2.64294
-2.89667,3.44542,1.43345,2.69814
-2.89995,3.43128,1.41969,2.75333
-2.90323,3.41714,1.40593,2.80853
-2.90651,3.403,1.39217,2.86373
-2.90979,3.38886,1.37841,2.91893
-2.91307,3.37472,1.36465,2.97412
-2.91635,3.36059,1.35089,3.02932
-2.91963,3.34645,1.33713,3.08452
-2.92291,3.33231,1.32337,3.13971
-2.92619,3.31817,1.30961,-3.08827
-2.92947,3.30403,1.29585,-3.03308
-2.93275,3.28989,1.28209,-2.97788
-2.93603,3.27575,1.26834,-2.92268
-2.93931,3.26161,1.25458,-2.86748
-2.94259,3.24747,1.24082,-2.81229
-2.94587,3.23333,1.22706,-2.75709
-2.96398,3.22489,1.22797,-2.81072
-2.98208,3.21644,1.22888,-2.86436
-3.00019,3.208,1.2298,-2.91799
-3.0183,3.19955,1.23071,-2.97163
-3.0364,3.19111,1.23163,-3.02526
-3.05451,3.18267,1.23254,-3.0789
-3.07262,3.17422,1.23345,-3.13253
-3.09072,3.16578,1.23437,3.09702
-3.10883,3.15733,1.23528,3.04339
-3.12694,3.14889,1.2362,2.98975
-3.14505,3.14044,1.23711,2.93612
-3.16315,3.132,1.23802,2.88248
-3.18126,3.12356,1.23894,2.82885
-3.19937,3.11511,1.23985,2.77521
-3.21747,3.10667,1.24076,2.72158
-3.23558,3.09822,1.24168,2.66794
-3.25369,3.08978,1.24259,2.61431
-3.27179,3.08133,1.24351,2.56068
-3.2899,3.07289,1.24442,2.50704
-3.30801,3.06445,1.24533,2.45341
-3.32611,3.056,1.24625,2.39977
-3.34422,3.04756,1.24716,2.34614
-3.36233,3.03911,1.24808,2.2925
-3.38044,3.03067,1.24899,2.23887
-3.39854,3.02223,1.2499,2.18523
-3.41665,3.01378,1.25082,2.1316
-3.43476,3.00534,1.25173,2.07797
-3.45286,2.99689,1.25264,2.02433
-3.47097,2.98845,1.25356,1.9707
-3.48908,2.98,1.25447,1.91706
-3.50718,2.97156,1.25539,1.86343
-3.52529,2.96312,1.2563,1.80979
-3.5434,2.95467,1.25721,1.75616
-3.5615,2.94623,1.25813,1.70252
-3.57961,2.93778,1.25904,1.64889
-3.59772,2.92934,1.25995,1.59526
-3.61583,2.9209,1.26087,1.54162
-3.63393,2.91245,1.26178,1.48799
-3.65204,2.90401,1.2627,1.43435
-3.67015,2.89556,1.26361,1.38072
-3.68825,2.88712,1.26452,1.32708
-3.70636,2.87867,1.26544,1.27345
-3.72447,2.87023,1.26635,1.21981
-3.74257,2.86179,1.26727,1.16618
-3.76068,2.85334,1.26818,1.11255
-3.77879,2.8449,1.26909,1.05891
-3.79689,2.83645,1.27001,1.00528
-3.815,2.82801,1.27092,0.951642
-3.83311,2.81956,1.27183,0.898008
-3.85122,2.81112,1.27275,0.844373
-3.84122,2.79469,1.27824,0.873238
-3.83123,2.77826,1.28373,0.902103
-3.82123,2.76183,1.28922,0.930967
-3.81124,2.7454,1.29471,0.959832
-3.80125,2.72896,1.3002,0.988697
-3.79125,2.71253,1.30569,1.01756
-3.78126,2.6961,1.31118,1.04643
-3.77127,2.67967,1.31667,1.07529
-3.76127,2.66324,1.32216,1.10416
-3.75128,2.64681,1.32765,1.13302
-3.74129,2.63038,1.33314,1.16189
-3.73129,2.61394,1.33863,1.19075