-0.499009,-0.498809,1.02321,0.00192697
-0.510593,-0.482506,1.02309,0.0457652
-0.522177,-0.466203,1.02297,0.0896034
-0.533762,-0.4499,1.02285,0.133442
-0.545346,-0.433597,1.02273,0.17728
-0.55693,-0.417294,1.02261,0.221118
-0.568514,-0.400991,1.02249,0.264956
-0.580099,-0.384688,1.02238,0.308795
-0.591683,-0.368385,1.02226,0.352633
-0.603267,-0.352082,1.02214,0.396471
-0.614851,-0.335779,1.02202,0.440309
-0.626436,-0.319475,1.0219,0.484147
-0.63802,-0.303172,1.02178,0.527986
-0.649604,-0.286869,1.02166,0.571824
-0.661188,-0.270566,1.02154,0.615662
-0.672773,-0.254263,1.02142,0.6595
-0.684357,-0.23796,1.0213,0.703339
-0.695941,-0.221657,1.02118,0.747177
-0.707525,-0.205354,1.02107,0.791015
-0.71911,-0.189051,1.02095,0.834853
-0.730694,-0.172748,1.02083,0.878691
-0.742278,-0.156445,1.02071,0.92253
-0.753863,-0.140141,1.02059,0.966368
-0.765447,-0.123838,1.02047,1.01021
-0.777031,-0.107535,1.02035,1.05404
-0.788615,-0.0912322,1.02023,1.09788
-0.8002,-0.0749291,1.02011,1.14172
-0.811784,-0.058626,1.01999,1.18556
-0.823368,-0.0423229,1.01987,1.2294
-0.834952,-0.0260199,1.01975,1.27324
-0.846537,-0.00971677,1.01964,1.31707
-0.858121,0.00658632,1.01952,1.36091
-0.869705,0.0228894,1.0194,1.40475
-0.881289,0.0391925,1.01928,1.44859
-0.892874,0.0554956,1.01916,1.49243
-0.904458,0.0717987,1.01904,1.53626
-0.916042,0.0881018,1.01892,1.5801
-0.927626,0.104405,1.0188,1.62394
-0.939211,0.120708,1.01868,1.66778
-0.950795,0.137011,1.01856,1.71162
-0.962379,0.153314,1.01844,1.75546
-0.973963,0.169617,1.01832,1.79929
-0.985548,0.18592,1.01821,1.84313
-0.997132,0.202223,1.01809,1.88697
-1.00872,0.218526,1.01797,1.93081
-1.0203,0.23483,1.01785,1.97465
-1.03188,0.251133,1.01773,2.01849
-1.04347,0.267436,1.01761,2.06232
-1.05505,0.283739,1.01749,2.10616
-1.06664,0.300042,1.01737,2.15
-1.07822,0.316345,1.01725,2.19384
-1.08985,0.332618,1.01714,2.19384
-1.10148,0.34889,1.01704,2.19384
-1.1131,0.365163,1.01693,2.19384
-1.12473,0.381435,1.01682,2.19384
-1.13636,0.397708,1.01671,2.19384
-1.14799,0.41398,1.0166,2.19384
-1.15961,0.430253,1.01649,2.19384
-1.17124,0.446525,1.01638,2.19384
-1.18287,0.462798,1.01627,2.19384
-1.19449,0.47907,1.01617,2.19384
-1.20612,0.495343,1.01606,2.19384
-1.21775,0.511615,1.01595,2.19384
-1.22938,0.527888,1.01584,2.19384
-1.241,0.54416,1.01573,2.19384
-1.25263,0.560433,1.01562,2.19384
-1.26426,0.576705,1.01551,2.19384
-1.27589,0.592978,1.01541,2.19384
-1.28751,0.60925,1.0153,2.19384
-1.29914,0.625523,1.01519,2.19384
-1.31077,0.641795,1.01508,2.19384
-1.32239,0.658068,1.01497,2.19384
-1.33402,0.67434,1.01486,2.19384
-1.34565,0.690613,1.01475,2.19384
-1.35728,0.706886,1.01464,2.19384
-1.3689,0.723158,1.01454,2.19384
-1.38053,0.739431,1.01443,2.19384
-1.39216,0.755703,1.01432,2.19384
-1.40379,0.771976,1.01421,2.19384
-1.41541,0.788248,1.0141,2.19384
-1.42704,0.804521,1.01399,2.19384
-1.43867,0.820793,1.01388,2.19384
-1.45029,0.837066,1.01378,2.19384
-1.46192,0.853338,1.01367,2.19384
-1.47355,0.869611,1.01356,2.19384
-1.48518,0.885883,1.01345,2.19384
-1.4968,0.902156,1.01334,2.19384
-1.50843,0.918428,1.01323,2.19384
-1.52006,0.934701,1.01312,2.19384
-1.53169,0.950973,1.01301,2.19384
-1.54331,0.967246,1.01291,2.19384
-1.55494,0.983518,1.0128,2.19384
-1.56657,0.999791,1.01269,2.19384
-1.57819,1.01606,1.01258,2.19384
-1.58982,1.03234,1.01247,2.19384
-1.60145,1.04861,1.01236,2.19384
-1.61308,1.06488,1.01225,2.19384
-1.6247,1.08115,1.01215,2.19384
-1.63633,1.09743,1.01204,2.19384
-1.64796,1.1137,1.01193,2.19384
-1.65958,1.12997,1.01182,2.19384
-1.67123,1.14623,1.01172,2.19384
-1.68288,1.16249,1.01161,2.19384
-1.69453,1.17874,1.01151,2.19384
-1.70618,1.195,1.01141,2.19384
-1.71783,1.21126,1.0113,2.19384
-1.72948,1.22751,1.0112,2.19384
-1.74113,1.24377,1.0111,2.19384
-1.75277,1.26003,1.01099,2.19384
-1.76442,1.27629,1.01089,2.19384
-1.77607,1.29254,1.01078,2.19384
-1.78772,1.3088,1.01068,2.19384
-1.79937,1.32506,1.01058,2.19384
-1.81102,1.34131,1.01047,2.19384
-1.82267,1.35757,1.01037,2.19384
-1.83432,1.37383,1.01027,2.19384
-1.84596,1.39009,1.01016,2.19384
-1.85761,1.40634,1.01006,2.19384
-1.86926,1.4226,1.00996,2.19384
-1.88091,1.43886,1.00985,2.19384
-1.89256,1.45512,1.00975,2.19384
-1.90421,1.47137,1.00965,2.19384
-1.91586,1.48763,1.00954,2.19384
-1.92751,1.50389,1.00944,2.19384
-1.93915,1.52014,1.00934,2.19384
-1.9508,1.5364,1.00923,2.19384
-1.96245,1.55266,1.00913,2.19384
-1.9741,1.56892,1.00903,2.19384
-1.98575,1.58517,1.00892,2.19384
-1.9974,1.60143,1.00882,2.19384
-2.00905,1.61769,1.00872,2.19384
-2.0207,1.63394,1.00861,2.19384
-2.03234,1.6502,1.00851,2.19384
-2.04399,1.66646,1.00841,2.19384
-2.05564,1.68272,1.0083,2.19384
-2.06729,1.69897,1.0082,2.19384
-2.07894,1.71523,1.0081,2.19384
-2.09059,1.73149,1.00799,2.19384
-2.10224,1.74774,1.00789,2.19384
-2.11389,1.764,1.00779,2.19384
-2.12553,1.78026,1.00768,2.19384
-2.13718,1.79652,1.00758,2.19384
-2.14883,1.81277,1.00748,2.19384
-2.16048,1.82903,1.00737,2.19384
-2.17213,1.84529,1.00727,2.19384
-2.18378,1.86155,1.00717,2.19384
-2.19543,1.8778,1.00706,2.19384
-2.20708,1.89406,1.00696,2.19384
-2.21872,1.91032,1.00685,2.19384
-2.23037,1.92657,1.00675,2.19384
-2.24202,1.94283,1.00665,2.19384
-2.25367,1.95908,1.00655,2.19382
-2.26533,1.97534,1.00644,2.1938
-2.27698,1.99159,1.00634,2.19378
-2.28864,2.00785,1.00624,2.19376
-2.30029,2.0241,1.00614,2.19374
-2.31194,2.04035,1.00603,2.19372
-2.3236,2.05661,1.00593,2.1937
-2.33525,2.07286,1.00583,2.19368
-2.3469,2.08911,1.00573,2.19366
-2.35856,2.10537,1.00563,2.19364
-2.37021,2.12162,1.00552,2.19362
-2.38187,2.13787,1.00542,2.19359
-2.39352,2.15413,1.00532,2.19357
-2.40517,2.17038,1.00522,2.19355
-2.41683,2.18664,1.00511,2.19353
-2.42848,2.20289,1.00501,2.19351
-2.44013,2.21914,1.00491,2.19349
-2.45179,2.2354,1.00481,2.19347
-2.46344,2.25165,1.00471,2.19345
-2.4751,2.2679,1.0046,2.19343
-2.48675,2.28416,1.0045,2.19341
-2.4984,2.30041,1.0044,2.19339
-2.51006,2.31666,1.0043,2.19337
-2.52171,2.33292,1.00419,2.19335
-2.53336,2.34917,1.00409,2.19333
-2.54502,2.36543,1.00399,2.19331
-2.55667,2.38168,1.00389,2.19329
-2.56832,2.39793,1.00379,2.19327
-2.57998,2.41419,1.00368,2.19325
-2.59163,2.43044,1.00358,2.19323
-2.60329,2.44669,1.00348,2.19321
-2.61494,2.46295,1.00338,2.19319
-2.62659,2.4792,1.00328,2.19317
-2.63825,2.49546,1.00317,2.19315
-2.6499,2.51171,1.00307,2.19313
-2.66155,2.52796,1.00297,2.19311
-2.67321,2.54422,1.00287,2.19309
-2.68486,2.56047,1.00276,2.19307
-2.69652,2.57672,1.00266,2.19305
-2.70817,2.59298,1.00256,2.19303
-2.71982,2.60923,1.00246,2.19301
-2.73148,2.62548,1.00236,2.19299
-2.74313,2.64174,1.00225,2.19297
-2.75478,2.65799,1.00215,2.19295
-2.76644,2.67425,1.00205,2.19293
-2.77809,2.6905,1.00195,2.19291
-2.78974,2.70675,1.00184,2.19289
-2.8014,2.72301,1.00174,2.19286
-2.81305,2.73926,1.00164,2.19284
-2.82471,2.75551,1.00154,2.19282
-2.81165,2.74037,1.00153,2.13178
-2.79859,2.72522,1.00153,2.07074
-2.78553,2.71007,1.00153,2.0097
-2.77247,2.69492,1.00152,1.94866
-2.75941,2.67978,1.00152,1.88762
-2.74635,2.66463,1.00152,1.82658
-2.73329,2.64948,1.00151,1.76553
-2.72023,2.63434,1.00151,1.70449
-2.70717,2.61919,1.00151,1.64345
-2.69411,2.60404,1.0015,1.58241
-2.68105,2.5889,1.0015,1.52137
-2.66798,2.57375,1.0015,1.46033
-2.65492,2.5586,1.00149,1.39928
-2.64186,2.54345,1.00149,1.33824
-2.6288,2.52831,1.00149,1.2772
-2.61574,2.51316,1.00148,1.21616
-2.60268,2.49801,1.00148,1.15512
-2.58962,2.48287,1.00148,1.09408
-2.57656,2.46772,1.00147,1.03303
-2.5635,2.45257,1.00147,0.971993
-2.55044,2.43742,1.00147,0.910952
-2.53738,2.42228,1.00146,0.84991
-2.52432,2.40713,1.00146,0.788869
-2.51126,2.39198,1.00145,0.727827
-2.4982,2.37684,1.00145,0.666785
-2.48514,2.36169,1.00145,0.605744
-2.47208,2.34654,1.00144,0.544702
-2.45902,2.33139,1.00144,0.483661
-2.44596,2.31625,1.00144,0.422619
-2.4329,2.3011,1.00143,0.361578
-2.41984,2.28595,1.00143,0.300536
-2.40678,2.27081,1.00143,0.239495
-2.39372,2.25566,1.00142,0.178453
-2.38066,2.24051,1.00142,0.117411
-2.3676,2.22536,1.00142,0.0563699
-2.35454,2.21022,1.00141,-0.00467162
-2.34148,2.19507,1.00141,-0.0657132
-2.32842,2.17992,1.00141,-0.126755
-2.31536,2.16478,1.0014,-0.187796
-2.3023,2.14963,1.0014,-0.248838
-2.28924,2.13448,1.0014,-0.309879
-2.27618,2.11934,1.00139,-0.370921
-2.26312,2.10419,1.00139,-0.431962
-2.25006,2.08904,1.00139,-0.493004
-2.237,2.07389,1.00138,-0.554046
-2.22394,2.05875,1.00138,-0.615087
-2.21088,2.0436,1.00138,-0.676129
-2.19782,2.02845,1.00137,-0.73717
-2.18476,2.01331,1.00137,-0.798212
-2.1717,1.99816,1.00137,-0.859253
-2.15864,1.98301,1.00136,-0.859253
-2.14558,1.96786,1.00136,-0.859253
-2.13252,1.95272,1.00135,-0.859253
-2.11946,1.93757,1.00135,-0.859253
-2.1064,1.92242,1.00135,-0.859253
-2.09334,1.90728,1.00134,-0.859253
-2.08028,1.89213,1.00134,-0.859253
-2.06722,1.87698,1.00134,-0.859253
-2.05416,1.86183,1.00133,-0.859253
-2.0411,1.84669,1.00133,-0.859253
-2.02804,1.83154,1.00133,-0.859253
-2.01498,1.81639,1.00132,-0.859253
-2.00192,1.80125,1.00132,-0.859253
-1.98886,1.7861,1.00132,-0.859253
-1.9758,1.77095,1.00131,-0.859253
-1.96274,1.7558,1.00131,-0.859253
-1.94968,1.74066,1.00131,-0.859253
-1.93662,1.72551,1.0013,-0.859253
-1.92356,1.71036,1.0013,-0.859253
-1.9105,1.69522,1.0013,-0.859253
-1.89744,1.68007,1.00129,-0.859253
-1.88438,1.66492,1.00129,-0.859253
-1.87132,1.64977,1.00129,-0.859253
-1.85826,1.63463,1.00128,-0.859253
-1.8452,1.61948,1.00128,-0.859253
-1.83214,1.60433,1.00128,-0.859253
-1.81908,1.58919,1.00127,-0.859253
-1.80602,1.57404,1.00127,-0.859253
-1.79296,1.55889,1.00127,-0.859253
-1.7799,1.54375,1.00126,-0.859253
-1.76684,1.5286,1.00126,-0.859253
-1.75378,1.51345,1.00125,-0.859253
-1.74072,1.4983,1.00125,-0.859253
-1.72766,1.48316,1.00125,-0.859253
-1.7146,1.46801,1.00124,-0.859253
-1.70154,1.45286,1.00124,-0.859253
-1.68848,1.43772,1.00124,-0.859253
-1.67542,1.42257,1.00123,-0.859253
-1.66236,1.40742,1.00123,-0.859253
-1.6493,1.39227,1.00123,-0.859253
-1.63624,1.37713,1.00122,-0.859253
-1.62318,1.36198,1.00122,-0.859253
-1.61012,1.34683,1.00122,-0.859253
-1.59706,1.33169,1.00121,-0.859253
-1.584,1.31654,1.00121,-0.859253
-1.57094,1.30139,1.00121,-0.859253
-1.55788,1.28624,1.0012,-0.859253
-1.54482,1.2711,1.0012,-0.859253
-1.53176,1.25595,1.0012,-0.859253
-1.5187,1.2408,1.00119,-0.859253
-1.50564,1.22566,1.00119,-0.859253
-1.49258,1.21051,1.00119,-0.859253
-1.47952,1.19536,1.00118,-0.859253
-1.46646,1.18021,1.00118,-0.859253
-1.4534,1.16507,1.00118,-0.859253
-1.44034,1.14992,1.00117,-0.859253
-1.42728,1.13477,1.00117,-0.859253
-1.41422,1.11963,1.00117,-0.859253
-1.40116,1.10448,1.00116,-0.859253
-1.3881,1.08933,1.00116,-0.859253
-1.37504,1.07418,1.00115,-0.859253
-1.36198,1.05904,1.00115,-0.859253
-1.34892,1.04389,1.00115,-0.859253
-1.33586,1.02874,1.00114,-0.859253
-1.3228,1.0136,1.00114,-0.859253
-1.30974,0.998449,1.00114,-0.859253
-1.29668,0.983302,1.00113,-0.859253
-1.28362,0.968155,1.00113,-0.859253
-1.27056,0.953008,1.00113,-0.859253
-1.2575,0.937861,1.00112,-0.859253
-1.24444,0.922714,1.00112,-0.859253
-1.23138,0.907567,1.00112,-0.859253
-1.21832,0.89242,1.00111,-0.859253
-1.20526,0.877272,1.00111,-0.859253
-1.1922,0.862125,1.00111,-0.859253
-1.17914,0.846978,1.0011,-0.859253
-1.16608,0.831831,1.0011,-0.859253
-1.15302,0.816684,1.0011,-0.859253
-1.13996,0.801537,1.00109,-0.859253
-1.1269,0.78639,1.00109,-0.859253
-1.11384,0.771243,1.00109,-0.859253
-1.10078,0.756096,1.00108,-0.859253
-1.08772,0.740949,1.00108,-0.859253
-1.07466,0.725801,1.00108,-0.859253
-1.0616,0.710654,1.00107,-0.859253
-1.04854,0.695507,1.00107,-0.859253
-1.03548,0.68036,1.00107,-0.859253
-1.02242,0.665213,1.00106,-0.859253
-1.00936,0.650066,1.00106,-0.859253
-0.996297,0.634919,1.00105,-0.859253
-0.983237,0.619772,1.00105,-0.859253
-0.970177,0.604625,1.00105,-0.859253
-0.957117,0.589477,1.00104,-0.859253
-0.944057,0.57433,1.00104,-0.859253
-0.930997,0.559183,1.00104,-0.859253
-0.917937,0.544036,1.00103,-0.859253
-0.904877,0.528889,1.00103,-0.859253
-0.891817,0.513742,1.00103,-0.859253
-0.878756,0.498595,1.00102,-0.859253
-0.865696,0.483448,1.00102,-0.859253
-0.852636,0.468301,1.00102,-0.859253
-0.839576,0.453154,1.00101,-0.859253
-0.826516,0.438006,1.00101,-0.859253
-0.813456,0.422859,1.00101,-0.859253
-0.800396,0.407712,1.001,-0.859253
-0.787336,0.392565,1.001,-0.859253
-0.774276,0.377418,1.001,-0.859253
-0.761216,0.362271,1.00099,-0.859253
-0.748156,0.347124,1.00099,-0.859253
-0.735096,0.331977,1.00099,-0.859253
-0.722036,0.31683,1.00098,-0.859253
-0.708976,0.301683,1.00098,-0.859253
-0.695916,0.286535,1.00098,-0.859253
-0.682856,0.271388,1.00097,-0.859253
-0.669795,0.256241,1.00097,-0.859253
-0.656735,0.241094,1.00097,-0.859253
-0.643675,0.225947,1.00096,-0.859253
-0.630615,0.2108,1.00096,-0.859253
-0.617555,0.195653,1.00095,-0.859253
-0.604495,0.180506,1.00095,-0.859253
-0.591435,0.165359,1.00095,-0.859253
-0.578375,0.150211,1.00094,-0.859253
-0.565315,0.135064,1.00094,-0.859253
-0.552255,0.119917,1.00094,-0.859253
-0.539195,0.10477,1.00093,-0.859253
-0.526135,0.0896231,1.00093,-0.859253
-0.513075,0.0744759,1.00093,-0.859253
-0.500015,0.0593288,1.00092,-0.859253
-0.486955,0.0441817,1.00092,-0.859253
-0.473895,0.0290346,1.00092,-0.859253
-0.460834,0.0138875,1.00091,-0.859253
-0.447774,-0.00125957,1.00091,-0.859253
-0.434714,-0.0164067,1.00091,-0.859253
-0.421654,-0.0315538,1.0009,-0.859253
-0.408594,-0.0467009,1.0009,-0.859253
-0.395534,-0.061848,1.0009,-0.859253
-0.382474,-0.0769951,1.00089,-0.859253
-0.369414,-0.0921422,1.00089,-0.859253
-0.356354,-0.107289,1.00089,-0.859253
-0.343294,-0.122436,1.00088,-0.859253
-0.330234,-0.137584,1.00088,-0.859253
-0.317174,-0.152731,1.00088,-0.859253
-0.304114,-0.167878,1.00087,-0.859253
-0.291054,-0.183025,1.00087,-0.859253
-0.277994,-0.198172,1.00087,-0.859253
-0.264934,-0.213319,1.00086,-0.859253
-0.251873,-0.228466,1.00086,-0.859253
-0.238813,-0.243613,1.00085,-0.859253
-0.225753,-0.25876,1.00085,-0.859253
-0.212693,-0.273907,1.00085,-0.859253
-0.215552,-0.292574,1.00744,-0.876353
-0.218412,-0.31124,1.01402,-0.893453
-0.221271,-0.329906,1.02061,-0.910553
-0.22413,-0.348573,1.0272,-0.927653
-0.226989,-0.367239,1.03378,-0.944753
-0.229848,-0.385905,1.04037,-0.961853
-0.232708,-0.404572,1.04696,-0.978953
-0.235567,-0.423238,1.05355,-0.996052
-0.238426,-0.441904,1.06013,-1.01315
-0.241285,-0.460571,1.06672,-1.03025
-0.244144,-0.479237,1.07331,-1.04735
-0.247004,-0.497903,1.0799,-1.06445
-0.249863,-0.51657,1.08648,-1.08155
-0.252722,-0.535236,1.09307,-1.09865
-0.255581,-0.553902,1.09966,-1.11575
-0.25844,-0.572569,1.10625,-1.13285
-0.2613,-0.591235,1.11283,-1.14995
-0.264159,-0.609901,1.11942,-1.16705
-0.267018,-0.628568,1.12601,-1.18415
-0.269877,-0.647234,1.1326,-1.20125
-0.272736,-0.6659,1.13918,-1.21835
-0.275595,-0.684567,1.14577,-1.23545
-0.278455,-0.703233,1.15236,-1.25255
-0.281314,-0.721899,1.15894,-1.26965
-0.284173,-0.740566,1.16553,-1.28675
-0.287032,-0.759232,1.17212,-1.30385
-0.289891,-0.777898,1.17871,-1.32095
-0.292751,-0.796565,1.18529,-1.33805
-0.29561,-0.815231,1.19188,-1.35515
-0.298469,-0.833897,1.19847,-1.37225
-0.301328,-0.852564,1.20506,-1.38935
-0.304187,-0.87123,1.21164,-1.40645
-0.307047,-0.889896,1.21823,-1.42355
-0.309906,-0.908562,1.22482,-1.44065
-0.312765,-0.927229,1.23141,-1.45775
-0.315624,-0.945895,1.23799,-1.47485
-0.318483,-0.964561,1.24458,-1.49195
-0.321342,-0.983228,1.25117,-1.50905
-0.324202,-1.00189,1.25776,-1.52615
-0.327061,-1.02056,1.26434,-1.54325
-0.32992,-1.03923,1.27093,-1.56035
-0.332779,-1.05789,1.27752,-1.57745
-0.335638,-1.07656,1.2841,-1.59455
-0.338498,-1.09523,1.29069,-1.61165
-0.341357,-1.11389,1.29728,-1.62875
-0.344216,-1.13256,1.30387,-1.64585
-0.347075,-1.15122,1.31045,-1.66295
-0.349934,-1.16989,1.31704,-1.68005
-0.352794,-1.18856,1.32363,-1.69715
-0.355653,-1.20722,1.33022,-1.71425
-0.366206,-1.22344,1.33529,-1.72249
-0.376759,-1.23965,1.34036,-1.73074
-0.387312,-1.25587,1.34543,-1.73899
-0.397865,-1.27208,1.3505,-1.74724
-0.408418,-1.2883,1.35557,-1.75549
-0.418971,-1.30451,1.36065,-1.76373
-0.429524,-1.32073,1.36572,-1.77198
-0.440077,-1.33694,1.37079,-1.78023
-0.45063,-1.35315,1.37586,-1.78848
-0.461183,-1.36937,1.38093,-1.79672
-0.471736,-1.38558,1.38601,-1.80497
-0.482289,-1.4018,1.39108,-1.81322
-0.492842,-1.41801,1.39615,-1.82147
-0.503395,-1.43423,1.40122,-1.82971
-0.513948,-1.45044,1.40629,-1.83796
-0.524502,-1.46666,1.41136,-1.84621
-0.535055,-1.48287,1.41644,-1.85446
-0.545608,-1.49909,1.42151,-1.86271
-0.556161,-1.5153,1.42658,-1.87095
-0.566714,-1.53151,1.43165,-1.8792
-0.577267,-1.54773,1.43672,-1.88745
-0.58782,-1.56394,1.44179,-1.8957
-0.598373,-1.58016,1.44687,-1.90394
-0.608926,-1.59637,1.45194,-1.91219
-0.619479,-1.61259,1.45701,-1.92044
-0.630032,-1.6288,1.46208,-1.92869
-0.640585,-1.64502,1.46715,-1.93693
-0.651138,-1.66123,1.47222,-1.94518
-0.661691,-1.67744,1.4773,-1.95343
-0.672244,-1.69366,1.48237,-1.96168
-0.682797,-1.70987,1.48744,-1.96993
-0.69335,-1.72609,1.49251,-1.97817
-0.703903,-1.7423,1.49758,-1.98642
-0.714456,-1.75852,1.50265,-1.99467
-0.725009,-1.77473,1.50773,-2.00292
-0.735563,-1.79095,1.5128,-2.01116
-0.746116,-1.80716,1.51787,-2.01941
-0.756669,-1.82338,1.52294,-2.02766
-0.767222,-1.83959,1.52801,-2.03591
-0.777775,-1.8558,1.53308,-2.04415
-0.788328,-1.87202,1.53816,-2.0524
-0.798881,-1.88823,1.54323,-2.06065
-0.809434,-1.90445,1.5483,-2.0689
-0.819987,-1.92066,1.55337,-2.07714
-0.83054,-1.93688,1.55844,-2.08539
-0.841093,-1.95309,1.56351,-2.09364
-0.851646,-1.96931,1.56859,-2.10189
-0.862199,-1.98552,1.57366,-2.11014
-0.872752,-2.00174,1.57873,-2.11838
-0.883305,-2.01795,1.5838,-2.12663
-0.874431,-2.03521,1.57897,-2.10632
-0.865556,-2.05247,1.57413,-2.08601
-0.856682,-2.06973,1.5693,-2.0657
-0.847807,-2.08699,1.56446,-2.04538
-0.838933,-2.10424,1.55963,-2.02507
-0.830058,-2.1215,1.5548,-2.00476
-0.821184,-2.13876,1.54996,-1.98445
-0.812309,-2.15602,1.54513,-1.96414
-0.803435,-2.17328,1.54029,-1.94383
-0.79456,-2.19054,1.53546,-1.92351
-0.785686,-2.2078,1.53062,-1.9032
-0.776811,-2.22506,1.52579,-1.88289
-0.767937,-2.24232,1.52095,-1.86258
-0.759062,-2.25958,1.51612,-1.84227
-0.750188,-2.27683,1.51128,-1.82196
-0.741313,-2.29409,1.50645,-1.80164
-0.732439,-2.31135,1.50162,-1.78133
-0.723564,-2.32861,1.49678,-1.76102
-0.71469,-2.34587,1.49195,-1.74071
-0.705815,-2.36313,1.48711,-1.7204
-0.696941,-2.38039,1.48228,-1.70009
-0.688066,-2.39765,1.47744,-1.67977
-0.679192,-2.41491,1.47261,-1.65946
-0.670317,-2.43216,1.46777,-1.63915
-0.661443,-2.44942,1.46294,-1.61884
-0.652568,-2.46668,1.45811,-1.59853
-0.643694,-2.48394,1.45327,-1.57821
-0.634819,-2.5012,1.44844,-1.5579
-0.625945,-2.51846,1.4436,-1.53759
-0.61707,-2.53572,1.43877,-1.51728
-0.608196,-2.55298,1.43393,-1.49697
-0.599321,-2.57024,1.4291,-1.47666
-0.590447,-2.5875,1.42426,-1.45634
-0.581572,-2.60475,1.41943,-1.43603
-0.572698,-2.62201,1.4146,-1.41572
-0.563823,-2.63927,1.40976,-1.39541
-0.554949,-2.65653,1.40493,-1.3751
-0.546074,-2.67379,1.40009,-1.35479
-0.5372,-2.69105,1.39526,-1.33447
-0.528325,-2.70831,1.39042,-1.31416
-0.519451,-2.72557,1.38559,-1.29385
-0.510576,-2.74283,1.38075,-1.27354
-0.501702,-2.76008,1.37592,-1.25323
-0.492827,-2.77734,1.37109,-1.23292
-0.483953,-2.7946,1.36625,-1.2126
-0.475078,-2.81186,1.36142,-1.19229
-0.466204,-2.82912,1.35658,-1.17198
-0.457329,-2.84638,1.35175,-1.15167
-0.448455,-2.86364,1.34691,-1.13136
-0.43958,-2.8809,1.34208,-1.11105
-0.43388,-2.90004,1.34312,-1.11446
-0.428179,-2.91918,1.34415,-1.11787
-0.422478,-2.93832,1.34519,-1.12129
-0.416777,-2.95747,1.34622,-1.1247
-0.411076,-2.97661,1.34726,-1.12812
-0.405376,-2.99575,1.3483,-1.13153
-0.399675,-3.01489,1.34933,-1.13494
-0.393974,-3.03404,1.35037,-1.13836
-0.388273,-3.05318,1.35141,-1.14177
-0.382573,-3.07232,1.35244,-1.14519
-0.376872,-3.09146,1.35348,-1.1486
-0.371171,-3.11061,1.35451,-1.15201
-0.36547,-3.12975,1.35555,-1.15543
-0.35977,-3.14889,1.35659,-1.15884
-0.354069,-3.16803,1.35762,-1.16226
-0.348368,-3.18717,1.35866,-1.16567
-0.342667,-3.20632,1.3597,-1.16908
-0.336967,-3.22546,1.36073,-1.1725
-0.331266,-3.2446,1.36177,-1.17591
-0.325565,-3.26374,1.3628,-1.17933
-0.319864,-3.28289,1.36384,-1.18274
-0.314163,-3.30203,1.36488,-1.18616
-0.308463,-3.32117,1.36591,-1.18957
-0.302762,-3.34031,1.36695,-1.19298
-0.297061,-3.35945,1.36799,-1.1964
-0.29136,-3.3786,1.36902,-1.19981
-0.28566,-3.39774,1.37006,-1.20323
-0.279959,-3.41688,1.37109,-1.20664
-0.274258,-3.43602,1.37213,-1.21005
-0.268557,-3.45517,1.37317,-1.21347
-0.262857,-3.47431,1.3742,-1.21688
-0.257156,-3.49345,1.37524,-1.2203
-0.251455,-3.51259,1.37628,-1.22371
-0.245754,-3.53174,1.37731,-1.22712
-0.240053,-3.55088,1.37835,-1.23054
-0.234353,-3.57002,1.37938,-1.23395
-0.228652,-3.58916,1.38042,-1.23737
-0.222951,-3.6083,1.38146,-1.24078
-0.21725,-3.62745,1.38249,-1.24419
-0.21155,-3.64659,1.38353,-1.24761
-0.205849,-3.66573,1.38457,-1.25102
-0.200148,-3.68487,1.3856,-1.25444
-0.194447,-3.70402,1.38664,-1.25785
-0.188747,-3.72316,1.38767,-1.26127
-0.183046,-3.7423,1.38871,-1.26468
-0.177345,-3.76144,1.38975,-1.26809
-0.171644,-3.78059,1.39078,-1.27151
-0.165943,-3.79973,1.39182,-1.27492
-0.160243,-3.81887,1.39285,-1.27834
-0.154542,-3.83801,1.39389,-1.28175
-0.163002,-3.84363,1.41112,-1.29627
-0.171462,-3.84924,1.42835,-1.31078
-0.179922,-3.85486,1.44558,-1.3253
-0.188383,-3.86047,1.46281,-1.33981
-0.196843,-3.86609,1.48004,-1.35433
-0.205303,-3.8717,1.49728,-1.36885
-0.213763,-3.87732,1.51451,-1.38336
-0.222223,-3.88293,1.53174,-1.39788
-0.230684,-3.88855,1.54897,-1.4124
-0.239144,-3.89416,1.5662,-1.42691
-0.247604,-3.89978,1.58343,-1.44143
-0.256064,-3.90539,1.60066,-1.45594
-0.264524,-3.91101,1.61789,-1.47046
-0.272984,-3.91662,1.63512,-1.48498
-0.281445,-3.92224,1.65235,-1.49949
-0.289905,-3.92785,1.66958,-1.51401
-0.298365,-3.93347,1.68681,-1.52853
-0.306825,-3.93908,1.70404,-1.54304
-0.315285,-3.9447,1.72127,-1.55756
-0.323745,-3.95031,1.73851,-1.57207
-0.332206,-3.95593,1.75574,-1.58659
-0.340666,-3.96154,1.77297,-1.60111
-0.349126,-3.96716,1.7902,-1.61562
-0.357586,-3.97277,1.80743,-1.63014
-0.366046,-3.97839,1.82466,-1.64465
-0.374506,-3.984,1.84189,-1.65917
-0.382967,-3.98962,1.85912,-1.67369
-0.391427,-3.99523,1.87635,-1.6882
-0.399887,-4.00085,1.89358,-1.70272
-0.408347,-4.00646,1.91081,-1.71724
-0.416807,-4.01208,1.92804,-1.73175
-0.425268,-4.01769,1.94527,-1.74627
-0.433728,-4.02331,1.96251,-1.76078
-0.442188,-4.02892,1.97974,-1.7753
-0.450648,-4.03454,1.99697,-1.78982
-0.459108,-4.04015,2.0142,-1.80433
-0.467568,-4.04577,2.03143,-1.81885
-0.476029,-4.05138,2.04866,-1.83337
-0.484489,-4.05699,2.06589,-1.84788
-0.492949,-4.06261,2.08312,-1.8624
-0.501409,-4.06822,2.10035,-1.87691
-0.509869,-4.07384,2.11758,-1.89143
-0.518329,-4.07945,2.13481,-1.90595
-0.52679,-4.08507,2.15204,-1.92046
-0.53525,-4.09068,2.16927,-1.93498
-0.54371,-4.0963,2.1865,-1.94949
-0.55217,-4.10191,2.20374,-1.96401
-0.56063,-4.10753,2.22097,-1.97853
-0.56909,-4.11314,2.2382,-1.99304
-0.577551,-4.11876,2.25543,-2.00756
-0.571307,-4.13776,2.25556,-1.99247
-0.565062,-4.15676,2.25569,-1.97739
-0.558818,-4.17576,2.25582,-1.9623
-0.552574,-4.19476,2.25595,-1.94722
-0.54633,-4.21376,2.25608,-1.93213
-0.540086,-4.23276,2.25621,-1.91705
-0.533842,-4.25176,2.25634,-1.90196
-0.527598,-4.27076,2.25647,-1.88688
-0.521354,-4.28976,2.2566,-1.87179
-0.51511,-4.30876,2.25673,-1.8567
-0.508866,-4.32776,2.25686,-1.84162
-0.502622,-4.34676,2.25699,-1.82653
-0.496378,-4.36576,2.25712,-1.81145
-0.490134,-4.38476,2.25725,-1.79636
-0.48389,-4.40376,2.25737,-1.78128
-0.477645,-4.42276,2.2575,-1.76619
-0.471401,-4.44176,2.25763,-1.75111
-0.465157,-4.46076,2.25776,-1.73602
-0.458913,-4.47976,2.25789,-1.72093
-0.452669,-4.49876,2.25802,-1.70585
-0.446425,-4.51776,2.25815,-1.69076
-0.440181,-4.53676,2.25828,-1.67568
-0.433937,-4.55576,2.25841,-1.66059
-0.427693,-4.57476,2.25854,-1.64551
-0.421449,-4.59376,2.25867,-1.63042
-0.415205,-4.61276,2.2588,-1.61534
-0.408961,-4.63176,2.25893,-1.60025
-0.402717,-4.65076,2.25906,-1.58517
-0.396472,-4.66976,2.25919,-1.57008
-0.390228,-4.68876,2.25932,-1.55499
-0.383984,-4.70775,2.25945,-1.53991
-0.37774,-4.72675,2.25958,-1.52482
-0.371496,-4.74575,2.25971,-1.50974
-0.365252,-4.76475,2.25984,-1.49465
-0.359008,-4.78375,2.25997,-1.47957
-0.352764,-4.80275,2.2601,-1.46448
-0.34652,-4.82175,2.26023,-1.4494
-0.340276,-4.84075,2.26036,-1.43431
-0.334032,-4.85975,2.26049,-1.41922
-0.327788,-4.87875,2.26062,-1.40414
-0.321544,-4.89775,2.26075,-1.38905
-0.315299,-4.91675,2.26088,-1.37397
-0.309055,-4.93575,2.26101,-1.35888
-0.302811,-4.95475,2.26114,-1.3438
-0.296567,-4.97375,2.26127,-1.32871
-0.290323,-4.99275,2.2614,-1.31363
-0.284079,-5.01175,2.26153,-1.29854
-0.277835,-5.03075,2.26166,-1.28346
-0.271591,-5.04975,2.26179,-1.26837
-0.265347,-5.06875,2.26192,-1.25328
-0.267063,-5.04886,2.26312,-1.19508
-0.26878,-5.02897,2.26433,-1.13688
-0.270497,-5.00908,2.26553,-1.07868
-0.272213,-4.98919,2.26674,-1.02048
-0.27393,-4.9693,2.26794,-0.962283
-0.275647,-4.94941,2.26915,-0.904082
-0.277363,-4.92952,2.27035,-0.845882
-0.27908,-4.90963,2.27155,-0.787682
-0.280796,-4.88974,2.27276,-0.729481
-0.282513,-4.86985,2.27396,-0.671281
-0.28423,-4.84996,2.27517,-0.613081
-0.285946,-4.83008,2.27637,-0.55488
-0.287663,-4.81019,2.27758,-0.49668
-0.289379,-4.7903,2.27878,-0.43848
-0.291096,-4.77041,2.27999,-0.380279
-0.292813,-4.75052,2.28119,-0.322079
-0.294529,-4.73063,2.2824,-0.263879
-0.296246,-4.71074,2.2836,-0.205678
-0.297963,-4.69085,2.2848,-0.147478
-0.299679,-4.67096,2.28601,-0.0892776
-0.301396,-4.65107,2.28721,-0.0310773
-0.303112,-4.63118,2.28842,0.0271231
-0.304829,-4.61129,2.28962,0.0853234
-0.306546,-4.5914,2.29083,0.143524
-0.308262,-4.57151,2.29203,0.201724
-0.309979,-4.55162,2.29324,0.259924
-0.311695,-4.53173,2.29444,0.318125
-0.313412,-4.51184,2.29565,0.376325
-0.315129,-4.49195,2.29685,0.434525
-0.316845,-4.47206,2.29805,0.492726
-0.318562,-4.45217,2.29926,0.550926
-0.320278,-4.43228,2.30046,0.609127
-0.321995,-4.41239,2.30167,0.667327
-0.323712,-4.3925,2.30287,0.725527
-0.325428,-4.37261,2.30408,0.783728
-0.327145,-4.35272,2.30528,0.841928
-0.328862,-4.33283,2.30649,0.900128
-0.330578,-4.31294,2.30769,0.958329
-0.332295,-4.29305,2.3089,1.01653
-0.334011,-4.27316,2.3101,1.07473
-0.335728,-4.25327,2.3113,1.13293
-0.337445,-4.23338,2.31251,1.19113
-0.339161,-4.21349,2.31371,1.24933
-0.340878,-4.1936,2.31492,1.30753
-0.342594,-4.17371,2.31612,1.36573
-0.344311,-4.15382,2.31733,1.42393
-0.346028,-4.13393,2.31853,1.48213
-0.347744,-4.11404,2.31974,1.54033
-0.349461,-4.09415,2.32094,1.59853
-0.351178,-4.07426,2.32215,1.65673
-0.364815,-4.07569,2.30759,1.70284
-0.378452,-4.07712,2.29303,1.74895
-0.39209,-4.07855,2.27847,1.79505
-0.405727,-4.07998,2.26391,1.84116
-0.419364,-4.08141,2.24935,1.88727
-0.433002,-4.08284,2.23479,1.93337
-0.446639,-4.08427,2.22023,1.97948
-0.460276,-4.0857,2.20567,2.02559
-0.473914,-4.08712,2.19111,2.07169
-0.487551,-4.08855,2.17655,2.1178
-0.501188,-4.08998,2.16199,2.16391
-0.514826,-4.09141,2.14743,2.21002
-0.528463,-4.09284,2.13287,2.25612
-0.542101,-4.09427,2.11831,2.30223
-0.555738,-4.0957,2.10375,2.34834
-0.569375,-4.09713,2.08919,2.39444
-0.583013,-4.09856,2.07463,2.44055
-0.59665,-4.09998,2.06007,2.48666
-0.610287,-4.10141,2.04551,2.53276
-0.623925,-4.10284,2.03095,2.57887
-0.637562,-4.10427,2.01639,2.62498
-0.651199,-4.1057,2.00183,2.67108
-0.664837,-4.10713,1.98728,2.71719
-0.678474,-4.10856,1.97272,2.7633
-0.692111,-4.10999,1.95816,2.8094
-0.705749,-4.11142,1.9436,2.85551
-0.719386,-4.11284,1.92904,2.90162
-0.733024,-4.11427,1.91448,2.94772
-0.746661,-4.1157,1.89992,2.99383
-0.760298,-4.11713,1.88536,3.03994
-0.773936,-4.11856,1.8708,3.08605
-0.787573,-4.11999,1.85624,3.13215
-0.80121,-4.12142,1.84168,-3.10493
-0.814848,-4.12285,1.82712,-3.05882
-0.828485,-4.12428,1.81256,-3.01271
-0.842122,-4.1257,1.798,-2.96661
-0.85576,-4.12713,1.78344,-2.9205
-0.869397,-4.12856,1.76888,-2.87439
-0.883034,-4.12999,1.75432,-2.82829
-0.896672,-4.13142,1.73976,-2.78218
-0.910309,-4.13285,1.7252,-2.73607
-0.923947,-4.13428,1.71064,-2.68996
-0.937584,-4.13571,1.69608,-2.64386
-0.951221,-4.13714,1.68152,-2.59775
-0.964859,-4.13856,1.66697,-2.55164
-0.978496,-4.13999,1.65241,-2.50554
-0.992133,-4.14142,1.63785,-2.45943
-1.00577,-4.14285,1.62329,-2.41332
-1.01941,-4.14428,1.60873,-2.36722
-1.03305,-4.14571,1.59417,-2.32111
-1.01327,-4.14499,1.59125,-2.27168
-0.993498,-4.14428,1.58834,-2.22224
-0.973724,-4.14357,1.58543,-2.17281
-0.95395,-4.14285,1.58251,-2.12338
-0.934176,-4.14214,1.5796,-2.07394
-0.914403,-4.14142,1.57669,-2.02451
-0.894629,-4.14071,1.57378,-1.97508
-0.874855,-4.13999,1.57086,-1.92565
-0.855081,-4.13928,1.56795,-1.87621
-0.835307,-4.13856,1.56504,-1.82678
-0.815534,-4.13785,1.56212,-1.77735
-0.79576,-4.13714,1.55921,-1.72791
-0.775986,-4.13642,1.5563,-1.67848
-0.756212,-4.13571,1.55338,-1.62905
-0.736438,-4.13499,1.55047,-1.57961
-0.716665,-4.13428,1.54756,-1.53018
-0.696891,-4.13356,1.54464,-1.48075
-0.677117,-4.13285,1.54173,-1.43131
-0.657343,-4.13214,1.53882,-1.38188
-0.637569,-4.13142,1.5359,-1.33245
-0.617796,-4.13071,1.53299,-1.28302
-0.598022,-4.12999,1.53008,-1.23358
-0.578248,-4.12928,1.52716,-1.18415
-0.558474,-4.12856,1.52425,-1.13472
-0.5387,-4.12785,1.52134,-1.08528
-0.518927,-4.12713,1.51842,-1.03585
-0.499153,-4.12642,1.51551,-0.986418
-0.479379,-4.12571,1.5126,-0.936984
-0.459605,-4.12499,1.50969,-0.887551
-0.439832,-4.12428,1.50677,-0.838118
-0.420058,-4.12356,1.50386,-0.788685
-0.400284,-4.12285,1.50095,-0.739252
-0.38051,-4.12213,1.49803,-0.689819
-0.360736,-4.12142,1.49512,-0.640386
-0.340963,-4.1207,1.49221,-0.590953
-0.321189,-4.11999,1.48929,-0.54152
-0.301415,-4.11928,1.48638,-0.492087
-0.281641,-4.11856,1.48347,-0.442654
-0.261867,-4.11785,1.48055,-0.393221
-0.242094,-4.11713,1.47764,-0.343788
-0.22232,-4.11642,1.47473,-0.294355
-0.202546,-4.1157,1.47181,-0.244922
-0.182772,-4.11499,1.4689,-0.195489
-0.162998,-4.11428,1.46599,-0.146056
-0.143225,-4.11356,1.46307,-0.0966228
-0.123451,-4.11285,1.46016,-0.0471898
-0.103677,-4.11213,1.45725,0.00224325
-0.0839032,-4.11142,1.45434,0.0516763
-0.0641294,-4.1107,1.45142,0.101109
-0.0443556,-4.10999,1.44851,0.150542
-0.0545516,-4.0928,1.4478,0.189646
-0.0647476,-4.07561,1.4471,0.228751
-0.0749435,-4.05841,1.44639,0.267855
-0.0851395,-4.04122,1.44568,0.306959
-0.0953355,-4.02403,1.44498,0.346063
-0.105532,-4.00684,1.44427,0.385167
-0.115728,-3.98965,1.44356,0.424271
-0.125924,-3.97246,1.44286,0.463375
-0.13612,-3.95527,1.44215,0.502479
-0.146316,-3.93808,1.44144,0.541584
-0.156512,-3.92088,1.44074,0.580688
-0.166708,-3.90369,1.44003,0.619792
-0.176904,-3.8865,1.43932,0.658896
-0.1871,-3.86931,1.43862,0.698
-0.197296,-3.85212,1.43791,0.737104
-0.207492,-3.83493,1.4372,0.776208
-0.217688,-3.81774,1.4365,0.815312
-0.227883,-3.80054,1.43579,0.854417
-0.238079,-3.78335,1.43509,0.893521
-0.248275,-3.76616,1.43438,0.932625
-0.258471,-3.74897,1.43367,0.971729
-0.268667,-3.73178,1.43297,1.01083
-0.278863,-3.71459,1.43226,1.04994
-0.289059,-3.6974,1.43155,1.08904
-0.299255,-3.6802,1.43085,1.12815
-0.309451,-3.66301,1.43014,1.16725
-0.319647,-3.64582,1.42943,1.20635
-0.329843,-3.62863,1.42873,1.24546
-0.340039,-3.61144,1.42802,1.28456
-0.350235,-3.59425,1.42731,1.32367
-0.360431,-3.57706,1.42661,1.36277
-0.370627,-3.55987,1.4259,1.40187
-0.380823,-3.54267,1.42519,1.44098
-0.391019,-3.52548,1.42449,1.48008
-0.401215,-3.50829,1.42378,1.51919
-0.411411,-3.4911,1.42307,1.55829
-0.421607,-3.47391,1.42237,1.59739
-0.431803,-3.45672,1.42166,1.6365
-0.441999,-3.43953,1.42096,1.6756
-0.452195,-3.42233,1.42025,1.71471
-0.462391,-3.40514,1.41954,1.75381
-0.472587,-3.38795,1.41884,1.79292
-0.482783,-3.37076,1.41813,1.83202
-0.492979,-3.35357,1.41742,1.87112
-0.503175,-3.33638,1.41672,1.91023
-0.513371,-3.31919,1.41601,1.94933
-0.523567,-3.302,1.4153,1.98844
-0.533763,-3.2848,1.4146,2.02754
-0.543959,-3.26761,1.41389,2.06664
-0.554155,-3.25042,1.41318,2.10575
-0.559052,-3.23104,1.41265,2.1
-0.563949,-3.21165,1.41211,2.09424
-0.568846,-3.19227,1.41157,2.08849
-0.573743,-3.17289,1.41104,2.08274
-0.57864,-3.1535,1.4105,2.07699
-0.583537,-3.13412,1.40996,2.07124
-0.588434,-3.11473,1.40943,2.06549
-0.593331,-3.09535,1.40889,2.05973
-0.598228,-3.07597,1.40835,2.05398
-0.603125,-3.05658,1.40781,2.04823
-0.608022,-3.0372,1.40728,2.04248
-0.612919,-3.01782,1.40674,2.03673
-0.617815,-2.99843,1.4062,2.03097
-0.622712,-2.97905,1.40567,2.02522
-0.627609,-2.95966,1.40513,2.01947
-0.632506,-2.94028,1.40459,2.01372
-0.637403,-2.9209,1.40406,2.00797
-0.6423,-2.90151,1.40352,2.00222
-0.647197,-2.88213,1.40298,1.99646
-0.652094,-2.86275,1.40245,1.99071
-0.656991,-2.84336,1.40191,1.98496
-0.661888,-2.82398,1.40137,1.97921
-0.666785,-2.80459,1.40084,1.97346
-0.671682,-2.78521,1.4003,1.9677
-0.676579,-2.76583,1.39976,1.96195
-0.681475,-2.74644,1.39922,1.9562
-0.686372,-2.72706,1.39869,1.95045
-0.691269,-2.70767,1.39815,1.9447
-0.696166,-2.68829,1.39761,1.93895
-0.701063,-2.66891,1.39708,1.93319
-0.70596,-2.64952,1.39654,1.92744
-0.710857,-2.63014,1.396,1.92169
-0.715754,-2.61076,1.39547,1.91594
-0.720651,-2.59137,1.39493,1.91019
-0.725548,-2.57199,1.39439,1.90443
-0.730445,-2.5526,1.39386,1.89868
-0.735342,-2.53322,1.39332,1.89293
-0.740239,-2.51384,1.39278,1.88718
-0.745136,-2.49445,1.39225,1.88143
-0.750032,-2.47507,1.39171,1.87568
-0.754929,-2.45569,1.39117,1.86992
-0.759826,-2.4363,1.39063,1.86417
-0.764723,-2.41692,1.3901,1.85842
-0.76962,-2.39753,1.38956,1.85267
-0.774517,-2.37815,1.38902,1.84692
-0.779414,-2.35877,1.38849,1.84116
-0.784311,-2.33938,1.38795,1.83541
-0.789208,-2.32,1.38741,1.82966
-0.794105,-2.30061,1.38688,1.82391
-0.799002,-2.28123,1.38634,1.81816
-0.79231,-2.27874,1.40502,1.80639
-0.785619,-2.27624,1.4237,1.79462
-0.778927,-2.27375,1.44239,1.78285
-0.772236,-2.27126,1.46107,1.77108
-0.765544,-2.26877,1.47975,1.75931
-0.758852,-2.26627,1.49843,1.74754
-0.752161,-2.26378,1.51711,1.73576
-0.745469,-2.26129,1.53579,1.72399
-0.738778,-2.25879,1.55448,1.71222
-0.732086,-2.2563,1.57316,1.70045
-0.725395,-2.25381,1.59184,1.68868
-0.718703,-2.25131,1.61052,1.67691
-0.712012,-2.24882,1.6292,1.66514
-0.70532,-2.24633,1.64788,1.65337
-0.698628,-2.24383,1.66657,1.6416
-0.691937,-2.24134,1.68525,1.62983
-0.685245,-2.23885,1.70393,1.61806
-0.678554,-2.23636,1.72261,1.60629
-0.671862,-2.23386,1.74129,1.59452
-0.665171,-2.23137,1.75997,1.58275
-0.658479,-2.22888,1.77866,1.57098
-0.651788,-2.22638,1.79734,1.55921
-0.645096,-2.22389,1.81602,1.54744
-0.638405,-2.2214,1.8347,1.53567
-0.631713,-2.2189,1.85338,1.5239
-0.625021,-2.21641,1.87207,1.51213
-0.61833,-2.21392,1.89075,1.50036
-0.611638,-2.21142,1.90943,1.48859
-0.604947,-2.20893,1.92811,1.47682
-0.598255,-2.20644,1.94679,1.46505
-0.591564,-2.20395,1.96547,1.45328
-0.584872,-2.20145,1.98416,1.44151
-0.578181,-2.19896,2.00284,1.42974
-0.571489,-2.19647,2.02152,1.41797
-0.564798,-2.19397,2.0402,1.40619
-0.558106,-2.19148,2.05888,1.39442
-0.551414,-2.18899,2.07756,1.38265
-0.544723,-2.18649,2.09625,1.37088
-0.538031,-2.184,2.11493,1.35911
-0.53134,-2.18151,2.13361,1.34734
-0.524648,-2.17901,2.15229,1.33557
-0.517957,-2.17652,2.17097,1.3238
-0.511265,-2.17403,2.18965,1.31203
-0.504574,-2.17154,2.20834,1.30026
-0.497882,-2.16904,2.22702,1.28849
-0.49119,-2.16655,2.2457,1.27672
-0.484499,-2.16406,2.26438,1.26495
-0.477807,-2.16156,2.28306,1.25318
-0.471116,-2.15907,2.30175,1.24141
-0.464424,-2.15658,2.32043,1.22964
-0.467504,-2.1719,2.31553,1.11753
-0.470583,-2.18722,2.31063,1.00542
-0.473663,-2.20254,2.30573,0.893311
-0.476743,-2.21787,2.30083,0.781202
-0.479822,-2.23319,2.29593,0.669092
-0.482902,-2.24851,2.29104,0.556983
-0.485981,-2.26383,2.28614,0.444873
-0.489061,-2.27916,2.28124,0.332764
-0.49214,-2.29448,2.27634,0.220654
-0.49522,-2.3098,2.27144,0.108545
-0.498299,-2.32512,2.26654,-0.00356476
-0.501379,-2.34045,2.26164,-0.115674
-0.504459,-2.35577,2.25674,-0.227784
-0.507538,-2.37109,2.25185,-0.339893
-0.510618,-2.38641,2.24695,-0.452003
-0.513697,-2.40173,2.24205,-0.564112
-0.516777,-2.41706,2.23715,-0.676222
-0.519856,-2.43238,2.23225,-0.788331
-0.522936,-2.4477,2.22735,-0.900441
-0.526015,-2.46302,2.22245,-1.01255
-0.529095,-2.47835,2.21756,-1.12466
-0.532175,-2.49367,2.21266,-1.23677
-0.535254,-2.50899,2.20776,-1.34888
-0.538334,-2.52431,2.20286,-1.46099
-0.541413,-2.53964,2.19796,-1.5731
-0.544493,-2.55496,2.19306,-1.68521
-0.546546,-2.56517,2.1898,-1.75995
-0.541708,-2.58207,2.18026,-1.74863
-0.53687,-2.59897,2.17072,-1.73731
-0.532033,-2.61587,2.16118,-1.72599
-0.527195,-2.63277,2.15164,-1.71467
-0.522357,-2.64967,2.14211,-1.70335
-0.517519,-2.66657,2.13257,-1.69203
-0.512682,-2.68348,2.12303,-1.68071
-0.507844,-2.70038,2.11349,-1.6694
-0.503006,-2.71728,2.10395,-1.65808
-0.498168,-2.73418,2.09441,-1.64676
-0.493331,-2.75108,2.08488,-1.63544
-0.488493,-2.76798,2.07534,-1.62412
-0.483655,-2.78488,2.0658,-1.6128
-0.478817,-2.80178,2.05626,-1.60148
-0.47398,-2.81868,2.04672,-1.59016
-0.469142,-2.83558,2.03719,-1.57884
-0.464304,-2.85248,2.02765,-1.56753
-0.459466,-2.86938,2.01811,-1.55621
-0.454629,-2.88628,2.00857,-1.54489
-0.449791,-2.90318,1.99903,-1.53357
-0.444953,-2.92008,1.98949,-1.52225
-0.440115,-2.93698,1.97996,-1.51093
-0.435278,-2.95388,1.97042,-1.49961
-0.43044,-2.97078,1.96088,-1.48829
-0.425602,-2.98768,1.95134,-1.47697
-0.420764,-3.00458,1.9418,-1.46566
-0.415927,-3.02148,1.93226,-1.45434
-0.411089,-3.03838,1.92273,-1.44302
-0.406251,-3.05528,1.91319,-1.4317
-0.401413,-3.07218,1.90365,-1.42038
-0.396576,-3.08908,1.89411,-1.40906
-0.391738,-3.10598,1.88457,-1.39774
-0.3869,-3.12288,1.87504,-1.38642
-0.382062,-3.13978,1.8655,-1.3751
-0.377225,-3.15668,1.85596,-1.36379
-0.372387,-3.17358,1.84642,-1.35247
-0.367549,-3.19048,1.83688,-1.34115
-0.362711,-3.20738,1.82734,-1.32983
-0.361282,-3.21238,1.82453,-1.32649
-0.362754,-3.23228,1.82322,-1.33285
-0.364226,-3.25218,1.82192,-1.3392
-0.365698,-3.27209,1.82061,-1.34556
-0.36717,-3.29199,1.8193,-1.35192
-0.368642,-3.31189,1.818,-1.35828
-0.370114,-3.33179,1.81669,-1.36464
-0.371586,-3.3517,1.81539,-1.371
-0.373058,-3.3716,1.81408,-1.37736
-0.37453,-3.3915,1.81277,-1.38372
-0.376002,-3.41141,1.81147,-1.39008
-0.377474,-3.43131,1.81016,-1.39644
-0.378946,-3.45121,1.80885,-1.4028
-0.380418,-3.47111,1.80755,-1.40916
-0.38189,-3.49102,1.80624,-1.41552
-0.383362,-3.51092,1.80494,-1.42188
-0.384834,-3.53082,1.80363,-1.42824
-0.386306,-3.55073,1.80232,-1.4346
-0.387778,-3.57063,1.80102,-1.44096
-0.38925,-3.59053,1.79971,-1.44732
-0.390722,-3.61044,1.79841,-1.45368
-0.392194,-3.63034,1.7971,-1.46004
-0.393666,-3.65024,1.79579,-1.4664
-0.395138,-3.67014,1.79449,-1.47275
-0.39661,-3.69005,1.79318,-1.47911
-0.398082,-3.70995,1.79188,-1.48547
-0.399554,-3.72985,1.79057,-1.49183
-0.401026,-3.74976,1.78926,-1.49819
-0.402498,-3.76966,1.78796,-1.50455
-0.40397,-3.78956,1.78665,-1.51091
-0.405442,-3.80946,1.78535,-1.51727
-0.406914,-3.82937,1.78404,-1.52363
-0.408386,-3.84927,1.78273,-1.52999
-0.409857,-3.86917,1.78143,-1.53635
-0.411329,-3.88908,1.78012,-1.54271
-0.412801,-3.90898,1.77882,-1.54907
-0.414273,-3.92888,1.77751,-1.55543
-0.415745,-3.94879,1.7762,-1.56179
-0.417217,-3.96869,1.7749,-1.56815
-0.418689,-3.98859,1.77359,-1.57451
-0.420161,-4.00849,1.77229,-1.58087
-0.421633,-4.0284,1.77098,-1.58723
-0.423105,-4.0483,1.76967,-1.59359
-0.424577,-4.0682,1.76837,-1.59995
-0.426049,-4.08811,1.76706,-1.6063
-0.427521,-4.10801,1.76576,-1.61266
-0.428993,-4.12791,1.76445,-1.61902
-0.430465,-4.14782,1.76314,-1.62538
-0.431937,-4.16772,1.76184,-1.63174
-0.433409,-4.18762,1.76053,-1.6381
-0.434881,-4.20752,1.75923,-1.64446
-0.446446,-4.19124,1.75824,-1.69349
-0.458011,-4.17495,1.75725,-1.74252
-0.469575,-4.15866,1.75626,-1.79154
-0.48114,-4.14237,1.75527,-1.84057
-0.492705,-4.12609,1.75428,-1.8896
-0.50427,-4.1098,1.75329,-1.93863
-0.515834,-4.09351,1.7523,-1.98765
-0.527399,-4.07723,1.75131,-2.03668
-0.538964,-4.06094,1.75032,-2.08571
-0.550529,-4.04465,1.74934,-2.13473
-0.562094,-4.02836,1.74835,-2.18376
-0.573658,-4.01208,1.74736,-2.23279
-0.585223,-3.99579,1.74637,-2.28182
-0.596788,-3.9795,1.74538,-2.33084
-0.608353,-3.96321,1.74439,-2.37987
-0.619917,-3.94693,1.7434,-2.4289
-0.631482,-3.93064,1.74241,-2.47792
-0.643047,-3.91435,1.74142,-2.52695
-0.654612,-3.89806,1.74043,-2.57598
-0.666176,-3.88178,1.73944,-2.62501
-0.677741,-3.86549,1.73845,-2.67403
-0.689306,-3.8492,1.73747,-2.72306
-0.700871,-3.83291,1.73648,-2.77209
-0.712435,-3.81663,1.73549,-2.82111
-0.724,-3.80034,1.7345,-2.87014
-0.735565,-3.78405,1.73351,-2.91917
-0.74713,-3.76777,1.73252,-2.9682
-0.758694,-3.75148,1.73153,-3.01722
-0.770259,-3.73519,1.73054,-3.06625
-0.781824,-3.7189,1.72955,-3.11528
-0.793389,-3.70262,1.72856,3.11888
-0.804953,-3.68633,1.72757,3.06985
-0.816518,-3.67004,1.72659,3.02083
-0.828083,-3.65375,1.7256,2.9718
-0.839648,-3.63747,1.72461,2.92277
-0.851213,-3.62118,1.72362,2.87374
-0.862777,-3.60489,1.72263,2.82472
-0.874342,-3.5886,1.72164,2.77569
-0.885907,-3.57232,1.72065,2.72666
-0.897472,-3.55603,1.71966,2.67764
-0.909036,-3.53974,1.71867,2.62861
-0.920601,-3.52345,1.71768,2.57958
-0.932166,-3.50717,1.71669,2.53055
-0.943731,-3.49088,1.71571,2.48153
-0.955295,-3.47459,1.71472,2.4325
-0.96686,-3.45831,1.71373,2.38347
-0.978425,-3.44202,1.71274,2.33445
-0.98999,-3.42573,1.71175,2.28542
-1.00155,-3.40944,1.71076,2.23639
-1.01312,-3.39316,1.70977,2.18736
-1.00194,-3.40966,1.70813,2.24972
-0.99077,-3.42617,1.70649,2.31208
-0.979596,-3.44267,1.70485,2.37444
-0.968421,-3.45918,1.70321,2.43679
-0.957247,-3.47568,1.70157,2.49915
-0.946072,-3.49219,1.69993,2.56151
-0.934898,-3.5087,1.69829,2.62387
-0.923724,-3.5252,1.69665,2.68622
-0.912549,-3.54171,1.69501,2.74858
-0.901375,-3.55821,1.69337,2.81094
-0.8902,-3.57472,1.69172,2.87329
-0.879026,-3.59123,1.69008,2.93565
-0.867851,-3.60773,1.68844,2.99801
-0.856677,-3.62424,1.6868,3.06037
-0.845502,-3.64074,1.68516,3.12272
-0.834328,-3.65725,1.68352,-3.0981
-0.823154,-3.67375,1.68188,-3.03575
-0.811979,-3.69026,1.68024,-2.97339
-0.800805,-3.70677,1.6786,-2.91103
-0.78963,-3.72327,1.67696,-2.84867
-0.778456,-3.73978,1.67532,-2.78632
-0.767281,-3.75628,1.67368,-2.72396
-0.756107,-3.77279,1.67204,-2.6616
-0.744932,-3.78929,1.6704,-2.59924
-0.733758,-3.8058,1.66876,-2.53689
-0.722584,-3.82231,1.66712,-2.47453
-0.711409,-3.83881,1.66548,-2.41217
-0.700235,-3.85532,1.66384,-2.34981
-0.68906,-3.87182,1.6622,-2.28746
-0.677886,-3.88833,1.66056,-2.2251
-0.666711,-3.90484,1.65892,-2.16274
-0.655537,-3.92134,1.65727,-2.10039
-0.644362,-3.93785,1.65563,-2.03803
-0.633188,-3.95435,1.65399,-1.97567
-0.622014,-3.97086,1.65235,-1.91331
-0.610839,-3.98736,1.65071,-1.85096
-0.599665,-4.00387,1.64907,-1.7886
-0.58849,-4.02038,1.64743,-1.72624
-0.577316,-4.03688,1.64579,-1.66388
-0.566141,-4.05339,1.64415,-1.60153
-0.554967,-4.06989,1.64251,-1.53917
-0.543792,-4.0864,1.64087,-1.47681
-0.532618,-4.1029,1.63923,-1.41445
-0.521444,-4.11941,1.63759,-1.3521
-0.510269,-4.13592,1.63595,-1.28974
-0.499095,-4.15242,1.63431,-1.22738
-0.48792,-4.16893,1.63267,-1.16502
-0.476746,-4.18543,1.63103,-1.10267
-0.465571,-4.20194,1.62939,-1.04031
-0.454397,-4.21844,1.62775,-0.977952
-0.464864,-4.20156,1.63003,-0.915961
-0.475332,-4.18467,1.63232,-0.85397
-0.485799,-4.16778,1.6346,-0.791979
-0.496267,-4.15089,1.63689,-0.729988
-0.506734,-4.134,1.63918,-0.667997
-0.517202,-4.11712,1.64146,-0.606006
-0.527669,-4.10023,1.64375,-0.544014
-0.538137,-4.08334,1.64604,-0.482023
-0.548604,-4.06645,1.64832,-0.420032
-0.559072,-4.04956,1.65061,-0.358041
-0.569539,-4.03268,1.6529,-0.29605
-0.580007,-4.01579,1.65518,-0.234059
-0.590474,-3.9989,1.65747,-0.172068
-0.600942,-3.98201,1.65976,-0.110077
-0.611409,-3.96513,1.66204,-0.0480858
-0.621877,-3.94824,1.66433,0.0139053
-0.632344,-3.93135,1.66662,0.0758964
-0.642812,-3.91446,1.6689,0.137887
-0.653279,-3.89757,1.67119,0.199879
-0.663747,-3.88069,1.67347,0.26187
-0.674214,-3.8638,1.67576,0.323861
-0.684682,-3.84691,1.67805,0.385852
-0.695149,-3.83002,1.68033,0.447843
-0.705616,-3.81313,1.68262,0.509834
-0.716084,-3.79625,1.68491,0.571825
-0.726551,-3.77936,1.68719,0.633816
-0.737019,-3.76247,1.68948,0.695807
-0.747486,-3.74558,1.69177,0.757798
-0.757954,-3.72869,1.69405,0.819789
-0.768421,-3.71181,1.69634,0.881781
-0.778889,-3.69492,1.69863,0.943772
-0.789356,-3.67803,1.70091,1.00576
-0.799824,-3.66114,1.7032,1.06775
-0.810291,-3.64425,1.70548,1.12974
-0.820759,-3.62737,1.70777,1.19174
-0.831226,-3.61048,1.71006,1.25373
-0.841694,-3.59359,1.71234,1.31572
-0.852161,-3.5767,1.71463,1.37771
-0.862629,-3.55981,1.71692,1.4397
-0.873096,-3.54293,1.7192,1.50169
-0.883564,-3.52604,1.72149,1.56368
-0.894031,-3.50915,1.72378,1.62567
-0.904499,-3.49226,1.72606,1.68766
-0.914966,-3.47537,1.72835,1.74966
-0.925434,-3.45849,1.73064,1.81165
-0.935901,-3.4416,1.73292,1.87364
-0.946369,-3.42471,1.73521,1.93563
-0.956836,-3.40782,1.73749,1.99762
-0.967304,-3.39093,1.73978,2.05961
-0.977771,-3.37405,1.74207,2.1216
-0.964239,-3.38875,1.7412,2.06262
-0.950707,-3.40345,1.74033,2.00363
-0.937176,-3.41815,1.73946,1.94465
-0.923644,-3.43285,1.73859,1.88566
-0.910112,-3.44755,1.73773,1.82667
-0.89658,-3.46225,1.73686,1.76769
-0.883048,-3.47696,1.73599,1.7087
-0.869517,-3.49166,1.73512,1.64972
-0.855985,-3.50636,1.73425,1.59073
-0.842453,-3.52106,1.73338,1.53175
-0.828921,-3.53576,1.73252,1.47276
-0.815389,-3.55046,1.73165,1.41378
-0.801857,-3.56517,1.73078,1.35479
-0.788326,-3.57987,1.72991,1.2958
-0.774794,-3.59457,1.72904,1.23682
-0.761262,-3.60927,1.72818,1.17783
-0.74773,-3.62397,1.72731,1.11885
-0.734198,-3.63867,1.72644,1.05986
-0.720667,-3.65338,1.72557,1.00088
-0.707135,-3.66808,1.7247,0.941892
-0.693603,-3.68278,1.72383,0.882906
-0.680071,-3.69748,1.72297,0.823921
-0.666539,-3.71218,1.7221,0.764935
-0.653008,-3.72688,1.72123,0.70595
-0.639476,-3.74158,1.72036,0.646964
-0.625944,-3.75629,1.71949,0.587979
-0.612412,-3.77099,1.71862,0.528993
-0.59888,-3.78569,1.71776,0.470008
-0.585348,-3.80039,1.71689,0.411022
-0.571817,-3.81509,1.71602,0.352037
-0.558285,-3.82979,1.71515,0.293051
-0.544753,-3.8445,1.71428,0.234066
-0.531221,-3.8592,1.71342,0.17508
-0.517689,-3.8739,1.71255,0.116095
-0.504158,-3.8886,1.71168,0.0571091
-0.490626,-3.9033,1.71081,-0.00187644
-0.477094,-3.918,1.70994,-0.060862
-0.463562,-3.93271,1.70907,-0.119847
-0.45003,-3.94741,1.70821,-0.178833
-0.436499,-3.96211,1.70734,-0.237819
-0.422967,-3.97681,1.70647,-0.296804
-0.409435,-3.99151,1.7056,-0.35579
-0.395903,-4.00621,1.70473,-0.414775
-0.382371,-4.02091,1.70386,-0.473761
-0.368839,-4.03562,1.703,-0.532746
-0.355308,-4.05032,1.70213,-0.591732
-0.341776,-4.06502,1.70126,-0.650717
-0.328244,-4.07972,1.70039,-0.709703
-0.314712,-4.09442,1.69952,-0.768688
-0.30118,-4.10912,1.69866,-0.827674
-0.296223,-4.12833,1.7012,-0.837526
-0.291265,-4.14754,1.70375,-0.847378
-0.286307,-4.16675,1.7063,-0.857231
-0.281349,-4.18595,1.70885,-0.867083
-0.276391,-4.20516,1.7114,-0.876936
-0.271433,-4.22437,1.71395,-0.886788
-0.266476,-4.24358,1.7165,-0.89664
-0.261518,-4.26278,1.71904,-0.906493
-0.25656,-4.28199,1.72159,-0.916345
-0.251602,-4.3012,1.72414,-0.926198
-0.246644,-4.32041,1.72669,-0.93605
-0.241687,-4.33961,1.72924,-0.945902
-0.236729,-4.35882,1.73179,-0.955755
-0.231771,-4.37803,1.73434,-0.965607
-0.226813,-4.39724,1.73688,-0.97546
-0.221855,-4.41644,1.73943,-0.985312
-0.216897,-4.43565,1.74198,-0.995164
-0.21194,-4.45486,1.74453,-1.00502
-0.206982,-4.47406,1.74708,-1.01487
-0.202024,-4.49327,1.74963,-1.02472
-0.197066,-4.51248,1.75218,-1.03457
-0.192108,-4.53169,1.75472,-1.04443
-0.18715,-4.55089,1.75727,-1.05428
-0.182193,-4.5701,1.75982,-1.06413
-0.177235,-4.58931,1.76237,-1.07398
-0.172277,-4.60852,1.76492,-1.08384
-0.167319,-4.62772,1.76747,-1.09369
-0.162361,-4.64693,1.77002,-1.10354
-0.157403,-4.66614,1.77256,-1.11339
-0.152446,-4.68535,1.77511,-1.12325
-0.147488,-4.70455,1.77766,-1.1331
-0.14253,-4.72376,1.78021,-1.14295
-0.137572,-4.74297,1.78276,-1.1528
-0.132614,-4.76218,1.78531,-1.16266
-0.127657,-4.78138,1.78786,-1.17251
-0.122699,-4.80059,1.7904,-1.18236
-0.117741,-4.8198,1.79295,-1.19221
-0.112783,-4.83901,1.7955,-1.20206
-0.107825,-4.85821,1.79805,-1.21192
-0.102867,-4.87742,1.8006,-1.22177
-0.0979096,-4.89663,1.80315,-1.23162
-0.0929518,-4.91584,1.8057,-1.24147
-0.0879939,-4.93504,1.80824,-1.25133
-0.0830361,-4.95425,1.81079,-1.26118
-0.0780783,-4.97346,1.81334,-1.27103
-0.0731205,-4.99267,1.81589,-1.28088
-0.0681626,-5.01187,1.81844,-1.29074
-0.0632048,-5.03108,1.82099,-1.30059
-0.058247,-5.05029,1.82354,-1.31044
-0.0532892,-5.06949,1.82608,-1.32029
-0.0522895,-5.04957,1.82472,-1.26347
-0.0512899,-5.02964,1.82335,-1.20665
-0.0502903,-5.00971,1.82199,-1.14983
-0.0492906,-4.98978,1.82062,-1.09301
-0.048291,-4.96985,1.81926,-1.03618
-0.0472914,-4.94992,1.81789,-0.979363
-0.0462918,-4.93,1.81653,-0.922541
-0.0452921,-4.91007,1.81516,-0.865719
-0.0442925,-4.89014,1.8138,-0.808898
-0.0432929,-4.87021,1.81243,-0.752076
-0.0422932,-4.85028,1.81107,-0.695254
-0.0412936,-4.83036,1.8097,-0.638432
-0.040294,-4.81043,1.80834,-0.581611
-0.0392943,-4.7905,1.80697,-0.524789
-0.0382947,-4.77057,1.80561,-0.467967
-0.0372951,-4.75064,1.80424,-0.411145
-0.0362955,-4.73071,1.80288,-0.354324
-0.0352958,-4.71079,1.80151,-0.297502
-0.0342962,-4.69086,1.80015,-0.24068
-0.0332966,-4.67093,1.79878,-0.183858
-0.0322969,-4.651,1.79742,-0.127037
-0.0312973,-4.63107,1.79605,-0.0702149
-0.0302977,-4.61114,1.79469,-0.0133932
-0.029298,-4.59122,1.79332,0.0434286
-0.0282984,-4.57129,1.79196,0.10025
-0.0272988,-4.55136,1.79059,0.157072
-0.0262992,-4.53143,1.78923,0.213894
-0.0252995,-4.5115,1.78786,0.270716
-0.0242999,-4.49157,1.78649,0.327537
-0.0233003,-4.47165,1.78513,0.384359
-0.0223006,-4.45172,1.78376,0.441181
-0.021301,-4.43179,1.7824,0.498003
-0.0203014,-4.41186,1.78103,0.554824
-0.0193017,-4.39193,1.77967,0.611646
-0.0183021,-4.372,1.7783,0.668468
-0.0173025,-4.35208,1.77694,0.72529
-0.0163028,-4.33215,1.77557,0.782111
-0.0153032,-4.31222,1.77421,0.838933
-0.0143036,-4.29229,1.77284,0.895755
-0.013304,-4.27236,1.77148,0.952577
-0.0123043,-4.25243,1.77011,1.0094
-0.0113047,-4.23251,1.76875,1.06622
-0.0103051,-4.21258,1.76738,1.12304
-0.00930544,-4.19265,1.76602,1.17986
-0.0083058,-4.17272,1.76465,1.23669
-0.00730617,-4.15279,1.76329,1.29351
-0.00630654,-4.13286,1.76192,1.35033
-0.00530691,-4.11294,1.76056,1.40715
-0.00430728,-4.09301,1.75919,1.46397
-0.00330765,-4.07308,1.75783,1.52079
-0.0146143,-4.05686,1.75483,1.53381
-0.0259209,-4.04064,1.75183,1.54683
-0.0372276,-4.02441,1.74883,1.55984
-0.0485342,-4.00819,1.74583,1.57286
-0.0598409,-3.99197,1.74283,1.58588
-0.0711475,-3.97575,1.73983,1.59889
-0.0824541,-3.95952,1.73683,1.61191
-0.0937608,-3.9433,1.73383,1.62493
-0.105067,-3.92708,1.73084,1.63794
-0.116374,-3.91086,1.72784,1.65096
-0.127681,-3.89463,1.72484,1.66398
-0.138987,-3.87841,1.72184,1.677
-0.150294,-3.86219,1.71884,1.69001
-0.161601,-3.84597,1.71584,1.70303
-0.172907,-3.82974,1.71284,1.71605
-0.184214,-3.81352,1.70984,1.72906
-0.195521,-3.7973,1.70684,1.74208
-0.206827,-3.78108,1.70384,1.7551
-0.218134,-3.76485,1.70084,1.76811
-0.22944,-3.74863,1.69785,1.78113
-0.240747,-3.73241,1.69485,1.79415
-0.252054,-3.71619,1.69185,1.80716
-0.26336,-3.69997,1.68885,1.82018
-0.274667,-3.68374,1.68585,1.8332
-0.285974,-3.66752,1.68285,1.84621
-0.29728,-3.6513,1.67985,1.85923
-0.308587,-3.63508,1.67685,1.87225
-0.319894,-3.61885,1.67385,1.88526
-0.3312,-3.60263,1.67085,1.89828
-0.342507,-3.58641,1.66786,1.9113
-0.353814,-3.57019,1.66486,1.92431
-0.36512,-3.55396,1.66186,1.93733
-0.376427,-3.53774,1.65886,1.95035
-0.387733,-3.52152,1.65586,1.96336
-0.39904,-3.5053,1.65286,1.97638
-0.410347,-3.48907,1.64986,1.9894
-0.421653,-3.47285,1.64686,2.00241
-0.43296,-3.45663,1.64386,2.01543
-0.444267,-3.44041,1.64086,2.02845
-0.455573,-3.42418,1.63787,2.04146
-0.46688,-3.40796,1.63487,2.05448
-0.478187,-3.39174,1.63187,2.0675
-0.489493,-3.37552,1.62887,2.08051
-0.5008,-3.3593,1.62587,2.09353
-0.512107,-3.34307,1.62287,2.10655
-0.523413,-3.32685,1.61987,2.11957
-0.53472,-3.31063,1.61687,2.13258
-0.546026,-3.29441,1.61387,2.1456
-0.557333,-3.27818,1.61087,2.15862
-0.56864,-3.26196,1.60788,2.17163
-0.562104,-3.278,1.59788,2.2291
-0.555569,-3.29405,1.58789,2.28658
-0.549034,-3.31009,1.57789,2.34405
-0.542499,-3.32614,1.5679,2.40152
-0.535963,-3.34218,1.5579,2.459
-0.529428,-3.35822,1.54791,2.51647
-0.522893,-3.37427,1.53792,2.57394
-0.516357,-3.39031,1.52792,2.63141
-0.509822,-3.40636,1.51793,2.68889
-0.503287,-3.4224,1.50793,2.74636
-0.496751,-3.43844,1.49794,2.80383
-0.490216,-3.45449,1.48795,2.8613
-0.483681,-3.47053,1.47795,2.91878
-0.477145,-3.48658,1.46796,2.97625
-0.47061,-3.50262,1.45796,3.03372
-0.464075,-3.51866,1.44797,3.0912
-0.457539,-3.53471,1.43798,-3.13452
-0.451004,-3.55075,1.42798,-3.07704
-0.444469,-3.5668,1.41799,-3.01957
-0.437934,-3.58284,1.40799,-2.9621
-0.431398,-3.59888,1.398,-2.90463
-0.424863,-3.61493,1.38801,-2.84715
-0.418328,-3.63097,1.37801,-2.78968
-0.411792,-3.64702,1.36802,-2.73221
-0.405257,-3.66306,1.35802,-2.67474
-0.398722,-3.6791,1.34803,-2.61726
-0.392186,-3.69515,1.33804,-2.55979
-0.385651,-3.71119,1.32804,-2.50232
-0.379116,-3.72724,1.31805,-2.44484
-0.37258,-3.74328,1.30805,-2.38737
-0.366045,-3.75932,1.29806,-2.3299
-0.35951,-3.77537,1.28807,-2.27243
-0.352974,-3.79141,1.27807,-2.21495
-0.346439,-3.80746,1.26808,-2.15748
-0.339904,-3.8235,1.25808,-2.10001
-0.333369,-3.83954,1.24809,-2.04254
-0.326833,-3.85559,1.2381,-1.98506
-0.320298,-3.87163,1.2281,-1.92759
-0.313763,-3.88768,1.21811,-1.87012
-0.307227,-3.90372,1.20811,-1.81264
-0.300692,-3.91976,1.19812,-1.75517
-0.294157,-3.93581,1.18813,-1.6977
-0.287621,-3.95185,1.17813,-1.64023
-0.281086,-3.9679,1.16814,-1.58275
-0.274551,-3.98394,1.15814,-1.52528
-0.268015,-3.99998,1.14815,-1.46781
-0.26148,-4.01603,1.13816,-1.41034
-0.254945,-4.03207,1.12816,-1.35286
-0.248409,-4.04812,1.11817,-1.29539
-0.241874,-4.06416,1.10817,-1.23792
-0.250056,-4.04602,1.10615,-1.29898
-0.258238,-4.02788,1.10413,-1.36004
-0.26642,-4.00975,1.10211,-1.4211
-0.274602,-3.99161,1.10009,-1.48216
-0.282783,-3.97347,1.09807,-1.54322
-0.290965,-3.95533,1.09605,-1.60428
-0.299147,-3.9372,1.09403,-1.66534
-0.307329,-3.91906,1.09201,-1.7264
-0.315511,-3.90092,1.08999,-1.78746
-0.323693,-3.88278,1.08797,-1.84852
-0.331874,-3.86464,1.08595,-1.90958
-0.340056,-3.84651,1.08392,-1.97064
-0.348238,-3.82837,1.0819,-2.0317
-0.35642,-3.81023,1.07988,-2.09276
-0.364602,-3.79209,1.07786,-2.15382
-0.372784,-3.77396,1.07584,-2.21488
-0.380965,-3.75582,1.07382,-2.27594
-0.389147,-3.73768,1.0718,-2.337
-0.397329,-3.71954,1.06978,-2.39806
-0.405511,-3.70141,1.06776,-2.45912
-0.413693,-3.68327,1.06574,-2.52018
-0.421875,-3.66513,1.06372,-2.58124
-0.430056,-3.64699,1.0617,-2.6423
-0.438238,-3.62886,1.05968,-2.70336
-0.44642,-3.61072,1.05766,-2.76442
-0.454602,-3.59258,1.05563,-2.82548
-0.462784,-3.57444,1.05361,-2.88654
-0.470966,-3.5563,1.05159,-2.9476
-0.479148,-3.53817,1.04957,-3.00866
-0.487329,-3.52003,1.04755,-3.06972
-0.495511,-3.50189,1.04553,-3.13079
-0.503693,-3.48375,1.04351,3.09134
-0.511875,-3.46562,1.04149,3.03028
-0.520057,-3.44748,1.03947,2.96922
-0.528239,-3.42934,1.03745,2.90816
-0.53642,-3.4112,1.03543,2.8471
-0.544602,-3.39307,1.03341,2.78604
-0.552784,-3.37493,1.03139,2.72498
-0.560966,-3.35679,1.02937,2.66392
-0.569148,-3.33865,1.02735,2.60286
-0.57733,-3.32052,1.02532,2.5418
-0.585511,-3.30238,1.0233,2.48074
-0.593693,-3.28424,1.02128,2.41968
-0.601875,-3.2661,1.01926,2.35862
-0.610057,-3.24796,1.01724,2.29756
-0.618239,-3.22983,1.01522,2.2365
-0.626421,-3.21169,1.0132,2.17544
-0.634602,-3.19355,1.01118,2.11438
-0.642784,-3.17541,1.00916,2.05332
-0.650966,-3.15728,1.00714,1.99226
-0.640836,-3.14003,1.00718,1.9732
-0.630706,-3.12279,1.00722,1.95415
-0.620576,-3.10554,1.00727,1.9351
-0.610446,-3.0883,1.00731,1.91605
-0.600316,-3.07105,1.00735,1.897
-0.590186,-3.05381,1.0074,1.87795
-0.580056,-3.03656,1.00744,1.85889
-0.569926,-3.01932,1.00748,1.83984
-0.559796,-3.00207,1.00753,1.82079
-0.549666,-2.98483,1.00757,1.80174
-0.539536,-2.96758,1.00761,1.78269
-0.529406,-2.95034,1.00765,1.76364
-0.519276,-2.9331,1.0077,1.74458
-0.509146,-2.91585,1.00774,1.72553
-0.499015,-2.89861,1.00778,1.70648
-0.488885,-2.88136,1.00783,1.68743
-0.478755,-2.86412,1.00787,1.66838
-0.468625,-2.84687,1.00791,1.64933
-0.458495,-2.82963,1.00796,1.63027
-0.448365,-2.81238,1.008,1.61122
-0.438235,-2.79514,1.00804,1.59217
-0.428105,-2.77789,1.00808,1.57312
-0.417975,-2.76065,1.00813,1.55407
-0.407845,-2.7434,1.00817,1.53502
-0.397715,-2.72616,1.00821,1.51596
-0.387585,-2.70891,1.00826,1.49691
-0.377455,-2.69167,1.0083,1.47786
-0.367325,-2.67442,1.00834,1.45881
-0.357195,-2.65718,1.00839,1.43976
-0.347065,-2.63994,1.00843,1.42071
-0.336935,-2.62269,1.00847,1.40165
-0.326805,-2.60545,1.00851,1.3826
-0.316675,-2.5882,1.00856,1.36355
-0.306545,-2.57096,1.0086,1.3445
-0.296415,-2.55371,1.00864,1.32545
-0.286285,-2.53647,1.00869,1.3064
-0.276154,-2.51922,1.00873,1.28734
-0.266024,-2.50198,1.00877,1.26829
-0.255894,-2.48473,1.00882,1.24924
-0.245764,-2.46749,1.00886,1.23019
-0.235634,-2.45024,1.0089,1.21114
-0.225504,-2.433,1.00894,1.19209
-0.215374,-2.41575,1.00899,1.17303
-0.205244,-2.39851,1.00903,1.15398
-0.195114,-2.38126,1.00907,1.13493
-0.184984,-2.36402,1.00912,1.11588
-0.174854,-2.34677,1.00916,1.09683
-0.164724,-2.32953,1.0092,1.07778
-0.154594,-2.31229,1.00925,1.05872
-0.144464,-2.29504,1.00929,1.03967
-0.151261,-2.31385,1.00939,0.980529
-0.158058,-2.33266,1.0095,0.921384
-0.164855,-2.35147,1.0096,0.86224
-0.171652,-2.37028,1.00971,0.803095
-0.178448,-2.38909,1.00981,0.743951
-0.185245,-2.4079,1.00992,0.684806
-0.192042,-2.42671,1.01002,0.625662
-0.198839,-2.44552,1.01013,0.566517
-0.205636,-2.46432,1.01023,0.507373
-0.212433,-2.48313,1.01034,0.448229
-0.21923,-2.50194,1.01044,0.389084
-0.226027,-2.52075,1.01054,0.32994
-0.232824,-2.53956,1.01065,0.270795
-0.239621,-2.55837,1.01075,0.211651
-0.246418,-2.57718,1.01086,0.152506
-0.253214,-2.59599,1.01096,0.0933619
-0.260011,-2.6148,1.01107,0.0342175
-0.266808,-2.63361,1.01117,-0.0249269
-0.273605,-2.65242,1.01128,-0.0840714
-0.280402,-2.67123,1.01138,-0.143216
-0.287199,-2.69004,1.01149,-0.20236
-0.293996,-2.70885,1.01159,-0.261505
-0.300793,-2.72766,1.0117,-0.320649
-0.30759,-2.74646,1.0118,-0.379794
-0.314387,-2.76527,1.01191,-0.438938
-0.321184,-2.78408,1.01201,-0.498082
-0.32798,-2.80289,1.01211,-0.557227
-0.334777,-2.8217,1.01222,-0.616371
-0.341574,-2.84051,1.01232,-0.675516
-0.348371,-2.85932,1.01243,-0.73466
-0.355168,-2.87813,1.01253,-0.793805
-0.361965,-2.89694,1.01264,-0.852949
-0.368762,-2.91575,1.01274,-0.912093
-0.375559,-2.93456,1.01285,-0.971238
-0.382356,-2.95337,1.01295,-1.03038
-0.389153,-2.97218,1.01306,-1.08953
-0.39595,-2.99099,1.01316,-1.14867
-0.402746,-3.0098,1.01327,-1.20782
-0.409543,-3.0286,1.01337,-1.26696
-0.41634,-3.04741,1.01348,-1.3261
-0.423137,-3.06622,1.01358,-1.38525
-0.429934,-3.08503,1.01368,-1.44439
-0.436731,-3.10384,1.01379,-1.50354
-0.443528,-3.12265,1.01389,-1.56268
-0.450325,-3.14146,1.014,-1.62183
-0.457122,-3.16027,1.0141,-1.68097
-0.463919,-3.17908,1.01421,-1.74012
-0.470716,-3.19789,1.01431,-1.79926
-0.477512,-3.2167,1.01442,-1.8584
-0.484309,-3.23551,1.01452,-1.91755
-0.482814,-3.25431,1.02118,-1.90912
-0.481318,-3.2731,1.02784,-1.90068
-0.479822,-3.2919,1.03451,-1.89225
-0.478327,-3.3107,1.04117,-1.88382
-0.476831,-3.3295,1.04783,-1.87539
-0.475335,-3.3483,1.05449,-1.86696
-0.47384,-3.3671,1.06115,-1.85852
-0.472344,-3.3859,1.06781,-1.85009
-0.470849,-3.4047,1.07447,-1.84166
-0.469353,-3.42349,1.08113,-1.83323
-0.467857,-3.44229,1.08779,-1.8248
-0.466362,-3.46109,1.09446,-1.81636
-0.464866,-3.47989,1.10112,-1.80793
-0.46337,-3.49869,1.10778,-1.7995
-0.461875,-3.51749,1.11444,-1.79107
-0.460379,-3.53629,1.1211,-1.78264
-0.458883,-3.55509,1.12776,-1.7742
-0.457388,-3.57388,1.13442,-1.76577
-0.455892,-3.59268,1.14108,-1.75734
-0.454396,-3.61148,1.14774,-1.74891
-0.452901,-3.63028,1.1544,-1.74047
-0.451405,-3.64908,1.16107,-1.73204
-0.449909,-3.66788,1.16773,-1.72361
-0.448414,-3.68668,1.17439,-1.71518
-0.446918,-3.70548,1.18105,-1.70675
-0.445422,-3.72427,1.18771,-1.69831
-0.443927,-3.74307,1.19437,-1.68988
-0.442431,-3.76187,1.20103,-1.68145
-0.440935,-3.78067,1.20769,-1.67302
-0.43944,-3.79947,1.21435,-1.66459
-0.437944,-3.81827,1.22102,-1.65615
-0.436448,-3.83707,1.22768,-1.64772
-0.434953,-3.85587,1.23434,-1.63929
-0.433457,-3.87466,1.241,-1.63086
-0.431962,-3.89346,1.24766,-1.62243
-0.430466,-3.91226,1.25432,-1.61399
-0.42897,-3.93106,1.26098,-1.60556
-0.427475,-3.94986,1.26764,-1.59713
-0.425979,-3.96866,1.2743,-1.5887
-0.424483,-3.98746,1.28097,-1.58026
-0.422988,-4.00626,1.28763,-1.57183
-0.421492,-4.02505,1.29429,-1.5634
-0.419996,-4.04385,1.30095,-1.55497
-0.418501,-4.06265,1.30761,-1.54654
-0.417005,-4.08145,1.31427,-1.5381
-0.415509,-4.10025,1.32093,-1.52967
-0.414014,-4.11905,1.32759,-1.52124
-0.412518,-4.13785,1.33425,-1.51281
-0.411022,-4.15665,1.34092,-1.50438
-0.409527,-4.17544,1.34758,-1.49594
-0.427223,-4.18476,1.3473,-1.51916
-0.444919,-4.19407,1.34702,-1.54238
-0.462615,-4.20339,1.34674,-1.5656
-0.480311,-4.2127,1.34646,-1.58882
-0.498007,-4.22202,1.34618,-1.61204
-0.515703,-4.23134,1.3459,-1.63525
-0.533399,-4.24065,1.34562,-1.65847
-0.551095,-4.24997,1.34535,-1.68169
-0.568791,-4.25928,1.34507,-1.70491
-0.586488,-4.2686,1.34479,-1.72813
-0.604184,-4.27791,1.34451,-1.75135
-0.62188,-4.28723,1.34423,-1.77457
-0.639576,-4.29654,1.34395,-1.79778
-0.657272,-4.30586,1.34367,-1.821
-0.674968,-4.31517,1.34339,-1.84422
-0.692664,-4.32449,1.34311,-1.86744
-0.71036,-4.3338,1.34283,-1.89066
-0.728056,-4.34312,1.34256,-1.91388
-0.745752,-4.35243,1.34228,-1.9371
-0.763448,-4.36175,1.342,-1.96031
-0.781144,-4.37106,1.34172,-1.98353
-0.798841,-4.38038,1.34144,-2.00675
-0.816537,-4.38969,1.34116,-2.02997
-0.834233,-4.39901,1.34088,-2.05319
-0.851929,-4.40832,1.3406,-2.07641
-0.869625,-4.41764,1.34032,-2.09963
-0.887321,-4.42695,1.34005,-2.12284
-0.905017,-4.43627,1.33977,-2.14606
-0.922713,-4.44558,1.33949,-2.16928
-0.940409,-4.4549,1.33921,-2.1925
-0.958105,-4.46421,1.33893,-2.21572
-0.975801,-4.47353,1.33865,-2.23894
-0.993498,-4.48284,1.33837,-2.26216
-1.01119,-4.49216,1.33809,-2.28537
-1.02889,-4.50147,1.33781,-2.30859
-1.04659,-4.51079,1.33753,-2.33181
-1.06428,-4.5201,1.33726,-2.35503
-1.08198,-4.52942,1.33698,-2.37825
-1.09967,-4.53873,1.3367,-2.40147
-1.11737,-4.54805,1.33642,-2.42468
-1.13507,-4.55736,1.33614,-2.4479
-1.15276,-4.56668,1.33586,-2.47112
-1.17046,-4.57599,1.33558,-2.49434
-1.18815,-4.58531,1.3353,-2.51756
-1.20585,-4.59462,1.33502,-2.54078
-1.22355,-4.60394,1.33475,-2.564
-1.24124,-4.61325,1.33447,-2.58721
-1.25894,-4.62257,1.33419,-2.61043
-1.27663,-4.63188,1.33391,-2.63365
-1.29433,-4.6412,1.33363,-2.65687
-1.28691,-4.65971,1.33511,-2.62755
-1.27949,-4.67823,1.3366,-2.59823
-1.27208,-4.69674,1.33808,-2.56891
-1.26466,-4.71525,1.33956,-2.53959
-1.25724,-4.73377,1.34105,-2.51026
-1.24982,-4.75228,1.34253,-2.48094
-1.2424,-4.7708,1.34401,-2.45162
-1.23499,-4.78931,1.3455,-2.4223
-1.22757,-4.80783,1.34698,-2.39298
-1.22015,-4.82634,1.34846,-2.36366
-1.21273,-4.84485,1.34995,-2.33434
-1.20531,-4.86337,1.35143,-2.30502
-1.19789,-4.88188,1.35291,-2.27569
-1.19048,-4.9004,1.3544,-2.24637
-1.18306,-4.91891,1.35588,-2.21705
-1.17564,-4.93742,1.35736,-2.18773
-1.16822,-4.95594,1.35885,-2.15841
-1.1608,-4.97445,1.36033,-2.12909
-1.15339,-4.99297,1.36181,-2.09977
-1.14597,-5.01148,1.3633,-2.07045
-1.13855,-5.02999,1.36478,-2.04112
-1.13113,-5.04851,1.36626,-2.0118
-1.12371,-5.06702,1.36775,-1.98248
-1.11629,-5.08554,1.36923,-1.95316
-1.10888,-5.10405,1.37071,-1.92384
-1.10146,-5.12256,1.37219,-1.89452
-1.09404,-5.14108,1.37368,-1.8652
-1.08662,-5.15959,1.37516,-1.83588
-1.0792,-5.17811,1.37664,-1.80655
-1.07179,-5.19662,1.37813,-1.77723
-1.06437,-5.21513,1.37961,-1.74791
-1.05695,-5.23365,1.38109,-1.71859
-1.04953,-5.25216,1.38258,-1.68927
-1.04211,-5.27068,1.38406,-1.65995
-1.03469,-5.28919,1.38554,-1.63063
-1.02728,-5.30771,1.38703,-1.60131
-1.01986,-5.32622,1.38851,-1.57199
-1.01244,-5.34473,1.38999,-1.54266
-1.00502,-5.36325,1.39148,-1.51334
-0.997604,-5.38176,1.39296,-1.48402
-0.990186,-5.40028,1.39444,-1.4547
-0.982768,-5.41879,1.39593,-1.42538
-0.97535,-5.4373,1.39741,-1.39606
-0.967931,-5.45582,1.39889,-1.36674
-0.960513,-5.47433,1.40038,-1.33742
-0.953095,-5.49285,1.40186,-1.30809
-0.945677,-5.51136,1.40334,-1.27877
-0.938259,-5.52987,1.40483,-1.24945
-0.930841,-5.54839,1.40631,-1.22013
-0.923422,-5.5669,1.40779,-1.19081
-0.905606,-5.57578,1.40585,-1.17643
-0.88779,-5.58466,1.40391,-1.16204
-0.869973,-5.59353,1.40196,-1.14766
-0.852157,-5.60241,1.40002,-1.13328
-0.83434,-5.61129,1.39808,-1.11889
-0.816524,-5.62016,1.39613,-1.10451
-0.798707,-5.62904,1.39419,-1.09013
-0.780891,-5.63792,1.39225,-1.07574
-0.763075,-5.64679,1.3903,-1.06136
-0.745258,-5.65567,1.38836,-1.04698
-0.727442,-5.66455,1.38642,-1.03259
-0.709625,-5.67342,1.38447,-1.01821
-0.691809,-5.6823,1.38253,-1.00383
-0.673992,-5.69118,1.38059,-0.989443
-0.656176,-5.70005,1.37864,-0.97506
-0.638359,-5.70893,1.3767,-0.960677
-0.620543,-5.71781,1.37476,-0.946294
-0.602727,-5.72668,1.37281,-0.93191
-0.58491,-5.73556,1.37087,-0.917527
-0.567094,-5.74444,1.36893,-0.903144
-0.549277,-5.75332,1.36698,-0.88876
-0.531461,-5.76219,1.36504,-0.874377
-0.513644,-5.77107,1.3631,-0.859994
-0.495828,-5.77995,1.36115,-0.845611
-0.478012,-5.78882,1.35921,-0.831227
-0.460195,-5.7977,1.35727,-0.816844
-0.442379,-5.80658,1.35532,-0.802461
-0.424562,-5.81545,1.35338,-0.788078
-0.406746,-5.82433,1.35144,-0.773694
-0.388929,-5.83321,1.34949,-0.759311
-0.371113,-5.84208,1.34755,-0.744928
-0.353296,-5.85096,1.34561,-0.730545
-0.33548,-5.85984,1.34366,-0.716161
-0.317664,-5.86871,1.34172,-0.701778
-0.299847,-5.87759,1.33978,-0.687395
-0.282031,-5.88647,1.33783,-0.673011
-0.264214,-5.89534,1.33589,-0.658628
-0.246398,-5.90422,1.33395,-0.644245
-0.228581,-5.9131,1.332,-0.629862
-0.210765,-5.92198,1.33006,-0.615478
-0.192949,-5.93085,1.32812,-0.601095
-0.175132,-5.93973,1.32617,-0.586712
-0.157316,-5.94861,1.32423,-0.572329
-0.139499,-5.95748,1.32229,-0.557945
-0.121683,-5.96636,1.32034,-0.543562
-0.103866,-5.97524,1.3184,-0.529179
-0.0860499,-5.98411,1.31646,-0.514795
-0.0682335,-5.99299,1.31451,-0.500412
-0.0504171,-6.00187,1.31257,-0.486029
-0.0326006,-6.01074,1.31063,-0.471646
-0.013024,-6.01078,1.31472,-0.466335
0.00655263,-6.01082,1.31881,-0.461025
0.0261293,-6.01085,1.32291,-0.455714
0.0457059,-6.01089,1.327,-0.450404
0.0652825,-6.01093,1.33109,-0.445094
0.0848591,-6.01097,1.33519,-0.439783
0.104436,-6.011,1.33928,-0.434473
0.124012,-6.01104,1.34337,-0.429162
0.143589,-6.01108,1.34747,-0.423852
0.163166,-6.01112,1.35156,-0.418541
0.182742,-6.01115,1.35565,-0.413231
0.202319,-6.01119,1.35975,-0.407921
0.221896,-6.01123,1.36384,-0.40261
0.241472,-6.01126,1.36793,-0.3973
0.261049,-6.0113,1.37202,-0.391989
0.280625,-6.01134,1.37612,-0.386679
0.300202,-6.01138,1.38021,-0.381369
0.319779,-6.01141,1.3843,-0.376058
0.339355,-6.01145,1.3884,-0.370748
0.358932,-6.01149,1.39249,-0.365437
0.378509,-6.01152,1.39658,-0.360127
0.398085,-6.01156,1.40068,-0.354816
0.417662,-6.0116,1.40477,-0.349506
0.437238,-6.01164,1.40886,-0.344196
0.456815,-6.01167,1.41296,-0.338885
0.476392,-6.01171,1.41705,-0.333575
0.495968,-6.01175,1.42114,-0.328264
0.515545,-6.01178,1.42524,-0.322954
0.535122,-6.01182,1.42933,-0.317644
0.554698,-6.01186,1.43342,-0.312333
0.574275,-6.0119,1.43752,-0.307023
0.593851,-6.01193,1.44161,-0.301712
0.613428,-6.01197,1.4457,-0.296402
0.633005,-6.01201,1.4498,-0.291091
0.652581,-6.01205,1.45389,-0.285781
0.672158,-6.01208,1.45798,-0.280471
0.691735,-6.01212,1.46208,-0.27516
0.711311,-6.01216,1.46617,-0.26985
0.730888,-6.01219,1.47026,-0.264539
0.750464,-6.01223,1.47435,-0.259229
0.770041,-6.01227,1.47845,-0.253919
0.789618,-6.01231,1.48254,-0.248608
0.809194,-6.01234,1.48663,-0.243298
0.828771,-6.01238,1.49073,-0.237987
0.848348,-6.01242,1.49482,-0.232677
0.867924,-6.01245,1.49891,-0.227366
0.887501,-6.01249,1.50301,-0.222056
0.907078,-6.01253,1.5071,-0.216746
0.926654,-6.01257,1.51119,-0.211435
0.946231,-6.0126,1.51529,-0.206125
0.965344,-6.018,1.51765,-0.20798
0.984458,-6.02339,1.52001,-0.209834
1.00357,-6.02879,1.52237,-0.211689
1.02268,-6.03418,1.52473,-0.213544
1.0418,-6.03957,1.5271,-0.215398
1.06091,-6.04497,1.52946,-0.217253
1.08002,-6.05036,1.53182,-0.219108
1.09914,-6.05576,1.53418,-0.220963
1.11825,-6.06115,1.53654,-0.222817
1.13737,-6.06655,1.53891,-0.224672
1.15648,-6.07194,1.54127,-0.226527
1.17559,-6.07733,1.54363,-0.228382
1.19471,-6.08273,1.54599,-0.230236
1.21382,-6.08812,1.54835,-0.232091
1.23293,-6.09352,1.55072,-0.233946
1.25205,-6.09891,1.55308,-0.235801
1.27116,-6.1043,1.55544,-0.237655
1.29027,-6.1097,1.5578,-0.23951
1.30939,-6.11509,1.56016,-0.241365
1.3285,-6.12049,1.56253,-0.24322
1.34761,-6.12588,1.56489,-0.245074
1.36673,-6.13128,1.56725,-0.246929
1.38584,-6.13667,1.56961,-0.248784
1.40495,-6.14206,1.57197,-0.250638
1.42407,-6.14746,1.57434,-0.252493
1.44318,-6.15285,1.5767,-0.254348
1.46229,-6.15825,1.57906,-0.256203
1.48141,-6.16364,1.58142,-0.258057
1.50052,-6.16903,1.58378,-0.259912
1.51963,-6.17443,1.58615,-0.261767
1.53875,-6.17982,1.58851,-0.263622
1.55786,-6.18522,1.59087,-0.265476
1.57697,-6.19061,1.59323,-0.267331
1.59609,-6.19601,1.59559,-0.269186
1.6152,-6.2014,1.59796,-0.271041
1.63431,-6.20679,1.60032,-0.272895
1.65343,-6.21219,1.60268,-0.27475
1.67254,-6.21758,1.60504,-0.276605
1.69166,-6.22298,1.6074,-0.27846
1.71077,-6.22837,1.60977,-0.280314
1.72988,-6.23376,1.61213,-0.282169
1.749,-6.23916,1.61449,-0.284024
1.76811,-6.24455,1.61685,-0.285878
1.78722,-6.24995,1.61921,-0.287733
1.80634,-6.25534,1.62158,-0.289588
1.82545,-6.26074,1.62394,-0.291443
1.84456,-6.26613,1.6263,-0.293297
1.86368,-6.27152,1.62866,-0.295152
1.88279,-6.27692,1.63102,-0.297007
1.9019,-6.28231,1.63339,-0.298862
1.91833,-6.27114,1.63571,-0.28074
1.93475,-6.25997,1.63803,-0.262618
1.95118,-6.24879,1.64035,-0.244496
1.9676,-6.23762,1.64267,-0.226374
1.98403,-6.22645,1.64499,-0.208252
2.00045,-6.21527,1.64732,-0.19013
2.01688,-6.2041,1.64964,-0.172008
2.0333,-6.19293,1.65196,-0.153886
2.04972,-6.18175,1.65428,-0.135765
2.06615,-6.17058,1.6566,-0.117643
2.08257,-6.15941,1.65892,-0.0995207
2.099,-6.14823,1.66124,-0.0813988
2.11542,-6.13706,1.66357,-0.0632769
2.13185,-6.12589,1.66589,-0.045155
2.14827,-6.11471,1.66821,-0.0270331
2.1647,-6.10354,1.67053,-0.00891118
2.18112,-6.09237,1.67285,0.00921072
2.19755,-6.08119,1.67517,0.0273326
2.21397,-6.07002,1.6775,0.0454545
2.23039,-6.05885,1.67982,0.0635764
2.24682,-6.04767,1.68214,0.0816983
2.26324,-6.0365,1.68446,0.0998202
2.27967,-6.02533,1.68678,0.117942
2.29609,-6.01415,1.6891,0.136064
2.31252,-6.00298,1.69142,0.154186
2.32894,-5.99181,1.69375,0.172308
2.34537,-5.98063,1.69607,0.19043
2.36179,-5.96946,1.69839,0.208552
2.37822,-5.95829,1.70071,0.226674
2.39464,-5.94711,1.70303,0.244795
2.41107,-5.93594,1.70535,0.262917
2.42749,-5.92477,1.70768,0.281039
2.44391,-5.91359,1.71,0.299161
2.46034,-5.90242,1.71232,0.317283
2.47676,-5.89125,1.71464,0.335405
2.49319,-5.88007,1.71696,0.353527
2.50961,-5.8689,1.71928,0.371649
2.52604,-5.85773,1.7216,0.389771
2.54246,-5.84655,1.72393,0.407893
2.55889,-5.83538,1.72625,0.426015
2.57531,-5.82421,1.72857,0.444136
2.59174,-5.81303,1.73089,0.462258
2.60816,-5.80186,1.73321,0.48038
2.62459,-5.79069,1.73553,0.498502
2.64101,-5.77951,1.73786,0.516624
2.65743,-5.76834,1.74018,0.534746
2.67386,-5.75717,1.7425,0.552868
2.69028,-5.74599,1.74482,0.57099
2.70671,-5.73482,1.74714,0.589112
2.72313,-5.72365,1.74946,0.607234
2.72605,-5.7055,1.74157,0.62358
2.72896,-5.68736,1.73368,0.639926
2.73188,-5.66921,1.72579,0.656272
2.73479,-5.65106,1.7179,0.672618
2.73771,-5.63292,1.71001,0.688964
2.74062,-5.61477,1.70212,0.705311
2.74354,-5.59663,1.69423,0.721657
2.74645,-5.57848,1.68634,0.738003
2.74936,-5.56034,1.67845,0.754349
2.75228,-5.54219,1.67056,0.770695
2.75519,-5.52405,1.66267,0.787041
2.75811,-5.5059,1.65478,0.803388
2.76102,-5.48776,1.64689,0.819734
2.76394,-5.46961,1.639,0.83608
2.76685,-5.45147,1.63112,0.852426
2.76977,-5.43332,1.62323,0.868772
2.77268,-5.41517,1.61534,0.885118
2.7756,-5.39703,1.60745,0.901465
2.77851,-5.37888,1.59956,0.917811
2.78143,-5.36074,1.59167,0.934157
2.78434,-5.34259,1.58378,0.950503
2.78726,-5.32445,1.57589,0.966849
2.79017,-5.3063,1.568,0.983195
2.79308,-5.28816,1.56011,0.999542
2.796,-5.27001,1.55222,1.01589
2.79891,-5.25187,1.54433,1.03223
2.80183,-5.23372,1.53644,1.04858
2.80474,-5.21558,1.52855,1.06493
2.80766,-5.19743,1.52066,1.08127
2.81057,-5.17928,1.51277,1.09762
2.81349,-5.16114,1.50488,1.11396
2.8164,-5.14299,1.49699,1.13031
2.81932,-5.12485,1.4891,1.14666
2.82223,-5.1067,1.48121,1.163
2.82515,-5.08856,1.47332,1.17935
2.82806,-5.07041,1.46543,1.1957
2.83098,-5.05227,1.45754,1.21204
2.83389,-5.03412,1.44965,1.22839
2.8368,-5.01598,1.44176,1.24473
2.83972,-4.99783,1.43387,1.26108
2.84263,-4.97969,1.42598,1.27743
2.84555,-4.96154,1.41809,1.29377
2.84846,-4.94339,1.4102,1.31012
2.85138,-4.92525,1.40231,1.32646
2.85429,-4.9071,1.39442,1.34281
2.85721,-4.88896,1.38653,1.35916
2.86012,-4.87081,1.37864,1.3755
2.86304,-4.85267,1.37075,1.39185
2.86595,-4.83452,1.36286,1.4082
2.86887,-4.81638,1.35497,1.42454
2.85586,-4.80119,1.3554,1.44162
2.84286,-4.786,1.35584,1.45871
2.82985,-4.77081,1.35627,1.47579
2.81685,-4.75562,1.3567,1.49287
2.80385,-4.74043,1.35714,1.50995
2.79084,-4.72524,1.35757,1.52703
2.77784,-4.71005,1.358,1.54412
2.76483,-4.69486,1.35844,1.5612
2.75183,-4.67968,1.35887,1.57828
2.73883,-4.66449,1.3593,1.59536
2.72582,-4.6493,1.35974,1.61245
2.71282,-4.63411,1.36017,1.62953
2.69981,-4.61892,1.3606,1.64661
2.68681,-4.60373,1.36104,1.66369
2.6738,-4.58854,1.36147,1.68077
2.6608,-4.57335,1.3619,1.69786
2.6478,-4.55816,1.36234,1.71494
2.63479,-4.54297,1.36277,1.73202
2.62179,-4.52779,1.3632,1.7491
2.60878,-4.5126,1.36364,1.76619
2.59578,-4.49741,1.36407,1.78327
2.58278,-4.48222,1.3645,1.80035
2.56977,-4.46703,1.36494,1.81743
2.55677,-4.45184,1.36537,1.83451
2.54376,-4.43665,1.3658,1.8516
2.53076,-4.42146,1.36624,1.86868
2.51776,-4.40627,1.36667,1.88576
2.50475,-4.39108,1.3671,1.90284
2.49175,-4.3759,1.36754,1.91993
2.47874,-4.36071,1.36797,1.93701
2.46574,-4.34552,1.3684,1.95409
2.45273,-4.33033,1.36884,1.97117
2.43973,-4.31514,1.36927,1.98825
2.42673,-4.29995,1.3697,2.00534
2.41372,-4.28476,1.37014,2.02242
2.40072,-4.26957,1.37057,2.0395
2.38771,-4.25438,1.371,2.05658
2.37471,-4.2392,1.37143,2.07367
2.36171,-4.22401,1.37187,2.09075
2.3487,-4.20882,1.3723,2.10783
2.3357,-4.19363,1.37273,2.12491
2.32269,-4.17844,1.37317,2.14199
2.30969,-4.16325,1.3736,2.15908
2.29669,-4.14806,1.37403,2.17616
2.28368,-4.13287,1.37447,2.19324
2.27068,-4.11768,1.3749,2.21032
2.25767,-4.10249,1.37533,2.2274
2.24467,-4.08731,1.37577,2.24449
2.23166,-4.07212,1.3762,2.26157
2.21866,-4.05693,1.37663,2.27865
2.23778,-4.06262,1.37802,2.22713
2.25691,-4.06832,1.3794,2.17561
2.27603,-4.07401,1.38078,2.12409
2.29515,-4.0797,1.38217,2.07257
2.31427,-4.0854,1.38355,2.02105
2.33339,-4.09109,1.38493,1.96953
2.35252,-4.09679,1.38632,1.91801
2.37164,-4.10248,1.3877,1.86649
2.39076,-4.10818,1.38909,1.81497
2.40988,-4.11387,1.39047,1.76345
2.42901,-4.11957,1.39185,1.71193
2.44813,-4.12526,1.39324,1.66041
2.46725,-4.13095,1.39462,1.60889
2.48637,-4.13665,1.396,1.55737
2.50549,-4.14234,1.39739,1.50585
2.52462,-4.14804,1.39877,1.45433
2.54374,-4.15373,1.40015,1.40281
2.56286,-4.15943,1.40154,1.35129
2.58198,-4.16512,1.40292,1.29977
2.60111,-4.17081,1.4043,1.24825
2.62023,-4.17651,1.40569,1.19672
2.63935,-4.1822,1.40707,1.1452
2.65847,-4.1879,1.40845,1.09368
2.67759,-4.19359,1.40984,1.04216
2.69672,-4.19929,1.41122,0.990644
2.71584,-4.20498,1.4126,0.939123
2.73496,-4.21068,1.41399,0.887603
2.75408,-4.21637,1.41537,0.836083
2.77321,-4.22206,1.41675,0.784562
2.79233,-4.22776,1.41814,0.733042
2.81145,-4.23345,1.41952,0.681522
2.83057,-4.23915,1.4209,0.630002
2.84969,-4.24484,1.42229,0.578481
2.86882,-4.25054,1.42367,0.526961
2.88794,-4.25623,1.42505,0.475441
2.90706,-4.26192,1.42644,0.42392
2.92618,-4.26762,1.42782,0.3724
2.94531,-4.27331,1.4292,0.32088
2.96443,-4.27901,1.43059,0.269359
2.98355,-4.2847,1.43197,0.217839
3.00267,-4.2904,1.43336,0.166319
3.02179,-4.29609,1.43474,0.114798
3.04092,-4.30179,1.43612,0.0632781
3.06004,-4.30748,1.43751,0.0117578
3.07916,-4.31317,1.43889,-0.0397625
3.09828,-4.31887,1.44027,-0.0912828
3.11741,-4.32456,1.44166,-0.142803
3.13653,-4.33026,1.44304,-0.194323
3.15565,-4.33595,1.44442,-0.245844
3.17477,-4.34165,1.44581,-0.297364
3.16517,-4.32411,1.446,-0.249979
3.15556,-4.30657,1.4462,-0.202594
3.14595,-4.28903,1.44639,-0.15521
3.13634,-4.27149,1.44659,-0.107825
3.12674,-4.25395,1.44678,-0.06044
3.11713,-4.2364,1.44698,-0.0130552
3.10752,-4.21886,1.44717,0.0343296
3.09791,-4.20132,1.44737,0.0817144
3.08831,-4.18378,1.44756,0.129099
3.0787,-4.16624,1.44776,0.176484
3.06909,-4.1487,1.44795,0.223869
3.05948,-4.13116,1.44815,0.271254
3.04988,-4.11362,1.44834,0.318638
3.04027,-4.09608,1.44854,0.366023
3.03066,-4.07854,1.44873,0.413408
3.02105,-4.061,1.44893,0.460793
3.01145,-4.04346,1.44912,0.508178
3.00184,-4.02592,1.44932,0.555562
2.99223,-4.00838,1.44951,0.602947
2.98262,-3.99084,1.44971,0.650332
2.97302,-3.9733,1.4499,0.697717
2.96341,-3.95576,1.4501,0.745102
2.9538,-3.93822,1.45029,0.792487
2.94419,-3.92068,1.45049,0.839871
2.93459,-3.90314,1.45068,0.887256
2.92498,-3.8856,1.45088,0.934641
2.91537,-3.86806,1.45107,0.982026
2.90576,-3.85052,1.45127,1.02941
2.89616,-3.83298,1.45146,1.0768
2.88655,-3.81544,1.45166,1.12418
2.87694,-3.7979,1.45185,1.17156
2.86733,-3.78036,1.45205,1.21895
2.85773,-3.76282,1.45224,1.26633
2.84812,-3.74528,1.45244,1.31372
2.83851,-3.72774,1.45263,1.3611
2.8289,-3.7102,1.45283,1.40849
2.8193,-3.69266,1.45302,1.45587
2.80969,-3.67512,1.45322,1.50326
2.80008,-3.65758,1.45342,1.55064
2.79047,-3.64004,1.45361,1.59803
2.78087,-3.6225,1.45381,1.64541
2.77126,-3.60496,1.454,1.6928
2.76165,-3.58742,1.4542,1.74018
2.75204,-3.56988,1.45439,1.78757
2.74244,-3.55234,1.45459,1.83495
2.73283,-3.5348,1.45478,1.88234
2.72322,-3.51726,1.45498,1.92972
2.71361,-3.49972,1.45517,1.97711
2.70401,-3.48218,1.45537,2.02449
2.6944,-3.46464,1.45556,2.07188
2.70612,-3.48009,1.45069,2.01155
2.71784,-3.49555,1.44583,1.95122
2.72956,-3.51101,1.44096,1.89088
2.74128,-3.52647,1.43609,1.83055
2.753,-3.54192,1.43122,1.77022
2.76472,-3.55738,1.42635,1.70989
2.77644,-3.57284,1.42149,1.64956
2.78816,-3.5883,1.41662,1.58923
2.79988,-3.60375,1.41175,1.5289
2.81161,-3.61921,1.40688,1.46857
2.82333,-3.63467,1.40201,1.40824
2.83505,-3.65012,1.39715,1.34791
2.84677,-3.66558,1.39228,1.28758
2.85849,-3.68104,1.38741,1.22725
2.87021,-3.6965,1.38254,1.16692
2.88193,-3.71195,1.37767,1.10659
2.89365,-3.72741,1.37281,1.04626
2.90537,-3.74287,1.36794,0.985928
2.91709,-3.75833,1.36307,0.925597
2.92881,-3.77378,1.3582,0.865267
2.94053,-3.78924,1.35333,0.804936
2.95225,-3.8047,1.34847,0.744606
2.96397,-3.82016,1.3436,0.684275
2.97569,-3.83561,1.33873,0.623945
2.98741,-3.85107,1.33386,0.563614
2.99913,-3.86653,1.32899,0.503284
3.01086,-3.88199,1.32413,0.442953
3.02258,-3.89744,1.31926,0.382623
3.0343,-3.9129,1.31439,0.322292
3.04602,-3.92836,1.30952,0.261962
3.05774,-3.94382,1.30465,0.201631
3.06946,-3.95927,1.29979,0.141301
3.08118,-3.97473,1.29492,0.0809705
3.0929,-3.99019,1.29005,0.02064
3.10462,-4.00564,1.28518,-0.0396904
3.11634,-4.0211,1.28031,-0.100021
3.12806,-4.03656,1.27545,-0.160351
3.13978,-4.05202,1.27058,-0.220682
3.1515,-4.06747,1.26571,-0.281012
3.16322,-4.08293,1.26084,-0.341343
3.17494,-4.09839,1.25597,-0.401673
3.18666,-4.11385,1.25111,-0.462004
3.19838,-4.1293,1.24624,-0.522334
3.2101,-4.14476,1.24137,-0.582665
3.22183,-4.16022,1.2365,-0.642995
3.23355,-4.17568,1.23163,-0.703326
3.24527,-4.19113,1.22677,-0.763656
3.25699,-4.20659,1.2219,-0.823987
3.26871,-4.22205,1.21703,-0.884317
3.28043,-4.23751,1.21216,-0.944648
3.26749,-4.22225,1.21208,-1.00593
3.25455,-4.207,1.212,-1.06722
3.24161,-4.19175,1.21192,-1.1285
3.22868,-4.1765,1.21185,-1.18978
3.21574,-4.16125,1.21177,-1.25107
3.2028,-4.146,1.21169,-1.31235
3.18986,-4.13075,1.21161,-1.37364
3.17692,-4.1155,1.21153,-1.43492
3.16398,-4.10025,1.21145,-1.49621
3.15105,-4.08499,1.21137,-1.55749
3.13811,-4.06974,1.21129,-1.61877
3.12517,-4.05449,1.21121,-1.68006
3.11223,-4.03924,1.21113,-1.74134
3.09929,-4.02399,1.21105,-1.80263
3.08635,-4.00874,1.21097,-1.86391
3.07342,-3.99349,1.21089,-1.9252
3.06048,-3.97824,1.21081,-1.98648
3.04754,-3.96299,1.21073,-2.04776
3.0346,-3.94773,1.21066,-2.10905
3.02166,-3.93248,1.21058,-2.17033
3.00873,-3.91723,1.2105,-2.23162
2.99579,-3.90198,1.21042,-2.2929
2.98285,-3.88673,1.21034,-2.35419
2.96991,-3.87148,1.21026,-2.41547
2.95697,-3.85623,1.21018,-2.47675
2.94403,-3.84098,1.2101,-2.53804
2.9311,-3.82573,1.21002,-2.59932
2.91816,-3.81048,1.20994,-2.66061
2.90522,-3.79522,1.20986,-2.72189
2.89228,-3.77997,1.20978,-2.78318
2.87934,-3.76472,1.2097,-2.84446
2.8664,-3.74947,1.20962,-2.90574
2.85347,-3.73422,1.20954,-2.96703
2.84053,-3.71897,1.20947,-3.02831
2.82759,-3.70372,1.20939,-3.0896
2.81465,-3.68847,1.20931,3.1323
2.80171,-3.67322,1.20923,3.07102
2.78878,-3.65796,1.20915,3.00974
2.77584,-3.64271,1.20907,2.94845
2.7629,-3.62746,1.20899,2.88717
2.74996,-3.61221,1.20891,2.82588
2.73702,-3.59696,1.20883,2.7646
2.72408,-3.58171,1.20875,2.70331
2.71115,-3.56646,1.20867,2.64203
2.69821,-3.55121,1.20859,2.58075
2.68527,-3.53596,1.20851,2.51946
2.67233,-3.5207,1.20843,2.45818
2.65939,-3.50545,1.20835,2.39689
2.64645,-3.4902,1.20828,2.33561
2.63352,-3.47495,1.2082,2.27432
2.643,-3.49255,1.20787,2.33297
2.65249,-3.51016,1.20755,2.39162
2.66198,-3.52776,1.20723,2.45026
2.67147,-3.54536,1.20691,2.50891
2.68096,-3.56297,1.20659,2.56756
2.69044,-3.58057,1.20626,2.62621
2.69993,-3.59817,1.20594,2.68485
2.70942,-3.61578,1.20562,2.7435
2.71891,-3.63338,1.2053,2.80215
2.7284,-3.65098,1.20498,2.86079
2.73788,-3.66859,1.20465,2.91944
2.74737,-3.68619,1.20433,2.97809
2.75686,-3.70379,1.20401,3.03673
2.76635,-3.7214,1.20369,3.09538
2.77584,-3.739,1.20337,-3.12916
2.78532,-3.7566,1.20305,-3.07051
2.79481,-3.77421,1.20272,-3.01186
2.8043,-3.79181,1.2024,-2.95322
2.81379,-3.80941,1.20208,-2.89457
2.82328,-3.82702,1.20176,-2.83592
2.83276,-3.84462,1.20144,-2.77728
2.84225,-3.86222,1.20111,-2.71863
2.85174,-3.87983,1.20079,-2.65998
2.86123,-3.89743,1.20047,-2.60134
2.87072,-3.91503,1.20015,-2.54269
2.8802,-3.93264,1.19983,-2.48404
2.88969,-3.95024,1.1995,-2.42539
2.89918,-3.96784,1.19918,-2.36675