2.69256e-07,0.000122116,0.141769,-0.000106677
1.18347e-07,-1.23509e-07,0.1417,-0.000148005
-9.39743e-08,-0.000122363,0.140652,-0.000189237
-7.14662e-08,-0.000122368,0.141769,-0.000228016
2.89105e-07,-1.40555e-07,0.1417,-0.000269227
7.086e-07,0.000122087,0.140651,-0.000310312
7.91281e-07,0.000122081,0.141769,-0.000348844
4.47814e-07,-1.58311e-07,0.1417,-0.000389648
4.36382e-08,-0.000122398,0.140652,-0.00043036
6.51303e-08,-0.000122404,0.141769,-0.000468647
6.14062e-07,-1.77123e-07,0.1417,-0.000509333
1.2211e-06,0.000122049,0.140652,-0.000549894
1.30194e-06,0.000122043,0.141769,-0.000587937
7.68313e-07,-1.96844e-07,0.1417,-0.000628224
1.74758e-07,-0.000122436,0.140652,-0.000668422
1.95318e-07,-0.000122443,0.141769,-0.000706224
9.30325e-07,-2.17893e-07,0.1417,-0.000746394
9.80152e-07,-2.24878e-07,0.1417,-0.000784045
-4.38334e-07,-0.000263527,0.154504,-0.000802699
-1.44803e-05,-0.00329543,0.298542,-0.00073785
-1.22115e-05,-0.00399333,0.504918,-0.000637513
1.37719e-06,-0.00338399,0.694865,-0.000524712
4.11784e-06,-0.00193291,0.839662,-0.000418536
-2.01267e-07,-0.000963343,0.93676,-0.000324784
-5.36585e-06,-0.000406804,0.994742,-0.00024251
-7.29904e-06,-0.000177661,1.02408,-0.000176169
-6.34757e-06,-9.38846e-05,1.0374,-0.000118511
-4.2836e-06,-6.74797e-05,1.04003,-7.59914e-05
-2.46198e-06,-5.03649e-05,1.03795,-4.44832e-05
-1.31747e-06,-3.39581e-05,1.03425,-2.2113e-05
-7.34586e-07,-2.00577e-05,1.03059,-7.00766e-06
-4.62518e-07,-1.05156e-05,1.02765,2.54043e-06
-3.19091e-07,-5.10027e-06,1.02559,7.97707e-06
-2.28024e-07,-2.61408e-06,1.02439,1.03898e-05
-1.45513e-07,-1.32572e-06,1.02361,1.11166e-05
-8.95746e-08,-8.13652e-07,1.02329,1.05417e-05
-5.21316e-08,-5.33656e-07,1.02319,9.31562e-06
-2.94765e-08,-3.43333e-07,1.0232,7.80917e-06
-1.67675e-08,-2.06758e-07,1.02326,6.26499e-06
-9.85508e-09,-1.15795e-07,1.02332,4.82862e-06
-6.00281e-09,-6.13397e-08,1.02337,3.57672e-06
-3.71704e-09,-3.19811e-08,1.02341,2.53869e-06
-2.28251e-09,-1.72572e-08,1.02344,1.71361e-06
-1.36822e-09,-9.94226e-09,1.02345,1.08286e-06
-7.98512e-10,-6.02968e-09,1.02346,6.19274e-07
-4.5709e-10,-3.68857e-09,1.02346,2.92992e-07
-2.60533e-10,-2.19719e-09,1.0249,-0.00466357
-1.71136e-10,-1.2594e-09,1.02848,-0.0478523
-1.54907e-10,-6.90255e-10,1.03051,-0.118826
-1.40377e-10,-3.62709e-10,1.031,-0.201157
-1.09615e-10,-1.92483e-10,1.03039,-0.284086
-7.47852e-11,-1.09952e-10,1.02918,-0.361053
-4.54615e-11,-6.82465e-11,1.02776,-0.428468
-2.43342e-11,-4.39735e-11,1.0264,-0.484804
-1.06092e-11,-2.82623e-11,1.02652,-0.533647
-2.8372e-12,-1.84034e-11,1.02912,-0.608669
5.45958e-13,-1.27655e-11,1.03045,-0.702922
1.932e-12,-9.69349e-12,1.03053,-0.802076
2.75988e-12,-8.39525e-12,1.02978,-0.893352
3.46371e-12,-8.02233e-12,1.02851,-0.982221
3.92772e-12,-8.05583e-12,1.02716,-1.05508
4.15814e-12,-8.16143e-12,1.02591,-1.11477
4.18043e-12,-8.25962e-12,1.02635,-1.16626
3.61023e-12,-8.54937e-12,1.02903,-1.24355
2.25927e-12,-8.87793e-12,1.03036,-1.33868
9.80344e-13,-8.91547e-12,1.03042,-1.43783
2.01192e-13,-8.94647e-12,1.02963,-1.53219
-2.17959e-13,-9.07296e-12,1.0284,-1.6166
-5.04124e-13,-9.20292e-12,1.02706,-1.68849
-7.81955e-13,-9.26516e-12,1.02583,-1.74721
-1.0887e-12,-9.25528e-12,1.02615,-1.797
-1.87304e-12,-9.10596e-12,1.029,-1.87205
-3.26082e-12,-8.55645e-12,1.03043,-1.96579
-4.30791e-12,-7.87146e-12,1.03057,-2.05637
-5.06476e-12,-7.37247e-12,1.02975,-2.15824
-5.49456e-12,-7.2178e-12,1.02851,-2.24264
-5.80837e-12,-7.15144e-12,1.02716,-2.31469
-6.0715e-12,-7.03877e-12,1.02591,-2.37367
-6.31597e-12,-6.84985e-12,1.02636,-2.42458
-6.88186e-12,-6.24713e-12,1.02909,-2.50147
-7.68242e-12,-4.9801e-12,1.03043,-2.59638
-8.14503e-12,-3.73578e-12,1.0305,-2.69533
-8.43262e-12,-2.9859e-12,1.02969,-2.78952
-8.69107e-12,-2.61454e-12,1.02844,-2.87375
-8.9064e-12,-2.37453e-12,1.02709,-2.94549
-9.05232e-12,-2.12414e-12,1.02585,-3.00408
-9.13924e-12,-1.82107e-12,1.02648,-3.05545
-9.24157e-12,-9.74414e-13,1.02915,-3.13332
-9.13761e-12,5.29265e-13,1.03043,3.05479
-8.786e-12,1.81223e-12,1.03044,2.95605
-8.57682e-12,2.57899e-12,1.0296,2.86222
-8.56571e-12,3.02129e-12,1.02836,2.77843
-8.59722e-12,3.32222e-12,1.02708,2.70977
-8.56763e-12,3.61752e-12,1.0258,2.64904
-8.45729e-12,3.91442e-12,1.0266,2.59714
-8.02792e-12,4.67135e-12,1.02918,2.51833
-7.0738e-12,5.77811e-12,1.03039,2.42285
-6.0657e-12,6.59823e-12,1.03038,2.32409
-5.45541e-12,7.10947e-12,1.02954,2.23057
-5.17572e-12,7.47359e-12,1.0283,2.14723
-5.00212e-12,7.75086e-12,1.02696,2.07645
-4.80008e-12,7.96452e-12,1.02575,2.0188
-4.53893e-12,8.13608e-12,1.02608,1.96996
-3.84262e-12,8.45913e-12,1.02874,1.89581
-2.42209e-12,8.8335e-12,1.03012,1.80264
-1.06914e-12,8.9064e-12,1.03029,1.70462
-2.34567e-13,8.94031e-12,1.02958,1.61085
2.12733e-13,9.06292e-12,1.0284,1.52667
5.06031e-13,9.19271e-12,1.0271,1.45478
7.82752e-13,9.25791e-12,1.02587,1.39593
1.08653e-12,9.25125e-12,1.02618,1.34594
1.83665e-12,9.10944e-12,1.02892,1.27083
3.17526e-12,8.58764e-12,1.03032,1.17688
4.30946e-12,7.8666e-12,1.03044,1.07829
5.01781e-12,7.40556e-12,1.02968,0.98403
5.46852e-12,7.23417e-12,1.02847,0.899471
5.79495e-12,7.15774e-12,1.02713,0.827272
6.06478e-12,7.04121e-12,1.02589,0.768179
6.30121e-12,6.86186e-12,1.02623,0.719629
6.81511e-12,6.32647e-12,1.02904,0.647316
7.67831e-12,4.98624e-12,1.03058,0.545472
8.15676e-12,3.7352e-12,1.03062,0.446612
8.44216e-12,2.9771e-12,1.02978,0.352462
8.69575e-12,2.6049e-12,1.0285,0.268229
8.90854e-12,2.3688e-12,1.02713,0.196462
9.05376e-12,2.12161e-12,1.02587,0.137825
9.13812e-12,1.82983e-12,1.02491,0.0917354
9.18154e-12,1.51402e-12,1.02432,0.0568685
9.1991e-12,1.20564e-12,1.02402,0.0315166
9.19932e-12,9.27653e-13,1.0239,0.0139018
9.18792e-12,6.90905e-13,1.02388,0.00232672
9.16988e-12,4.97608e-13,1.02389,-0.00471588
9.14914e-12,3.44877e-13,1.02389,-0.00849076
9.12856e-12,2.27752e-13,1.02387,-0.0100177
9.11005e-12,1.40596e-13,1.02383,-0.0100909
9.09437e-12,7.81104e-14,1.02378,-0.00929626
9.08256e-12,3.7867e-14,1.02372,-0.00815987
9.0721e-12,6.68223e-15,1.02366,-0.00664574
9.06514e-12,-1.06603e-14,1.02361,-0.0052622
9.06019e-12,-1.99678e-14,1.02356,-0.00400679
9.05703e-12,-2.37763e-14,1.02352,-0.00293136
9.05511e-12,-2.39166e-14,1.02349,-0.00205158
9.05407e-12,-2.18949e-14,1.02348,-0.00136069
9.05352e-12,-1.90632e-14,1.02347,-0.000856868
9.05301e-12,-1.5585e-14,1.02346,-0.000460672
9.05289e-12,-1.21739e-14,1.02346,-0.000198758
-0.000766209,-0.00102581,1.02502,-0.00322182
-0.0521699,-0.0597673,1.03089,-0.0194014
-0.194201,-0.191745,1.02667,-0.00364667
-0.329465,-0.321988,1.02338,-0.00071822
-0.416548,-0.412754,1.02216,0.00199369
-0.460574,-0.462307,1.02121,0.00453527
-0.479839,-0.483922,1.02075,0.00532971
-0.488334,-0.491681,1.02094,0.00509889
-0.492802,-0.494431,1.02151,0.00447071
-0.495622,-0.495942,1.02214,0.00372001
-0.497467,-0.497244,1.02268,0.00296671
-0.498602,-0.498337,1.02306,0.00227463
-0.499244,-0.499106,1.0235,0.00167702
-0.499612,-0.499351,1.05637,0.0022246
-0.50223,-0.494658,1.11881,0.0106647
-0.512385,-0.47933,1.18089,0.0313861
-0.530429,-0.454022,1.23038,0.066977
-0.554623,-0.420947,1.26476,0.117227
-0.581904,-0.38403,1.28585,0.180252
-0.609611,-0.345906,1.29715,0.253996
-0.637275,-0.306342,1.30202,0.337337
-0.665481,-0.265824,1.30318,0.427873
-0.694118,-0.225104,1.3025,0.524187
-0.722719,-0.184775,1.30119,0.624542
-0.751225,-0.144419,1.29976,0.728031
-0.779838,-0.103799,1.29844,0.833801
-0.80855,-0.0632922,1.2974,0.940965
-0.837258,-0.0229524,1.29665,1.04909
-0.866076,0.0177139,1.29604,1.15826
-0.895297,0.059082,1.2956,1.26822
-0.924667,0.100259,1.29528,1.37832
-0.953941,0.141209,1.29498,1.48881
-0.981873,0.180568,1.29468,1.59476
-1.01065,0.220904,1.29446,1.70404
-1.03998,0.262006,1.29414,1.81144
-1.06783,0.301179,1.29363,1.90324
-1.09622,0.341232,1.29297,1.98126
-1.12505,0.38164,1.29229,2.0449
-1.15399,0.422001,1.29168,2.09486
-1.18316,0.462606,1.2912,2.13262
-1.21257,0.503635,1.29082,2.16005
-1.24059,0.542763,1.29049,2.17845
-1.27044,0.584469,1.29023,2.19156
-1.2992,0.624666,1.29001,2.19914
-1.3283,0.665363,1.28976,2.20319
-1.35735,0.70601,1.28946,2.2048
-1.38623,0.746428,1.28914,2.20484
-1.4153,0.787118,1.28884,2.20396
-1.44479,0.828385,1.28853,2.20259
-1.47427,0.869641,1.28822,2.20106
-1.50297,0.909804,1.28793,2.19955
-1.53153,0.949784,1.28766,2.19819
-1.55811,0.98699,1.28739,2.19711
-1.5896,1.03106,1.28706,2.19607
-1.61779,1.07053,1.28678,2.19532
-1.64608,1.11008,1.28653,2.19475
-1.67481,1.15024,1.28627,2.19434
-1.7038,1.19072,1.28604,2.19406
-1.73276,1.23115,1.2858,2.19387
-1.76147,1.27121,1.28553,2.19376
-1.79018,1.31129,1.28524,2.1937
-1.81918,1.35176,1.28501,2.19368
-1.84835,1.39247,1.28476,2.19368
-1.87764,1.43335,1.28449,2.19369
-1.90695,1.47425,1.28421,2.19371
-1.93578,1.51448,1.28392,2.19374
-1.96474,1.55489,1.28366,2.19376
-1.99315,1.59455,1.2834,2.19378
-2.02389,1.63745,1.28313,2.1938
-2.05275,1.67772,1.28287,2.19381
-2.08123,1.71747,1.2826,2.19382
-2.11026,1.75799,1.28234,2.19383
-2.13971,1.7991,1.28211,2.19384
-2.16897,1.83993,1.28189,2.19384
-2.19796,1.88039,1.28164,2.19384
-2.22681,1.92065,1.28137,2.19384
-2.25541,1.96055,1.28109,2.19382
-2.28409,2.00056,1.28084,2.1938
-2.31314,2.04108,1.28058,2.19377
-2.34269,2.08229,1.28033,2.19374
-2.37218,2.12342,1.28007,2.1937
-2.4014,2.16417,1.27982,2.19366
-2.43048,2.20473,1.2796,2.19361
-2.45943,2.2451,1.27935,2.19356
-2.48846,2.28559,1.27909,2.19351
-2.51742,2.32598,1.27883,2.19346
-2.54631,2.36629,1.2786,2.19341
-2.57567,2.40724,1.27833,2.19336
-2.60507,2.44823,1.27805,2.19331
-2.6341,2.48873,1.2778,2.19326
-2.66295,2.52896,1.27759,2.19321
-2.69205,2.56955,1.27736,2.19316
-2.72129,2.61032,1.27708,2.19311
-2.75002,2.65039,1.2768,2.19305
-2.7756,2.68608,1.27651,2.19301
-2.79331,2.71081,1.27615,2.19297
-2.8033,2.72485,1.27579,2.19293
-2.80821,2.73186,1.27548,2.1929
-2.81048,2.73521,1.27527,2.19288
-2.81159,2.73691,1.27515,2.19287
-2.81219,2.73787,1.27509,2.19286
-2.81255,2.73845,1.27507,2.19285
-2.81277,2.73881,1.27506,2.19284
-2.8129,2.73901,1.27507,2.19284
-2.81297,2.73912,1.27508,2.19284
-2.81301,2.73918,1.27508,2.19284
-2.81303,2.73922,1.27509,2.19284
-2.81304,2.73924,1.27509,2.19284
-2.81304,2.73925,1.27509,2.19284
-2.81305,2.73925,1.27509,2.19284
-2.81305,2.73926,1.27509,2.19284
-2.81305,2.73926,1.27509,2.19284
-2.81305,2.73926,1.27509,2.19284
-2.81305,2.73926,1.27509,2.19284
-2.81305,2.73926,1.27509,2.19284
-2.81305,2.73926,1.27509,2.19284
-2.81305,2.73926,1.27509,2.19284
-2.81305,2.73926,1.27509,2.19284
-2.81305,2.73926,1.27509,2.19284
-2.81305,2.73926,1.27509,2.19284
-2.81305,2.73926,1.27509,2.19284
-2.81305,2.73926,1.27509,2.19284
-2.81305,2.73926,1.27509,2.19284
-2.81305,2.73926,1.27509,2.19284
-2.81305,2.73926,1.27509,2.19284
-2.81305,2.73926,1.27509,2.19284
-2.81305,2.73926,1.27509,2.19284
-2.81305,2.73926,1.27509,2.19284
-2.81305,2.73926,1.27509,2.19284
-2.81305,2.73926,1.27509,2.19284
-2.81305,2.73926,1.27509,2.19284
-2.81305,2.73926,1.27509,2.19284
-2.81305,2.73926,1.27509,2.19284
-2.81305,2.73926,1.27509,2.19284
-2.81305,2.73926,1.27509,2.19284
-2.81305,2.73926,1.27509,2.19284
-2.81305,2.73926,1.27509,2.19284
-2.81305,2.73926,1.27509,2.19284
-2.81305,2.73926,1.27509,2.19284
-2.81305,2.73926,1.27509,2.19284
-2.81305,2.73926,1.27509,2.19284
-2.81305,2.73926,1.27509,2.19284
-2.81305,2.73926,1.27509,2.19284
-2.81305,2.73926,1.27509,2.19284
-2.81305,2.73926,1.27509,2.19284
-2.81324,2.73954,1.27548,2.19184
-2.81275,2.73989,1.27657,2.18122
-2.80452,2.73251,1.27767,2.15369
-2.78693,2.71325,1.27848,2.10689
-2.76278,2.68461,1.27902,2.03988
-2.73442,2.65015,1.27935,1.95508
-2.70405,2.61368,1.27944,1.8553
-2.67254,2.57705,1.27943,1.74363
-2.64037,2.54066,1.27936,1.62244
-2.60859,2.5053,1.27926,1.49865
-2.57392,2.46598,1.27907,1.35827
-2.54104,2.42782,1.27885,1.21897
-2.50874,2.39015,1.27869,1.07683
-2.47677,2.35323,1.27861,0.932418
-2.44437,2.31635,1.27851,0.786192
-2.41163,2.27885,1.27839,0.638545
-2.38028,2.24239,1.27831,0.495681
-2.34633,2.20273,1.27824,0.339649
-2.31322,2.16435,1.27819,0.188891
-2.18477,2.01332,1.27526,-0.810581
-2.18477,2.01332,1.27526,-0.810514
-2.18477,2.01332,1.27525,-0.810446
-2.18477,2.01332,1.27525,-0.810377
-2.18477,2.01332,1.27525,-0.810308
-2.18477,2.01332,1.27524,-0.810238
-2.18477,2.01332,1.27524,-0.810168
-2.18477,2.01332,1.27524,-0.810097
-2.18477,2.01332,1.27523,-0.810025
-2.18477,2.01332,1.27523,-0.809953
-2.1845,2.01302,1.27553,-0.809907
-2.18445,2.01296,1.27555,-0.810004
-2.18438,2.01289,1.27557,-0.810107
-2.18432,2.01282,1.27558,-0.810216
-2.18424,2.01273,1.2756,-0.810332
-2.18415,2.01264,1.27561,-0.810454
-2.18406,2.01253,1.27563,-0.810581
-2.18395,2.01241,1.27564,-0.810714
-2.18119,2.00933,1.27585,-0.813091
-2.16883,1.9953,1.2761,-0.818995
-2.14767,1.97089,1.2762,-0.825833
-2.12097,1.93988,1.27622,-0.832649
-2.09362,1.90812,1.27618,-0.838419
-2.05963,1.86873,1.2761,-0.84427
-2.02799,1.83211,1.27608,-0.848697
-1.99611,1.79522,1.27607,-0.852192
-1.9638,1.7578,1.27602,-0.854845
-1.93146,1.72034,1.27597,-0.85678
-1.89906,1.68278,1.27593,-0.85813
-1.8661,1.64455,1.27592,-0.859021
-1.83292,1.60607,1.2759,-0.859567
-1.79994,1.56784,1.27587,-0.859863
-1.76744,1.53015,1.2759,-0.859987
-1.73523,1.49279,1.27591,-0.859998
-1.70256,1.45489,1.27589,-0.859943
-1.66983,1.41693,1.27593,-0.859852
-1.63724,1.37913,1.27595,-0.859747
-1.53176,1.25595,1.27465,-0.859253
-1.53176,1.25595,1.27465,-0.859253
-1.53176,1.25595,1.27465,-0.859253
-1.53176,1.25595,1.27465,-0.859253
-1.53176,1.25595,1.27465,-0.859253
-1.53176,1.25595,1.27465,-0.859253
-1.53176,1.25595,1.27465,-0.859253
-1.53176,1.25595,1.27465,-0.859253
-1.53176,1.25595,1.27465,-0.859253
-1.53176,1.25595,1.27465,-0.859253
-1.5307,1.25473,1.27489,-0.859253
-1.53057,1.25457,1.2749,-0.859253
-1.53042,1.25439,1.27491,-0.859253
-1.53025,1.25421,1.27493,-0.859253
-1.53008,1.254,1.27494,-0.859253
-1.52989,1.25379,1.27495,-0.859253
-1.52969,1.25355,1.27497,-0.859253
-1.52948,1.25331,1.27498,-0.859253
-1.52925,1.25304,1.27499,-0.859253
-1.52901,1.25276,1.27501,-0.859253
-1.52875,1.25247,1.27502,-0.859253
-1.52849,1.25216,1.27503,-0.859253
-1.5282,1.25183,1.27504,-0.859253
-1.5279,1.25148,1.27506,-0.859253
-1.52311,1.24593,1.2752,-0.859253
-1.50625,1.22644,1.27542,-0.859253
-1.48409,1.20084,1.2756,-0.859252
-1.45285,1.16477,1.27574,-0.859251
-1.42162,1.12871,1.27581,-0.85925
-1.38961,1.09172,1.27583,-0.859249
-1.35759,1.05467,1.27582,-0.859248
-1.3255,1.01751,1.27579,-0.859248
-1.29319,0.980064,1.27575,-0.859247
-1.26109,0.942843,1.27575,-0.859246
-1.22866,0.905236,1.27576,-0.859246
-1.19717,0.868716,1.27573,-0.859246
-1.16558,0.832085,1.2757,-0.859245
-1.13,0.790828,1.27567,-0.859245
-1.09698,0.752536,1.27564,-0.859245
-1.06459,0.714977,1.27563,-0.859245
-1.03221,0.677426,1.27569,-0.859245
-0.999825,0.639856,1.27574,-0.859245
-0.884643,0.506028,1.27489,-0.859248
-0.884487,0.50584,1.27489,-0.859248
-0.884335,0.505658,1.27488,-0.859248
-0.884188,0.505481,1.27487,-0.859248
-0.884045,0.505309,1.27486,-0.859248
-0.882736,0.503719,1.27477,-0.859249
-0.880488,0.500959,1.27478,-0.85925
-0.873694,0.492956,1.27499,-0.859252
-0.857883,0.474568,1.2752,-0.859252
-0.83425,0.447205,1.27536,-0.859251
-0.806145,0.414729,1.27549,-0.859251
-0.775489,0.379319,1.27559,-0.85925
-0.743497,0.342341,1.27563,-0.85925
-0.711182,0.304956,1.27563,-0.859249
-0.679233,0.26796,1.27567,-0.859248
-0.647184,0.23082,1.2757,-0.859247
-0.614691,0.193148,1.27569,-0.859247
-0.582256,0.155539,1.27566,-0.859246
-0.549783,0.117882,1.27566,-0.859246
-0.517074,0.0799512,1.27567,-0.859246
-0.484272,0.041912,1.27568,-0.859245
-0.451617,0.00404266,1.27563,-0.859245
-0.418825,-0.0339882,1.27561,-0.859245
-0.386112,-0.0719276,1.2756,-0.859245
-0.353524,-0.109723,1.27557,-0.859245
-0.254158,-0.224986,1.27538,-0.859246
-0.253419,-0.225844,1.27537,-0.859246
-0.252696,-0.226685,1.27536,-0.859246
-0.244133,-0.236646,1.27523,-0.859246
-0.234297,-0.248442,1.2756,-0.85968
-0.22759,-0.26247,1.27885,-0.863009
-0.224086,-0.286846,1.28583,-0.871464
-0.224464,-0.320814,1.29621,-0.885643
-0.228199,-0.361256,1.30926,-0.905584
-0.233923,-0.405354,1.3242,-0.930935
-0.240416,-0.450896,1.33993,-0.960614
-0.247143,-0.496117,1.35625,-0.994016
-0.253864,-0.542329,1.37294,-1.03051
-0.260673,-0.589002,1.38969,-1.06928
-0.26767,-0.63558,1.40635,-1.10964
-0.27475,-0.682124,1.42304,-1.15123
-0.28184,-0.728954,1.43974,-1.19371
-0.28867,-0.774005,1.45561,-1.2349
-0.296072,-0.82232,1.47262,-1.27967
-0.303129,-0.868487,1.48909,-1.32291
-0.310184,-0.91517,1.50564,-1.36628
-0.317358,-0.962294,1.52214,-1.40963
-0.324557,-1.00919,1.53871,-1.45299
-0.348638,-1.16184,1.58994,-1.60633
-0.348759,-1.16257,1.59019,-1.60752
-0.348877,-1.16327,1.59044,-1.60871
-0.348991,-1.16396,1.59068,-1.60989
-0.350899,-1.17591,1.59533,-1.63548
-0.352717,-1.18513,1.60014,-1.65828
-0.359121,-1.20164,1.60632,-1.67856
-0.372439,-1.22768,1.61442,-1.69748
-0.392084,-1.26129,1.62419,-1.71574
-0.415545,-1.29881,1.63532,-1.73379
-0.440685,-1.33792,1.64725,-1.75187
-0.4665,-1.37772,1.65984,-1.77031
-0.491645,-1.41667,1.67213,-1.78833
-0.518973,-1.45885,1.68547,-1.80819
-0.545071,-1.49913,1.69832,-1.82765
-0.571411,-1.53978,1.71118,-1.84745
-0.597863,-1.58058,1.72402,-1.86751
-0.624368,-1.62137,1.73683,-1.88777
-0.650663,-1.6618,1.74949,-1.90811
-0.676744,-1.70188,1.76215,-1.92857
-0.70207,-1.74084,1.77433,-1.94829
-0.729615,-1.78317,1.78751,-1.96969
-0.755887,-1.82349,1.80026,-1.99035
-0.782431,-1.8643,1.81299,-2.01102
-0.852099,-1.97083,1.84434,-2.06866
-0.852641,-1.97164,1.84458,-2.06928
-0.85317,-1.97244,1.84482,-2.0699
-0.862045,-1.98579,1.8491,-2.08238
-0.867979,-1.99591,1.85233,-2.0934
-0.86943,-2.01179,1.85219,-2.09758
-0.864326,-2.03571,1.84864,-2.09378
-0.850534,-2.0726,1.841,-2.0797
-0.832656,-2.11149,1.83156,-2.05807
-0.81214,-2.1527,1.82053,-2.02907
-0.790739,-2.19491,1.8087,-1.99406
-0.769184,-2.23721,1.79658,-1.9543
-0.74755,-2.27985,1.78421,-1.91062
-0.725619,-2.32322,1.7718,-1.86412
-0.704539,-2.3645,1.76004,-1.81783
-0.68185,-2.40863,1.74726,-1.76614
-0.659741,-2.45198,1.73499,-1.71542
-0.637531,-2.49529,1.72279,-1.66422
-0.615434,-2.53819,1.7107,-1.61282
-0.59327,-2.58129,1.69852,-1.56114
-0.57107,-2.62457,1.68649,-1.50966
-0.549017,-2.66728,1.67445,-1.45821
-0.526876,-2.71039,1.66232,-1.4067
-0.451262,-2.85645,1.62141,-1.18521
-0.45119,-2.85663,1.62134,-1.1843
-0.45112,-2.8568,1.62127,-1.18339
-0.451053,-2.85697,1.62121,-1.1825
-0.450988,-2.85713,1.62114,-1.18162
-0.450498,-2.85841,1.62064,-1.17409
-0.449425,-2.86128,1.61962,-1.15624
-0.446031,-2.87018,1.61907,-1.14248
-0.438338,-2.89199,1.61929,-1.13298
-0.428279,-2.92236,1.62019,-1.12782
-0.414323,-2.9666,1.62192,-1.1256
-0.400864,-3.01065,1.62399,-1.1266
-0.387112,-3.05631,1.62639,-1.12998
-0.373005,-3.10331,1.62897,-1.13523
-0.358573,-3.15141,1.63161,-1.14184
-0.344287,-3.19921,1.63427,-1.1494
-0.330105,-3.24671,1.63692,-1.15762
-0.316366,-3.29269,1.63946,-1.16591
-0.301516,-3.34244,1.6422,-1.17513
-0.287365,-3.38993,1.64478,-1.18407
-0.273246,-3.43735,1.64739,-1.19308
-0.258861,-3.48557,1.65,-1.20207
-0.244634,-3.53336,1.65256,-1.21098
-0.230524,-3.58076,1.65516,-1.21983
-0.216321,-3.62843,1.65778,-1.22862
-0.163595,-3.8064,1.66639,-1.2666
-0.163498,-3.80674,1.6664,-1.26679
-0.163405,-3.80706,1.66641,-1.26697
-0.163314,-3.80737,1.66642,-1.26715
-0.163226,-3.80768,1.66643,-1.26732
-0.162135,-3.81147,1.66658,-1.26993
-0.16107,-3.81621,1.66884,-1.27397
-0.162106,-3.82505,1.67859,-1.28014
-0.168811,-3.83726,1.69795,-1.29001
-0.180857,-3.85027,1.72498,-1.30364
-0.198503,-3.86479,1.76126,-1.32303
-0.21806,-3.87891,1.80076,-1.3459
-0.23846,-3.89296,1.84277,-1.37228
-0.259177,-3.90701,1.8859,-1.40149
-0.280003,-3.92106,1.92968,-1.43303
-0.300985,-3.93519,1.97382,-1.46642
-0.322108,-3.94937,2.01758,-1.50103
-0.343115,-3.96336,2.06075,-1.53639
-0.363911,-3.97718,2.1036,-1.57227
-0.384785,-3.99106,2.14675,-1.60861
-0.405996,-4.00521,2.1902,-1.64529
-0.427449,-4.01948,2.23376,-1.68216
-0.448817,-4.03364,2.27702,-1.71901
-0.470007,-4.04765,2.32034,-1.75588
-0.491217,-4.06175,2.36343,-1.79264
-0.568785,-4.11301,2.51367,-1.99404
-0.568792,-4.11302,2.51364,-1.99415
-0.568798,-4.11302,2.51361,-1.99425
-0.568805,-4.11302,2.51358,-1.99434
-0.568811,-4.11303,2.51355,-1.99444
-0.568818,-4.11303,2.51353,-1.99453
-0.568824,-4.11303,2.5135,-1.99462
-0.56883,-4.11303,2.51347,-1.99471
-0.568836,-4.11304,2.51344,-1.9948
-0.568842,-4.11304,2.51341,-1.99488
-0.56887,-4.11305,2.51328,-1.99527
-0.569282,-4.11353,2.51501,-1.99699
-0.56942,-4.11953,2.51879,-1.99618
-0.566337,-4.13908,2.52297,-1.99069
-0.558742,-4.16967,2.52629,-1.97998
-0.547138,-4.20856,2.52873,-1.96396
-0.532998,-4.25198,2.53036,-1.94289
-0.517893,-4.2977,2.53141,-1.9176
-0.502556,-4.34393,2.53206,-1.88867
-0.487091,-4.39141,2.53248,-1.85676
-0.471498,-4.43936,2.53281,-1.82258
-0.455862,-4.48728,2.53311,-1.78687
-0.440254,-4.53484,2.53336,-1.75007
-0.424887,-4.58179,2.5336,-1.71274
-0.409497,-4.62859,2.53394,-1.67496
-0.394032,-4.67594,2.53427,-1.63676
-0.378245,-4.72417,2.5346,-1.59833
-0.362375,-4.77234,2.53491,-1.55996
-0.346865,-4.81925,2.53524,-1.52181
-0.331541,-4.86588,2.53558,-1.48386
-0.271613,-5.04965,2.53541,-1.26428
-0.271612,-5.04965,2.53541,-1.26428
-0.271611,-5.04965,2.53541,-1.26427
-0.271611,-5.04966,2.53541,-1.26427
-0.27161,-5.04966,2.53541,-1.26427
-0.27161,-5.04966,2.5354,-1.26428
-0.271609,-5.04966,2.5354,-1.26428
-0.271609,-5.04966,2.5354,-1.26428
-0.271608,-5.04967,2.5354,-1.26428
-0.271608,-5.04967,2.5354,-1.26429
-0.271598,-5.0497,2.53544,-1.26428
-0.271596,-5.04971,2.53545,-1.26427
-0.271592,-5.04972,2.53545,-1.26426
-0.271588,-5.04974,2.53546,-1.26425
-0.27133,-5.05048,2.53588,-1.26299
-0.269748,-5.05114,2.53754,-1.25136
-0.268415,-5.03871,2.53987,-1.22243
-0.269942,-5.01067,2.54247,-1.17489
-0.27393,-4.97281,2.54529,-1.10877
-0.278668,-4.92893,2.54823,-1.02568
-0.283315,-4.88178,2.55119,-0.928217
-0.287314,-4.83491,2.55403,-0.82352
-0.29142,-4.78333,2.55709,-0.700894
-0.295299,-4.73399,2.56015,-0.575969
-0.299094,-4.68487,2.56314,-0.445664
-0.302851,-4.63525,2.56604,-0.311265
-0.30701,-4.58554,2.56894,-0.17404
-0.311349,-4.53609,2.57191,-0.034743
-0.315559,-4.48658,2.57485,0.106426
-0.319709,-4.43668,2.57778,0.248919
-0.324015,-4.38655,2.58075,0.392423
-0.328444,-4.33672,2.58382,0.536381
-0.332803,-4.28737,2.58685,0.680794
-0.349171,-4.09683,2.59538,1.50632
-0.34916,-4.09678,2.59537,1.50811
-0.34915,-4.09672,2.59536,1.50988
-0.34914,-4.09667,2.59535,1.51163
-0.349131,-4.09661,2.59535,1.51336
-0.349122,-4.09656,2.59534,1.51506
-0.349114,-4.09651,2.59533,1.51674
-0.349107,-4.09646,2.59533,1.51841
-0.349087,-4.0955,2.59546,1.55199
-0.350355,-4.0925,2.59344,1.58579
-0.358896,-4.08674,2.58336,1.62539
-0.377649,-4.08284,2.56451,1.6743
-0.403735,-4.08258,2.53871,1.73365
-0.433635,-4.08483,2.50814,1.80318
-0.465227,-4.08795,2.47422,1.88233
-0.497042,-4.09093,2.43941,1.96662
-0.53262,-4.09421,2.4007,2.0653
-0.566857,-4.09759,2.36359,2.16559
-0.600603,-4.101,2.32664,2.26991
-0.634426,-4.10431,2.28951,2.37775
-0.668718,-4.10762,2.25279,2.48791
-0.702786,-4.11117,2.21618,2.59981
-0.736708,-4.11474,2.17987,2.71269
-0.770419,-4.11827,2.14356,2.82646
-0.804223,-4.12175,2.10735,2.94073
-0.83832,-4.12523,2.07068,3.05581
-0.872882,-4.12884,2.03398,-3.1119
-0.90717,-4.13258,1.99773,-2.99658
-0.986811,-4.14211,1.91716,-2.71048
-0.987627,-4.14222,1.91632,-2.7067
-0.988426,-4.14233,1.9155,-2.70294
-1.00642,-4.14424,1.8948,-2.59347
-1.01262,-4.14471,1.88307,-2.51569
-1.00559,-4.14552,1.87357,-2.43821
-0.982901,-4.14481,1.86547,-2.3577
-0.950874,-4.14297,1.85863,-2.27909
-0.905021,-4.14009,1.85083,-2.18017
-0.858236,-4.13772,1.84372,-2.08238
-0.809767,-4.13586,1.83658,-1.97915
-0.760667,-4.1344,1.82941,-1.87163
-0.711651,-4.13306,1.82224,-1.76059
-0.663087,-4.13167,1.81512,-1.64676
-0.614377,-4.13029,1.80802,-1.53063
-0.565122,-4.12881,1.80079,-1.4125
-0.515969,-4.12703,1.79347,-1.2931
-0.46676,-4.12521,1.7862,-1.1725
-0.417638,-4.12344,1.77893,-1.05123
-0.368223,-4.12171,1.77159,-0.929116
-0.318889,-4.11994,1.76431,-0.806914
-0.269688,-4.11808,1.75691,-0.683936
-0.219673,-4.11645,1.74948,-0.56049
-0.0783763,-4.10895,1.72835,-0.119891
-0.0779957,-4.10896,1.72825,-0.116892
-0.0776262,-4.10898,1.72816,-0.113919
-0.0772675,-4.10899,1.72807,-0.110971
-0.072554,-4.10947,1.72679,-0.064603
-0.0677229,-4.10987,1.72575,-0.00465333
-0.0637091,-4.1037,1.72498,0.0522701
-0.0671329,-4.08531,1.72399,0.110574
-0.0802972,-4.05589,1.72266,0.172613
-0.100082,-4.02047,1.72112,0.239375
-0.123032,-3.98128,1.71946,0.311572
-0.147104,-3.94047,1.71773,0.388593
-0.171447,-3.89873,1.716,0.469807
-0.195879,-3.85666,1.71424,0.554987
-0.220778,-3.8137,1.71243,0.643716
-0.246219,-3.77033,1.71067,0.734844
-0.27157,-3.7277,1.70889,0.82803
-0.296982,-3.6845,1.70709,0.922807
-0.322461,-3.64136,1.70527,1.01864
-0.347829,-3.59871,1.70349,1.11488
-0.3731,-3.55611,1.70169,1.21203
-0.397577,-3.51443,1.69996,1.30583
-0.424467,-3.46909,1.69811,1.40787
-0.450251,-3.42588,1.69643,1.50593
-0.543959,-3.26761,1.68738,2.06848
-0.543959,-3.26761,1.68738,2.06845
-0.543959,-3.26761,1.68738,2.06842
-0.543959,-3.26761,1.68738,2.06839
-0.543959,-3.26761,1.68737,2.06836
-0.543959,-3.26761,1.68737,2.06834
-0.543959,-3.26761,1.68737,2.06831
-0.543959,-3.26761,1.68737,2.06828
-0.543959,-3.26761,1.68737,2.06825
-0.543959,-3.26761,1.68737,2.06823
-0.544565,-3.26633,1.68767,2.06956
-0.544642,-3.26616,1.68768,2.06966
-0.544724,-3.26596,1.68769,2.06976
-0.544813,-3.26575,1.68769,2.06987
-0.544909,-3.26552,1.6877,2.06997
-0.54501,-3.26528,1.68771,2.07008
-0.545118,-3.26501,1.68771,2.07019
-0.545233,-3.26473,1.68772,2.0703
-0.545354,-3.26442,1.68772,2.07041
-0.545482,-3.2641,1.68773,2.07052
-0.545617,-3.26375,1.68773,2.07063
-0.545759,-3.26338,1.68773,2.07074
-0.545907,-3.26299,1.68774,2.07085
-0.547348,-3.25906,1.68773,2.07175
-0.554462,-3.23775,1.68737,2.07404
-0.564322,-3.20472,1.68663,2.07472
-0.575605,-3.16381,1.68554,2.07317
-0.587539,-3.11831,1.68426,2.06925
-0.599567,-3.07134,1.68292,2.06308
-0.611507,-3.02444,1.68156,2.05494
-0.623558,-2.97709,1.68015,2.04507
-0.635817,-2.92903,1.67879,2.03382
-0.647957,-2.88125,1.67742,2.02153
-0.660171,-2.83303,1.67604,2.0084
-0.672429,-2.78468,1.67468,1.99475
-0.684513,-2.73675,1.67332,1.98065
-0.696906,-2.68783,1.67196,1.96625
-0.709301,-2.63878,1.6706,1.95167
-0.721697,-2.58969,1.66926,1.93698
-0.734027,-2.54087,1.66791,1.92228
-0.746301,-2.49228,1.66657,1.9076
-0.787607,-2.32774,1.6619,1.85368
-0.787787,-2.327,1.66187,1.85328
-0.787964,-2.32629,1.66183,1.85289
-0.788136,-2.32559,1.6618,1.8525
-0.790764,-2.31498,1.66126,1.84531
-0.792641,-2.30619,1.66354,1.83705
-0.792012,-2.29637,1.67468,1.82776
-0.786359,-2.28659,1.69668,1.81618
-0.775946,-2.27782,1.72816,1.80176
-0.763313,-2.27066,1.76359,1.78583
-0.746728,-2.26309,1.80957,1.76431
-0.730792,-2.25657,1.85503,1.74189
-0.71435,-2.25008,1.90205,1.71743
-0.697763,-2.24367,1.94974,1.69134
-0.680982,-2.23728,1.99769,1.66397
-0.664217,-2.23095,2.04511,1.63578
-0.647608,-2.22473,2.09235,1.60694
-0.631561,-2.21871,2.13748,1.57886
-0.61408,-2.21218,2.18665,1.54806
-0.597188,-2.20587,2.23355,1.51833
-0.580535,-2.19968,2.28011,1.4886
-0.563973,-2.19352,2.32631,1.45896
-0.547485,-2.18737,2.37262,1.42935
-0.530789,-2.18114,2.41927,1.39971
-0.474665,-2.16048,2.57022,1.27852
-0.474567,-2.16044,2.57056,1.27793
-0.474472,-2.1604,2.57088,1.27734
-0.47438,-2.16037,2.5712,1.27676
-0.47429,-2.16034,2.5715,1.27619
-0.473001,-2.15982,2.57645,1.26579
-0.47154,-2.15986,2.58259,1.24819
-0.469973,-2.16555,2.58611,1.20934
-0.470526,-2.18273,2.58545,1.14027
-0.47519,-2.20952,2.58041,1.04089
-0.48267,-2.24158,2.57187,0.913976
-0.490833,-2.27597,2.56095,0.765277
-0.497803,-2.31221,2.54836,0.599636
-0.504023,-2.35081,2.53492,0.422336
-0.510463,-2.38769,2.52248,0.252612
-0.519759,-2.42997,2.50798,0.048823
-0.542659,-2.55239,2.46726,-1.16617
-0.54261,-2.55248,2.46725,-1.17174
-0.542564,-2.55257,2.46724,-1.17728
-0.542521,-2.55266,2.46723,-1.18278
-0.542481,-2.55274,2.46722,-1.18826
-0.542445,-2.55283,2.46721,-1.1937
-0.542411,-2.55291,2.4672,-1.19911
-0.54236,-2.55426,2.46712,-1.3199
-0.542538,-2.55793,2.46427,-1.43221
-0.540027,-2.57166,2.45601,-1.51913
-0.534356,-2.59719,2.44259,-1.58467
-0.526011,-2.63057,2.42494,-1.62984
-0.515839,-2.66847,2.40428,-1.65689
-0.504602,-2.7086,2.38166,-1.66857
-0.492889,-2.74987,2.35823,-1.66797
-0.481606,-2.78937,2.33514,-1.65828
-0.469173,-2.83318,2.30973,-1.64018
-0.457064,-2.87582,2.28522,-1.61745
-0.444954,-2.91823,2.26107,-1.59132
-0.432939,-2.96005,2.23713,-1.56298
-0.420962,-3.00192,2.21316,-1.53331
-0.408932,-3.04403,2.18935,-1.50303
-0.362829,-3.20691,2.09997,-1.32902
-0.362826,-3.20692,2.09999,-1.32894
-0.362823,-3.20693,2.1,-1.32886
-0.362821,-3.20694,2.10002,-1.32878
-0.362818,-3.20695,2.10003,-1.3287
-0.362815,-3.20696,2.10005,-1.32862
-0.362812,-3.20697,2.10006,-1.32855
-0.36281,-3.20698,2.10008,-1.32848
-0.362807,-3.20699,2.1001,-1.3284
-0.362805,-3.207,2.10011,-1.32834
-0.362776,-3.2071,2.10027,-1.32757
-0.36273,-3.20728,2.10027,-1.32701
-0.362722,-3.21093,2.09972,-1.32699
-0.363338,-3.2271,2.09835,-1.32912
-0.364841,-3.25699,2.09623,-1.33363
-0.367377,-3.29618,2.09359,-1.34046
-0.37061,-3.34132,2.09055,-1.34949
-0.374109,-3.38921,2.08735,-1.36031
-0.377584,-3.43581,2.08421,-1.37217
-0.381272,-3.48714,2.08079,-1.38623
-0.384826,-3.5361,2.07746,-1.40062
-0.388365,-3.58493,2.07415,-1.41562
-0.391937,-3.63409,2.07089,-1.43111
-0.395565,-3.68379,2.06761,-1.44691
-0.399255,-3.73381,2.06432,-1.46291
-0.402959,-3.78386,2.06105,-1.47904
-0.406648,-3.83376,2.05779,-1.49521
-0.410209,-3.88182,2.0546,-1.51082
-0.414079,-3.93439,2.05116,-1.52769
-0.417805,-3.98451,2.04794,-1.54389
-0.43273,-4.18156,2.0343,-1.62468
-0.432742,-4.1817,2.03428,-1.62493
-0.432753,-4.18184,2.03427,-1.62517
-0.432764,-4.18198,2.03425,-1.62542
-0.432775,-4.18211,2.03423,-1.62566
-0.432785,-4.18224,2.03421,-1.62589
-0.432835,-4.18283,2.03413,-1.62703
-0.433113,-4.18549,2.03403,-1.63304
-0.436003,-4.18808,2.0343,-1.64498
-0.446788,-4.18152,2.03413,-1.66963
-0.464723,-4.16155,2.03315,-1.70958
-0.487729,-4.131,2.03153,-1.76528
-0.513219,-4.09476,2.02946,-1.83492
-0.54052,-4.05639,2.0271,-1.91714
-0.569192,-4.01681,2.02459,-2.00957
-0.595897,-3.97998,2.02225,-2.10144
-0.627295,-3.93673,2.01957,-2.21624
-0.656291,-3.89659,2.01713,-2.32744
-0.685346,-3.85621,2.01457,-2.44199
-0.714102,-3.8159,2.01196,-2.55921
-0.742932,-3.7755,2.00938,-2.67827
-0.772118,-3.7346,2.00679,-2.79901
-0.801225,-3.69357,2.00423,-2.92053
-0.827585,-3.65616,2.0019,-3.03264
-0.858583,-3.61251,1.99927,3.11845
-0.887382,-3.57217,1.99686,2.99611
-1.00155,-3.40944,1.98422,2.23656
-1.00155,-3.40944,1.98422,2.23656
-1.00155,-3.40944,1.98422,2.23656
-1.00155,-3.40944,1.98422,2.23656
-1.00155,-3.40944,1.98422,2.23656
-1.00155,-3.40944,1.98422,2.23656
-1.00155,-3.40944,1.98422,2.23655
-1.00155,-3.40944,1.98422,2.23655
-1.00155,-3.40944,1.98422,2.23655
-1.00155,-3.40944,1.98422,2.23655
-1.00278,-3.40794,1.9851,2.23671
-1.00282,-3.40791,1.98512,2.23698
-1.00285,-3.40789,1.98514,2.23727
-1.00288,-3.40789,1.98516,2.23759
-1.0029,-3.4079,1.98517,2.23793
-1.00292,-3.40792,1.98519,2.2383
-1.00292,-3.40795,1.9852,2.23869
-1.00292,-3.40801,1.98521,2.23911
-1.00291,-3.40808,1.98521,2.23955
-1.00288,-3.40816,1.98522,2.24002
-1.00285,-3.40827,1.98522,2.24052
-1.0028,-3.4084,1.98523,2.24105
-1.00275,-3.40854,1.98523,2.24161
-1.00268,-3.40871,1.98523,2.2422
-1.0026,-3.4089,1.98523,2.24282
-1.0025,-3.40911,1.98522,2.24347
-1.00239,-3.40934,1.98521,2.24415
-1.00227,-3.4096,1.9852,2.24486
-1.00213,-3.40988,1.98518,2.2456
-1.00198,-3.41018,1.98516,2.24637
-1.00181,-3.41051,1.98514,2.24716
-1.00163,-3.41086,1.98512,2.24797
-1.00143,-3.41123,1.9851,2.24882
-1.00122,-3.41163,1.98507,2.2497
-1.00048,-3.41296,1.98499,2.25251
-0.988708,-3.43156,1.98361,2.28729
-0.968609,-3.46011,1.98108,2.34303
-0.943514,-3.49484,1.97766,2.4186
-0.91649,-3.53276,1.97379,2.51153
-0.889185,-3.57255,1.96971,2.61849
-0.86211,-3.61312,1.96534,2.73681
-0.836138,-3.65262,1.96107,2.85874
-0.807765,-3.6954,1.95653,2.99752
-0.780579,-3.73587,1.95227,3.13588
-0.753613,-3.77628,1.94802,-3.00472
-0.726167,-3.81782,1.94376,-2.85889
-0.697964,-3.85934,1.93955,-2.71074
-0.669688,-3.90048,1.93537,-2.56094
-0.6418,-3.94144,1.93116,-2.40974
-0.614136,-3.98267,1.927,-2.25768
-0.588612,-4.02062,1.92328,-2.11694
-0.558435,-4.06541,1.91892,-1.95095
-0.465572,-4.20194,1.90287,-1.03835
-0.465572,-4.20194,1.90287,-1.03838
-0.465572,-4.20194,1.90287,-1.03842
-0.465572,-4.20194,1.90287,-1.03845
-0.465572,-4.20194,1.90287,-1.03848
-0.465572,-4.20194,1.90287,-1.03852
-0.465572,-4.20194,1.90287,-1.03855
-0.465572,-4.20194,1.90286,-1.03858
-0.465572,-4.20194,1.90286,-1.03861
-0.465571,-4.20194,1.90286,-1.03864
-0.465261,-4.20242,1.90352,-1.0355
-0.465222,-4.20247,1.90357,-1.03514
-0.465182,-4.20253,1.90362,-1.03475
-0.46514,-4.2026,1.90367,-1.03435
-0.465096,-4.20266,1.90372,-1.03392
-0.465051,-4.20272,1.90377,-1.03347
-0.465006,-4.20278,1.90383,-1.033
-0.464961,-4.20284,1.90388,-1.0325
-0.464915,-4.2029,1.90393,-1.03199
-0.46487,-4.20296,1.90399,-1.03144
-0.464826,-4.20301,1.90405,-1.03088
-0.464783,-4.20306,1.90412,-1.03028
-0.464742,-4.2031,1.90419,-1.02966
-0.464703,-4.20313,1.90425,-1.02901
-0.464558,-4.20318,1.90462,-1.02537
-0.466883,-4.19724,1.90718,-0.995703
-0.477546,-4.17808,1.91087,-0.946093
-0.49632,-4.14869,1.91538,-0.87638
-0.520174,-4.113,1.9204,-0.788941
-0.545716,-4.07441,1.92574,-0.686547
-0.571126,-4.03425,1.93123,-0.572509
-0.596031,-3.99329,1.93682,-0.448851
-0.620135,-3.95253,1.94227,-0.322504
-0.647352,-3.90776,1.94812,-0.180036
-0.67363,-3.8657,1.95379,-0.0384919
-0.699484,-3.82355,1.95944,0.106342
-0.725301,-3.78145,1.96503,0.253273
-0.751139,-3.73949,1.97076,0.402153
-0.777093,-3.69728,1.97648,0.552651
-0.803446,-3.65447,1.98218,0.70437
-0.830034,-3.61198,1.98784,0.856755
-0.855241,-3.57192,1.99331,1.00354
-0.881132,-3.52987,1.99897,1.15685
-0.96569,-3.39375,2.01453,1.93347
-0.965703,-3.39368,2.01452,1.93569
-0.965716,-3.39361,2.01451,1.93788
-0.965729,-3.39354,2.01451,1.94004
-0.965742,-3.39348,2.0145,1.94219
-0.965755,-3.39341,2.01449,1.9443
-0.965769,-3.39335,2.01448,1.9464
-0.966196,-3.39214,2.01479,1.99066
-0.966832,-3.39024,2.01586,2.02261
-0.961771,-3.39323,2.01663,2.03202
-0.946266,-3.40809,2.01665,2.01565
-0.92291,-3.43346,2.01587,1.97322
-0.894559,-3.46545,2.01442,1.90821
-0.864013,-3.49976,2.01257,1.82387
-0.831688,-3.53476,2.01051,1.72424
-0.798167,-3.57012,2.0082,1.61199
-0.763588,-3.60646,2.00577,1.49011
-0.729245,-3.6434,2.00333,1.36108
-0.695069,-3.68029,2.00097,1.22673
-0.661036,-3.71699,1.99863,1.08846
-0.627126,-3.75355,1.99643,0.94784
-0.593972,-3.78963,1.99422,0.805835
-0.56075,-3.82541,1.99196,0.662146
-0.526553,-3.86184,1.98967,0.517233
-0.492482,-3.89891,1.98742,0.371893
-0.459311,-3.93566,1.98522,0.22603
-0.42544,-3.97235,1.98307,0.0793202
-0.326961,-4.08432,1.97589,-0.458144
-0.326656,-4.08463,1.97584,-0.462033
-0.326359,-4.08492,1.97579,-0.465893
-0.326069,-4.08521,1.97575,-0.469722
-0.323279,-4.08771,1.97525,-0.509902
-0.317039,-4.09264,1.97488,-0.611265
-0.309295,-4.10471,1.97593,-0.676989
-0.298983,-4.1293,1.97845,-0.732451
-0.287531,-4.16531,1.98247,-0.779483
-0.276094,-4.20643,1.98731,-0.818126
-0.263646,-4.25434,1.99333,-0.854452
-0.251459,-4.30156,1.99954,-0.885263
-0.23922,-4.34867,2.00595,-0.91319
-0.226839,-4.39607,2.0124,-0.939111
-0.214456,-4.44339,2.01881,-0.963708
-0.202154,-4.4906,2.02516,-0.98746
-0.190437,-4.53576,2.03126,-1.00989
-0.177511,-4.58558,2.03793,-1.03417
-0.164917,-4.63413,2.04436,-1.0576
-0.152382,-4.68279,2.05083,-1.08121
-0.139856,-4.73134,2.0573,-1.10495
-0.127495,-4.77932,2.06376,-1.12888
-0.115101,-4.82727,2.07015,-1.15292
-0.102739,-4.87513,2.07658,-1.17711
-0.0677185,-5.01213,2.09365,-1.2503
-0.0674717,-5.01313,2.09377,-1.25105
-0.0672303,-5.0141,2.09389,-1.25178
-0.0638939,-5.02755,2.09553,-1.26354
-0.0606293,-5.03981,2.09776,-1.2763
-0.0572163,-5.04397,2.09937,-1.27572
-0.0536727,-5.03206,2.09961,-1.256
-0.0510346,-5.00404,2.09862,-1.21482
-0.0494643,-4.96508,2.09656,-1.15378
-0.0480833,-4.92115,2.09369,-1.07537
-0.0458818,-4.87482,2.09036,-0.982015
-0.0428743,-4.82645,2.08698,-0.876611
-0.0399566,-4.77728,2.08341,-0.761855
-0.0369362,-4.72756,2.07977,-0.639778
-0.0343074,-4.67817,2.07615,-0.512485
-0.0313338,-4.62837,2.07245,-0.380419
-0.028601,-4.57988,2.06894,-0.250833
-0.0262352,-4.5279,2.06521,-0.108452
-0.0238412,-4.47848,2.06173,0.0300218
-0.0210695,-4.4288,2.05825,0.17005
-0.0182323,-4.37832,2.05481,0.311035
-0.0158057,-4.32766,2.05137,0.452522
-0.0137347,-4.27815,2.04798,0.593812
-0.00815576,-4.13501,2.03837,1.0254
-0.00817242,-4.13389,2.03828,1.03008
-0.00818893,-4.1328,2.0382,1.03474
-0.00829154,-4.11709,2.03681,1.11401
-0.00751063,-4.10357,2.03505,1.2123
-0.00915139,-4.08695,2.03234,1.29816
-0.0185651,-4.0615,2.02824,1.37259
-0.0367056,-4.02894,2.02287,1.43687
-0.0607011,-3.99236,2.01655,1.4926
-0.0875531,-3.9537,2.00957,1.54147
-0.115665,-3.91357,2.00221,1.58497
-0.143682,-3.87337,1.99467,1.62434
-0.171643,-3.8331,1.98712,1.6607
-0.199478,-3.79288,1.9796,1.69492
-0.227118,-3.75299,1.97207,1.72764
-0.254997,-3.7129,1.96451,1.7596
-0.283179,-3.6723,1.95697,1.79114
-0.311554,-3.63159,1.94945,1.82252
-0.34007,-3.59072,1.94184,1.854
-0.368661,-3.5497,1.93423,1.88561
-0.397229,-3.50876,1.92668,1.91736
-0.425514,-3.4682,1.91923,1.94919
-0.45243,-3.42959,1.91207,1.97986
-0.557104,-3.27854,1.88422,2.16027
-0.557109,-3.27854,1.88422,2.16034
-0.557115,-3.27853,1.88423,2.1604
-0.55712,-3.27852,1.88423,2.16047
-0.557126,-3.27851,1.88424,2.16053
-0.557131,-3.2785,1.88424,2.1606
-0.557136,-3.2785,1.88425,2.16066
-0.557141,-3.27849,1.88425,2.16072
-0.557146,-3.27848,1.88426,2.16077
-0.557151,-3.27848,1.88426,2.16083
-0.557194,-3.27841,1.88431,2.16135
-0.557199,-3.2784,1.88431,2.1614
-0.558547,-3.27679,1.88306,2.16689
-0.559418,-3.28042,1.87597,2.188
-0.554378,-3.29729,1.8633,2.22614
-0.543386,-3.32446,1.84585,2.28289
-0.528865,-3.3577,1.82465,2.35741
-0.513026,-3.39446,1.80127,2.44692
-0.497168,-3.43259,1.77678,2.54867
-0.481702,-3.47142,1.75178,2.66021
-0.466314,-3.5107,1.72644,2.77974
-0.450625,-3.551,1.70068,2.90592
-0.434223,-3.59174,1.675,3.0369
-0.417623,-3.63183,1.64979,-3.11225
-0.401466,-3.6717,1.6244,-2.97512
-0.385371,-3.71232,1.5991,-2.83595
-0.368875,-3.75286,1.57391,-2.69547
-0.352397,-3.79264,1.54903,-2.55435
-0.336933,-3.83052,1.52528,-2.4184
-0.320346,-3.8719,1.49933,-2.2704
-0.304172,-3.91207,1.47447,-2.1279
-0.249687,-4.04031,1.39511,-1.51488
-0.249655,-4.04051,1.39494,-1.51177
-0.249624,-4.0407,1.39477,-1.50869
-0.249596,-4.04089,1.39461,-1.50564
-0.24957,-4.04107,1.39445,-1.50262
-0.249417,-4.0425,1.39319,-1.47664
-0.249112,-4.04631,1.38989,-1.39848
-0.250662,-4.04511,1.38719,-1.36571
-0.257991,-4.0308,1.38387,-1.3623
-0.270446,-4.00275,1.38008,-1.38842
-0.285953,-3.96597,1.37577,-1.44175
-0.303507,-3.92474,1.37101,-1.51744
-0.322378,-3.88229,1.36589,-1.61188
-0.341113,-3.8422,1.36098,-1.71229
-0.364043,-3.79346,1.35515,-1.84268
-0.384722,-3.74796,1.34974,-1.9721
-0.40507,-3.70313,1.34443,-2.10781
-0.425888,-3.6583,1.3393,-2.24808
-0.446247,-3.6136,1.33415,-2.3913
-0.466765,-3.56873,1.32893,-2.53734
-0.487462,-3.52332,1.32383,-2.68524
-0.507895,-3.47773,1.31878,-2.83436
-0.52655,-3.43598,1.31404,-2.97255
-0.54891,-3.38674,1.30844,-3.13576
-0.569576,-3.34103,1.30341,2.99596
-0.624809,-3.21269,1.28975,2.5398
-0.625936,-3.20967,1.28939,2.52472
-0.626295,-3.20871,1.28928,2.51975
-0.631355,-3.19564,1.28755,2.43926
-0.636874,-3.18345,1.28557,2.33229
-0.639205,-3.16736,1.28419,2.23743
-0.63349,-3.14154,1.28338,2.15336
-0.61862,-3.10744,1.28293,2.07851
-0.597841,-3.06885,1.28272,2.0113
-0.574206,-3.02791,1.28269,1.95017
-0.549436,-2.9855,1.28276,1.8935
-0.524398,-2.94226,1.28284,1.84022
-0.500314,-2.90072,1.2829,1.7915
-0.474512,-2.85635,1.28297,1.74083
-0.449945,-2.81428,1.28307,1.69324
-0.42491,-2.77123,1.28315,1.64616
-0.399497,-2.7277,1.28325,1.59933
-0.373902,-2.68415,1.28339,1.55258
-0.348446,-2.64089,1.28356,1.50597
-0.323257,-2.59811,1.28368,1.45929
-0.299166,-2.55701,1.28377,1.41442
-0.272981,-2.51237,1.28386,1.36577
-0.247974,-2.46981,1.28395,1.31902
-0.155687,-2.3138,1.28294,1.07054
-0.155646,-2.31373,1.28294,1.06982
-0.155625,-2.3137,1.28293,1.06947
-0.155606,-2.31367,1.28293,1.06913
-0.155586,-2.31364,1.28293,1.06879
-0.155567,-2.31361,1.28293,1.06845
-0.155548,-2.31358,1.28293,1.06812
-0.155529,-2.31355,1.28293,1.0678
-0.155274,-2.31318,1.28297,1.06342
-0.154459,-2.31198,1.28354,1.05623
-0.153114,-2.31285,1.28478,1.03765
-0.156157,-2.3273,1.2859,1.0029
-0.165568,-2.35522,1.28679,0.949616
-0.178441,-2.3895,1.28739,0.884497
-0.196091,-2.43479,1.28784,0.790967
-0.212454,-2.47899,1.28809,0.690461
-0.228451,-2.52476,1.28844,0.578831
-0.244592,-2.57154,1.28861,0.458166
-0.261139,-2.619,1.28872,0.330851
-0.277948,-2.66591,1.28885,0.198369
-0.294575,-2.71268,1.28905,0.0620235
-0.309867,-2.75595,1.28916,-0.0662737
-0.328093,-2.8068,1.28927,-0.218836
-0.345018,-2.8531,1.28941,-0.361493
-0.361629,-2.89931,1.28961,-0.505259
-0.378249,-2.94626,1.2898,-0.650472
-0.395317,-2.99421,1.28999,-0.796615
-0.412883,-3.04204,1.29021,-0.943482
-0.468619,-3.18691,1.29076,-1.4446
-0.468951,-3.1877,1.29075,-1.4492
-0.469273,-3.18847,1.29073,-1.45377
-0.469585,-3.18921,1.29072,-1.45831
-0.475146,-3.20496,1.29039,-1.5858
-0.476457,-3.21581,1.29227,-1.6712
-0.476844,-3.23743,1.29778,-1.73919
-0.476709,-3.27026,1.30699,-1.78962
-0.475482,-3.31093,1.31929,-1.82372
-0.473244,-3.35361,1.33327,-1.84303
-0.470036,-3.40136,1.34972,-1.85167
-0.466585,-3.44709,1.36604,-1.85047
-0.46304,-3.49276,1.38273,-1.84206
-0.459528,-3.539,1.39953,-1.82836
-0.455912,-3.58572,1.41645,-1.81088
-0.452246,-3.63299,1.43346,-1.79079
-0.448497,-3.68087,1.45037,-1.76911
-0.445022,-3.72447,1.46583,-1.74838
-0.441,-3.77493,1.4839,-1.72361
-0.437291,-3.8221,1.50067,-1.70053
-0.433568,-3.86945,1.51741,-1.67754
-0.429833,-3.91649,1.53392,-1.65488
-0.426134,-3.96275,1.55051,-1.63246
-0.422436,-4.00967,1.56708,-1.61032
-0.41112,-4.14987,1.61448,-1.52416
-0.411115,-4.15003,1.61455,-1.5238
-0.41111,-4.15019,1.61461,-1.52345
-0.411106,-4.15035,1.61467,-1.5231
-0.411101,-4.1505,1.61472,-1.52276
-0.411074,-4.15189,1.61523,-1.51923
-0.411193,-4.15521,1.61696,-1.51231
-0.416017,-4.16373,1.61883,-1.51182
-0.432101,-4.17885,1.62021,-1.51953
-0.458837,-4.19743,1.62091,-1.53547
-0.496649,-4.21971,1.6211,-1.56192
-0.538163,-4.24232,1.6209,-1.59543
-0.581206,-4.2652,1.62042,-1.63554
-0.624914,-4.28846,1.61981,-1.68104
-0.668559,-4.31181,1.61916,-1.73062
-0.712242,-4.33515,1.6184,-1.78343
-0.756448,-4.35873,1.61761,-1.83849
-0.800328,-4.38192,1.61683,-1.89503
-0.840993,-4.40337,1.61613,-1.94819
-0.889243,-4.42891,1.61531,-2.01141
-0.933745,-4.45231,1.61457,-2.07007
-0.977289,-4.47511,1.61387,-2.12861
-1.02067,-4.49798,1.61315,-2.18735
-1.06516,-4.5216,1.61244,-2.2462
-1.10966,-4.545,1.61174,-2.30486
-1.22903,-4.60715,1.60986,-2.46553
-1.23022,-4.60774,1.60984,-2.46746
-1.23138,-4.60833,1.60981,-2.46938
-1.25429,-4.61983,1.60917,-2.51517
-1.2668,-4.62801,1.60935,-2.55032
-1.2729,-4.64386,1.61066,-2.57154
-1.271,-4.67138,1.61274,-2.57659
-1.26177,-4.7076,1.61542,-2.566
-1.24765,-4.74873,1.61857,-2.54099
-1.23113,-4.79241,1.62209,-2.5035
-1.21424,-4.83604,1.62568,-2.45767
-1.19559,-4.88384,1.62958,-2.39977
-1.17759,-4.92967,1.63333,-2.33791
-1.15955,-4.9756,1.63706,-2.27161
-1.14129,-5.02192,1.6408,-2.20187
-1.1228,-5.06858,1.64451,-2.13
-1.10413,-5.11508,1.6482,-2.05684
-1.08575,-5.16075,1.65182,-1.98322
-1.06752,-5.20626,1.65549,-1.90899
-1.04907,-5.25291,1.65927,-1.83425
-1.03031,-5.29991,1.66307,-1.75957
-1.01162,-5.34608,1.66678,-1.68521
-0.993119,-5.39204,1.67047,-1.61083
-0.931235,-5.54746,1.68033,-1.22651
-0.931226,-5.54748,1.68033,-1.22615
-0.931218,-5.5475,1.68032,-1.22579
-0.93121,-5.54752,1.68032,-1.22544
-0.931202,-5.54754,1.68032,-1.2251
-0.931194,-5.54756,1.68032,-1.22476
-0.931186,-5.54758,1.68031,-1.22443
-0.931178,-5.5476,1.68031,-1.2241
-0.931171,-5.54761,1.68031,-1.22378
-0.931093,-5.54779,1.68034,-1.22056
-0.929732,-5.55014,1.68071,-1.21221
-0.920541,-5.55893,1.68021,-1.20278
-0.900882,-5.57285,1.67859,-1.19092
-0.866597,-5.59304,1.67545,-1.17276
-0.827825,-5.6134,1.67162,-1.15182
-0.785292,-5.63474,1.66717,-1.12721
-0.741508,-5.65653,1.66241,-1.09957
-0.697386,-5.67847,1.65751,-1.06946
-0.653575,-5.70045,1.65258,-1.03746
-0.609759,-5.72246,1.64771,-1.00407
-0.56596,-5.74443,1.64286,-0.969661
-0.521895,-5.76646,1.63795,-0.934476
-0.477485,-5.78864,1.63303,-0.898769
-0.432852,-5.81087,1.62812,-0.862723
-0.388257,-5.83307,1.62321,-0.826432
-0.343257,-5.8555,1.61828,-0.789952
-0.298151,-5.87797,1.61338,-0.753391
-0.253184,-5.90035,1.6085,-0.716863
-0.208372,-5.92266,1.60364,-0.680335
-0.0515473,-6.00126,1.58588,-0.490457
-0.0515233,-6.00127,1.58588,-0.490254
-0.0514998,-6.00128,1.58588,-0.490053
-0.0514767,-6.0013,1.58588,-0.489857
-0.051454,-6.00131,1.58589,-0.489663
-0.0514317,-6.00132,1.58589,-0.489473
-0.0514099,-6.00134,1.58589,-0.489287
-0.0513884,-6.00135,1.5859,-0.489104
-0.0513674,-6.00136,1.5859,-0.488924
-0.0511225,-6.00149,1.58595,-0.486809
-0.0465126,-6.00299,1.58697,-0.481538
-0.0292463,-6.00561,1.59007,-0.476757
0.00120857,-6.00821,1.5954,-0.470782
0.0407442,-6.00974,1.60253,-0.463556
0.0846252,-6.01032,1.61101,-0.455136
0.131148,-6.01041,1.62056,-0.445509
0.177531,-6.0105,1.63023,-0.435326
0.228229,-6.01055,1.64106,-0.423422
0.277137,-6.01071,1.65151,-0.411351
0.325669,-6.01084,1.66196,-0.398815
0.374356,-6.01098,1.67227,-0.385963
0.42301,-6.01109,1.68263,-0.372845
0.47203,-6.01124,1.69296,-0.359583
0.521027,-6.01132,1.70328,-0.346208
0.570337,-6.01143,1.71355,-0.332767
0.61941,-6.01153,1.72376,-0.319324
0.668405,-6.01159,1.73401,-0.305867
0.717536,-6.0117,1.74424,-0.292439
0.766172,-6.0118,1.75442,-0.279058
0.881741,-6.01203,1.777,-0.245995
0.88288,-6.01202,1.77721,-0.245576
0.883995,-6.01202,1.77743,-0.24516
0.908512,-6.01186,1.78268,-0.233576
0.923256,-6.0126,1.78645,-0.226103
0.945921,-6.01645,1.79053,-0.220615
0.978912,-6.02393,1.79513,-0.217153
1.02024,-6.03444,1.8002,-0.215578
1.06572,-6.0466,1.80566,-0.215622
1.11269,-6.0595,1.81138,-0.217006
1.15972,-6.07258,1.81724,-0.219442
1.20509,-6.08526,1.82296,-0.222556
1.25442,-6.09909,1.82912,-0.226543
1.30179,-6.11241,1.83499,-0.230792
1.34879,-6.12564,1.84085,-0.235307
1.39606,-6.13896,1.84676,-0.240017
1.44439,-6.15258,1.85269,-0.244833
1.49265,-6.16619,1.85857,-0.249685
1.54024,-6.17962,1.86449,-0.25455
1.58455,-6.19212,1.87,-0.259029
1.63683,-6.20686,1.87646,-0.264267
1.68488,-6.22042,1.88237,-0.269072
1.7323,-6.23381,1.88827,-0.273826
1.88279,-6.27692,1.90448,-0.297002
1.88279,-6.27692,1.90448,-0.297002
1.88279,-6.27692,1.90448,-0.297002
1.88279,-6.27692,1.90448,-0.297002
1.88279,-6.27692,1.90448,-0.297002
1.88279,-6.27692,1.90448,-0.297002
1.88279,-6.27692,1.90448,-0.297002
1.88279,-6.27692,1.90448,-0.297002
1.88279,-6.27692,1.90448,-0.297002
1.88279,-6.27692,1.90448,-0.297002
1.88868,-6.27626,1.90654,-0.294854
1.88913,-6.27616,1.90663,-0.294687
1.8896,-6.27604,1.90673,-0.294512
1.89009,-6.27592,1.90683,-0.294328
1.8906,-6.27578,1.90693,-0.294137
1.89113,-6.27564,1.90703,-0.293939
1.89167,-6.27549,1.90713,-0.293731
1.89224,-6.27532,1.90724,-0.293515
1.89282,-6.27514,1.90735,-0.293289
1.89343,-6.27496,1.90746,-0.293055
1.89405,-6.27476,1.90757,-0.292811
1.89469,-6.27455,1.90769,-0.292558
1.89535,-6.27433,1.9078,-0.292296
1.89603,-6.27409,1.90792,-0.292025
1.89673,-6.27385,1.90804,-0.291746
1.89745,-6.27359,1.90816,-0.291457
1.89819,-6.27332,1.90829,-0.29116
1.89894,-6.27303,1.90841,-0.290854
1.89972,-6.27274,1.90854,-0.29054
1.90051,-6.27243,1.90867,-0.290217
1.90132,-6.2721,1.9088,-0.289885
1.90215,-6.27177,1.90893,-0.289543
1.903,-6.27142,1.90906,-0.289191
1.90387,-6.27105,1.9092,-0.28883
1.90475,-6.27067,1.90933,-0.28846
1.91242,-6.26719,1.91047,-0.285165
1.94183,-6.25135,1.91463,-0.27086
1.97663,-6.22961,1.91954,-0.250479
2.01497,-6.20405,1.92501,-0.22419
2.05506,-6.17689,1.93075,-0.192989
2.09543,-6.14936,1.93658,-0.15785
2.13599,-6.12187,1.94254,-0.119285
2.1774,-6.09404,1.94846,-0.0782656
2.21835,-6.06635,1.95431,-0.0355154
2.25914,-6.0387,1.96015,0.0085322
2.30039,-6.01075,1.96598,0.0535209
2.33968,-5.98409,1.97148,0.0969834
2.38181,-5.95535,1.97747,0.144346
2.42241,-5.92779,1.9832,0.189941
2.46307,-5.90014,1.98901,0.235737
2.50468,-5.87193,1.99486,0.281697
2.54638,-5.84355,2.00069,0.327566
2.70671,-5.73482,2.0206,0.589112
2.70671,-5.73482,2.0206,0.589112
2.70671,-5.73482,2.0206,0.589112
2.70671,-5.73482,2.0206,0.589112
2.70671,-5.73482,2.0206,0.589112
2.70671,-5.73482,2.0206,0.589112
2.70671,-5.73482,2.0206,0.589112
2.70671,-5.73482,2.0206,0.589112
2.70671,-5.73482,2.0206,0.589112
2.70671,-5.73482,2.0206,0.589112
2.71123,-5.72857,2.01873,0.594549
2.71148,-5.72808,2.01855,0.594835
2.71173,-5.72757,2.01837,0.595128
2.71199,-5.72703,2.01819,0.595431
2.71225,-5.72647,2.01799,0.595742
2.71252,-5.72589,2.01779,0.596062
2.7128,-5.72529,2.01758,0.596391
2.71308,-5.72467,2.01736,0.596729
2.71336,-5.72402,2.01714,0.597076
2.71365,-5.72336,2.0169,0.597431
2.71395,-5.72267,2.01666,0.597795
2.71424,-5.72197,2.01642,0.598167
2.71455,-5.72124,2.01616,0.598547
2.71485,-5.72049,2.0159,0.598937
2.71516,-5.71973,2.01563,0.599335
2.71547,-5.71894,2.01535,0.599743
2.71579,-5.71813,2.01506,0.600159
2.71611,-5.71731,2.01477,0.600584
2.71643,-5.71647,2.01447,0.601018
2.71676,-5.7156,2.01416,0.60146
2.71708,-5.71472,2.01384,0.601912
2.71741,-5.71382,2.01352,0.602373
2.71774,-5.7129,2.01318,0.602844
2.71807,-5.71197,2.01284,0.603324
2.7184,-5.71101,2.01249,0.603814
2.71874,-5.71004,2.01213,0.604314
2.71907,-5.70905,2.01176,0.604822
2.71941,-5.70804,2.01138,0.605341
2.71974,-5.70701,2.011,0.605868
2.72008,-5.70596,2.01061,0.606404
2.72042,-5.7049,2.01021,0.606949
2.72075,-5.70381,2.00981,0.607502
2.72109,-5.70271,2.0094,0.608064
2.72142,-5.70159,2.00899,0.608634
2.72176,-5.70045,2.00857,0.609214
2.72209,-5.69929,2.00814,0.609802
2.72243,-5.69811,2.00771,0.6104
2.72276,-5.69692,2.00727,0.611007
2.72309,-5.69571,2.00682,0.611622
2.72342,-5.69448,2.00637,0.612246
2.72376,-5.69324,2.00591,0.612878
2.72409,-5.69198,2.00545,0.613518
2.72442,-5.6907,2.00498,0.614166
2.72475,-5.68941,2.0045,0.614823
2.72508,-5.6881,2.00402,0.615489
2.7254,-5.68678,2.00354,0.616164
2.72573,-5.68545,2.00304,0.616848
2.72606,-5.6841,2.00254,0.61754
2.7267,-5.68137,2.00153,0.61895
2.73444,-5.64397,1.98696,0.639445
2.74166,-5.60208,1.96972,0.664921
2.74879,-5.5583,1.95098,0.694488
2.75588,-5.51417,1.9315,0.727315
2.7631,-5.46978,1.91163,0.762807
2.77052,-5.42485,1.89147,0.800397
2.778,-5.37924,1.87124,0.839517
2.7854,-5.33365,1.85116,0.879641
2.79266,-5.28832,1.83129,0.920354
2.79991,-5.24306,1.81136,0.961545
2.80724,-5.19765,1.79156,1.00291
2.81448,-5.15231,1.7719,1.04428
2.82166,-5.10747,1.75242,1.08551
2.82886,-5.06264,1.73265,1.12687
2.83628,-5.01691,1.713,1.16812
2.86595,-4.83452,1.63631,1.4082
2.86595,-4.83452,1.63631,1.4082
2.86595,-4.83452,1.63631,1.4082
2.86595,-4.83452,1.63631,1.4082
2.86595,-4.83452,1.63631,1.4082
2.86595,-4.83452,1.63631,1.4082
2.86595,-4.83452,1.63631,1.4082
2.86595,-4.83452,1.63631,1.4082
2.86595,-4.83452,1.63631,1.4082
2.86595,-4.83452,1.63631,1.4082
2.86599,-4.83297,1.63541,1.40984
2.86597,-4.83279,1.63536,1.40997
2.86595,-4.83259,1.63532,1.41012
2.86592,-4.83238,1.63528,1.41026
2.86588,-4.83215,1.63523,1.41042
2.86583,-4.83191,1.63519,1.41058
2.86577,-4.83165,1.63514,1.41075
2.86571,-4.83138,1.6351,1.41093
2.86564,-4.83109,1.63506,1.41112
2.86555,-4.83078,1.63501,1.41131
2.86546,-4.83045,1.63497,1.41151
2.86535,-4.83011,1.63493,1.41172
2.86523,-4.82974,1.63489,1.41194
2.8651,-4.82936,1.63484,1.41217
2.86496,-4.82896,1.6348,1.41241
2.8648,-4.82854,1.63476,1.41266
2.86463,-4.8281,1.63471,1.41291
2.86445,-4.82765,1.63467,1.41317
2.86425,-4.82717,1.63463,1.41345
2.86404,-4.82667,1.63458,1.41373
2.86382,-4.82616,1.63454,1.41402
2.86358,-4.82562,1.63449,1.41431
2.86332,-4.82507,1.63445,1.41462
2.86305,-4.8245,1.63441,1.41494
2.86277,-4.8239,1.63437,1.41526
2.86247,-4.82329,1.63433,1.4156
2.86215,-4.82266,1.63429,1.41594
2.86182,-4.82201,1.63424,1.4163
2.86148,-4.82134,1.6342,1.41666
2.86112,-4.82066,1.63416,1.41703
2.86075,-4.81995,1.63412,1.41741
2.86036,-4.81923,1.63409,1.4178
2.85996,-4.81849,1.63405,1.4182
2.85955,-4.81773,1.63401,1.41861
2.85911,-4.81696,1.63397,1.41903
2.85867,-4.81617,1.63394,1.41946
2.85821,-4.81536,1.6339,1.4199
2.85774,-4.81454,1.63387,1.42034
2.85725,-4.8137,1.63383,1.4208
2.85674,-4.81284,1.63379,1.42126
2.85622,-4.81197,1.63376,1.42173
2.85569,-4.81108,1.63373,1.42222
2.85514,-4.81018,1.63369,1.42271
2.85458,-4.80927,1.63366,1.42321
2.85401,-4.80834,1.63363,1.42372
2.85341,-4.80739,1.6336,1.42425
2.85281,-4.80643,1.63357,1.42478
2.85219,-4.80546,1.63354,1.42532
2.85155,-4.80447,1.63352,1.42587
2.8509,-4.80347,1.63349,1.42643
2.85024,-4.80246,1.63346,1.42699
2.84956,-4.80144,1.63344,1.42757
2.84886,-4.8004,1.63341,1.42816
2.84815,-4.79935,1.63339,1.42876
2.84743,-4.79828,1.63336,1.42937
2.84669,-4.79721,1.63334,1.42999
2.84594,-4.79612,1.63332,1.43062
2.84517,-4.79502,1.6333,1.43125
2.84439,-4.79391,1.63328,1.4319
2.84359,-4.79279,1.63326,1.43255
2.84278,-4.79165,1.63324,1.43321
2.84196,-4.79051,1.63322,1.43389
2.84112,-4.78935,1.63321,1.43457
2.82815,-4.77221,1.63307,1.44507
2.80082,-4.73862,1.63317,1.46811
2.77003,-4.70243,1.63368,1.49624
2.73809,-4.66516,1.63447,1.52832
2.70642,-4.62828,1.63543,1.56353
2.67466,-4.59095,1.63648,1.60147
2.64216,-4.55248,1.63758,1.64138
2.60976,-4.51446,1.63871,1.68253
2.57749,-4.47676,1.63986,1.72457
2.54508,-4.43884,1.64095,1.76727
2.51278,-4.40101,1.64204,1.81017
2.48052,-4.36342,1.64311,1.85319
2.44845,-4.32595,1.64418,1.89619
2.41621,-4.28825,1.64526,1.93941
2.38316,-4.24949,1.64636,1.98274
2.35157,-4.21268,1.64742,2.02424
2.23166,-4.07212,1.64966,2.26168
2.23166,-4.07212,1.64966,2.26168
2.23166,-4.07212,1.64966,2.26167
2.23166,-4.07212,1.64966,2.26167
2.23166,-4.07212,1.64966,2.26167
2.23166,-4.07212,1.64966,2.26166
2.23166,-4.07212,1.64966,2.26166
2.23166,-4.07212,1.64966,2.26165
2.23166,-4.07212,1.64966,2.26165
2.23166,-4.07212,1.64966,2.26165
2.23148,-4.07185,1.65008,2.26149
2.23145,-4.0718,1.65012,2.26141
2.23143,-4.07175,1.65017,2.26132
2.2314,-4.07169,1.65022,2.26122
2.23138,-4.07163,1.65027,2.26111
2.23135,-4.07156,1.65032,2.26098
2.23133,-4.07149,1.65037,2.26084
2.23131,-4.07141,1.65043,2.26069
2.2313,-4.07133,1.65048,2.26053
2.23129,-4.07124,1.65053,2.26035
2.23129,-4.07115,1.65059,2.26016
2.23129,-4.07106,1.65065,2.25995
2.2313,-4.07096,1.65071,2.25973
2.23132,-4.07086,1.65078,2.25949
2.23135,-4.07075,1.65084,2.25923
2.23139,-4.07065,1.65091,2.25895
2.2323,-4.06966,1.65158,2.25563
2.24311,-4.0688,1.65401,2.23611
2.26879,-4.07357,1.65689,2.19968
2.3031,-4.08319,1.65988,2.14883
2.34644,-4.09626,1.66329,2.07756
2.39107,-4.10963,1.66674,1.99481
2.43782,-4.12309,1.67023,1.90071
2.48539,-4.13675,1.67369,1.79751
2.53288,-4.15051,1.67711,1.68761
2.58045,-4.16418,1.68053,1.57208
2.62826,-4.17804,1.68392,1.45269
2.67388,-4.19155,1.68715,1.33547
2.72324,-4.20615,1.69069,1.20629
2.7707,-4.22018,1.69409,1.08043
2.81879,-4.23432,1.69747,0.953387
2.86658,-4.24864,1.7009,0.825793
2.91416,-4.26293,1.70441,0.697863
2.96158,-4.27703,1.70792,0.569596
3.15558,-4.33593,1.71844,-0.258353
3.15558,-4.33593,1.71844,-0.258377
3.15559,-4.33593,1.71844,-0.258398
3.15559,-4.33593,1.71843,-0.258416
3.15559,-4.33593,1.71843,-0.258432
3.15559,-4.33593,1.71843,-0.258445
3.15559,-4.33593,1.71843,-0.258456
3.15559,-4.33593,1.71842,-0.258465
3.15559,-4.33593,1.71842,-0.258471
3.15559,-4.33593,1.71842,-0.258475
3.15561,-4.33593,1.7184,-0.258425
3.15561,-4.33593,1.71841,-0.258423
3.15561,-4.33594,1.71842,-0.258426
3.15561,-4.33594,1.71843,-0.258435
3.15561,-4.33594,1.71845,-0.25845
3.15656,-4.33594,1.71933,-0.258627
3.15855,-4.33081,1.72079,-0.250886
3.1539,-4.31319,1.72207,-0.22974
3.14073,-4.2843,1.72304,-0.192714
3.12145,-4.24796,1.7238,-0.139917
3.09846,-4.20664,1.72441,-0.0703146
3.07756,-4.16814,1.72497,0.00260368
3.05353,-4.12354,1.72559,0.0947384
3.03042,-4.08045,1.72609,0.191654
3.00698,-4.03645,1.72661,0.294962
2.98315,-3.99265,1.727,0.402412
2.95943,-3.94932,1.72733,0.513555
2.93564,-3.90523,1.72766,0.627477
2.91156,-3.86114,1.72807,0.743068
2.88752,-3.81753,1.72857,0.859589
2.86379,-3.77432,1.72902,0.976905
2.84016,-3.73081,1.72944,1.09459
2.81644,-3.68736,1.72988,1.21273
2.79336,-3.64493,1.73031,1.32679
2.70401,-3.48219,1.7291,2.03305
2.70401,-3.48219,1.72909,2.03298
2.70401,-3.48219,1.72909,2.03292
2.70401,-3.48219,1.72909,2.03285
2.70401,-3.48219,1.72908,2.03279
2.70401,-3.48219,1.72908,2.03272
2.70401,-3.48219,1.72908,2.03265
2.70401,-3.48219,1.72908,2.03259
2.70401,-3.48219,1.72907,2.03252
2.70401,-3.48218,1.72907,2.03246
2.704,-3.48217,1.72917,2.03162
2.704,-3.48216,1.72919,2.0316
2.704,-3.48215,1.72921,2.03157
2.70399,-3.48214,1.72923,2.03155
2.70398,-3.48213,1.72925,2.03152
2.70398,-3.48212,1.72927,2.03149
2.70397,-3.4821,1.72929,2.03145
2.70396,-3.48208,1.72931,2.03141
2.70386,-3.48142,1.72928,2.0286
2.70763,-3.48415,1.72716,2.01431
2.71965,-3.49777,1.72208,1.9828
2.7385,-3.52219,1.71437,1.93194
2.76226,-3.55424,1.70448,1.86144
2.78872,-3.5905,1.69332,1.77415
2.81545,-3.62629,1.68174,1.67665
2.84587,-3.66565,1.66883,1.55894
2.87531,-3.7037,1.6563,1.43671
2.90463,-3.74157,1.64382,1.30751
2.93397,-3.77949,1.63153,1.17329
2.96315,-3.81747,1.61912,1.03475
2.99263,-3.8559,1.60685,0.893414
3.02178,-3.89444,1.5946,0.749702
3.05087,-3.93287,1.58245,0.604376
3.08005,-3.97126,1.57032,0.457866
3.10941,-4.00981,1.55807,0.31025
3.13877,-4.04849,1.54579,0.161791
3.16817,-4.08729,1.53364,0.0128645
3.19736,-4.1259,1.52163,-0.136169
3.22455,-4.16261,1.51111,-0.279883
3.24326,-4.19004,1.50336,-0.406586
3.25505,-4.20744,1.49747,-0.527042
3.26142,-4.21501,1.49383,-0.624224
3.26508,-4.21805,1.49166,-0.702981
3.26704,-4.21941,1.49061,-0.764512
3.26798,-4.22028,1.49029,-0.810828
3.26871,-4.22204,1.49077,-0.893088
3.26871,-4.22204,1.49076,-0.89301
3.26871,-4.22204,1.49076,-0.892933
3.26871,-4.22204,1.49076,-0.892856
3.26871,-4.22204,1.49075,-0.892779
3.26871,-4.22204,1.49075,-0.892702
3.26871,-4.22204,1.49075,-0.892626
3.26871,-4.22204,1.49074,-0.892549
3.26871,-4.22204,1.49074,-0.892473
3.26871,-4.22204,1.49074,-0.892397
3.26871,-4.22204,1.49073,-0.891959
3.26933,-4.22292,1.49091,-0.897989
3.26664,-4.22123,1.4909,-0.920746
3.25412,-4.20855,1.49065,-0.963058
3.2337,-4.18449,1.4903,-1.02468
3.20865,-4.15329,1.49005,-1.1047
3.18026,-4.11832,1.48968,-1.20061
3.14969,-4.08173,1.48926,-1.30946
3.11792,-4.04464,1.48884,-1.42877
3.0854,-4.00723,1.48846,-1.55652
3.05222,-3.96919,1.48809,-1.69076
3.01957,-3.93092,1.48772,-1.82954
2.98746,-3.89315,1.48741,-1.97187
2.95516,-3.85563,1.4872,-2.11668
2.9228,-3.81795,1.48692,-2.26375
2.89012,-3.77974,1.48659,-2.41216
2.85787,-3.74143,1.48631,-2.56184
2.8254,-3.7031,1.48616,-2.71257
2.79306,-3.66491,1.48603,-2.86353
2.76099,-3.62701,1.48581,-3.01516
2.648,-3.49261,1.48256,2.44785
2.64795,-3.49258,1.48255,2.4458
2.64791,-3.49254,1.48254,2.44377
2.64786,-3.49251,1.48253,2.44176
2.64782,-3.49248,1.48252,2.43978
2.64777,-3.49244,1.48251,2.43782
2.64773,-3.49241,1.4825,2.43589
2.64735,-3.49207,1.48245,2.41604
2.64634,-3.49089,1.48309,2.37883
2.64518,-3.49165,1.48397,2.35963
2.64977,-3.50395,1.48456,2.36412
2.66246,-3.52914,1.48471,2.39471
2.68175,-3.56354,1.4844,2.44912
2.70303,-3.60045,1.48383,2.52053
2.72641,-3.64285,1.48299,2.61589
2.74903,-3.6857,1.48207,2.72211
2.77227,-3.73013,1.48114,2.83916
2.79603,-3.77471,1.48014,2.96428
2.81964,-3.81857,1.47915,3.09508
2.84273,-3.86191,1.47816,-3.05317
2.86562,-3.90542,1.47718,-2.91484
2.88708,-3.94615,1.47632,-2.78544
2.91283,-3.99357,1.47535,-2.63227
2.93645,-4.0367,1.47457,-2.48915
2.95966,-4.08009,1.47378,-2.34533
2.98306,-4.12409,1.47293,-2.20051
3.00687,-4.16848,1.47209,-2.05534
3.0308,-4.21224,1.47128,-1.90985
3.05423,-4.25522,1.47054,-1.76694
3.07468,-4.29046,1.46983,-1.63396
3.08821,-4.31246,1.46905,-1.51582
3.09447,-4.32433,1.46821,-1.41524
3.09644,-4.33052,1.46743,-1.33289
3.09692,-4.33377,1.46685,-1.2679
3.09719,-4.33549,1.46654,-1.21848
3.09754,-4.3364,1.46644,-1.18233
3.09788,-4.33688,1.46645,-1.15788
3.09815,-4.33716,1.4665,-1.14028
3.09831,-4.33731,1.46654,-1.12994
3.09838,-4.33739,1.46654,-1.12424
3.0984,-4.33744,1.4665,-1.12178
3.09841,-4.33747,1.46643,-1.12144
3.09842,-4.33749,1.46635,-1.12237
3.09842,-4.3375,1.46626,-1.12399
3.09842,-4.3375,1.46617,-1.12588
3.09843,-4.33751,1.46609,-1.12776
3.09843,-4.33751,1.46603,-1.12949
3.09843,-4.33751,1.46597,-1.13099
3.09843,-4.33751,1.46593,-1.13222
3.09843,-4.33751,1.46591,-1.13319
3.09843,-4.33751,1.46589,-1.13393
3.09843,-4.33751,1.46588,-1.13447
3.09843,-4.33751,1.46588,-1.13485
3.09843,-4.33751,1.46588,-1.1351
3.09843,-4.33751,1.46588,-1.13525
3.09843,-4.33751,1.46588,-1.13533
3.09843,-4.33751,1.46588,-1.13537
3.09843,-4.33751,1.46588,-1.13537
3.09843,-4.33751,1.46588,-1.13536
3.09843,-4.33751,1.46588,-1.13533
3.09843,-4.33751,1.46588,-1.1353
3.09843,-4.33751,1.46588,-1.13527
3.09843,-4.33751,1.46588,-1.13525
3.09843,-4.33751,1.46588,-1.13522
3.09843,-4.33751,1.46588,-1.13521
3.09843,-4.33751,1.46588,-1.13519
3.09843,-4.33751,1.46588,-1.13518
3.09843,-4.33751,1.46588,-1.13517
3.09843,-4.33751,1.46588,-1.13517
3.09843,-4.33751,1.46588,-1.13516
3.09843,-4.33751,1.46588,-1.13516
3.09843,-4.33751,1.46588,-1.13516
3.09843,-4.33751,1.46588,-1.13516
3.09843,-4.33751,1.46588,-1.13516
3.09843,-4.33751,1.46588,-1.13516
3.09843,-4.33751,1.46588,-1.13516
3.09843,-4.33751,1.46588,-1.13516
3.09843,-4.33751,1.46588,-1.13516
3.09843,-4.33751,1.46588,-1.13516
3.09843,-4.33751,1.46588,-1.13516
3.09843,-4.33751,1.46588,-1.13516
3.09843,-4.33751,1.46588,-1.13516
3.09843,-4.33751,1.46588,-1.13516
3.09843,-4.33751,1.46588,-1.13516
3.09843,-4.33751,1.46588,-1.13516
3.09843,-4.33751,1.46588,-1.13516
3.09843,-4.33751,1.46588,-1.13516
3.09843,-4.33751,1.46588,-1.13516
3.09843,-4.33751,1.46588,-1.13516
3.09843,-4.33751,1.46588,-1.13516
3.09843,-4.33751,1.46588,-1.13516
3.09843,-4.33751,1.46588,-1.13516
3.09843,-4.33751,1.46588,-1.13516
3.09843,-4.33751,1.46588,-1.13516
3.09843,-4.33751,1.46588,-1.13516
3.09843,-4.33751,1.46588,-1.13516
3.09843,-4.33751,1.46588,-1.13516
3.09843,-4.33751,1.46588,-1.13516
3.09843,-4.33751,1.46588,-1.13516
3.09843,-4.33751,1.46588,-1.13516
3.09843,-4.33751,1.46588,-1.13516
3.09843,-4.33751,1.46588,-1.13516
3.09843,-4.33751,1.46588,-1.13516
3.09843,-4.33751,1.46588,-1.13516
3.09843,-4.33751,1.46588,-1.13516
3.09843,-4.33751,1.46588,-1.13516
3.09843,-4.33751,1.46588,-1.13516
3.09843,-4.33751,1.46588,-1.13516
3.09843,-4.33751,1.46588,-1.13516
3.09843,-4.33751,1.46588,-1.13516
3.09843,-4.33751,1.46588,-1.13516
3.09843,-4.33751,1.46588,-1.13516
3.09843,-4.33751,1.46588,-1.13516
3.09843,-4.33751,1.46588,-1.13516
3.09843,-4.33751,1.46588,-1.13516
3.09843,-4.33751,1.46588,-1.13516
3.09843,-4.33751,1.46588,-1.13516
3.09843,-4.33751,1.46588,-1.13516
3.09843,-4.33751,1.46588,-1.13516
3.09843,-4.33751,1.46588,-1.13516
3.09843,-4.33751,1.46588,-1.13516
3.09843,-4.33751,1.46588,-1.13516
3.09843,-4.33751,1.46588,-1.13516
3.09843,-4.33751,1.46588,-1.13516
3.09843,-4.33751,1.46588,-1.13516
3.09843,-4.33751,1.46588,-1.13516
3.09843,-4.33751,1.46588,-1.13516
3.09843,-4.33751,1.46588,-1.13516
3.09843,-4.33751,1.46588,-1.13516
3.09843,-4.33751,1.46588,-1.13516
3.09843,-4.33751,1.46588,-1.13516
3.09843,-4.33751,1.46588,-1.13516
3.09843,-4.33751,1.46588,-1.13516
3.09843,-4.33751,1.46588,-1.13516
3.09843,-4.33751,1.46588,-1.13516
3.09843,-4.33751,1.46588,-1.13516
3.09843,-4.33751,1.46588,-1.13516
3.09843,-4.33751,1.46588,-1.13516
3.09843,-4.33751,1.46588,-1.13516
3.09843,-4.33751,1.46588,-1.13516
3.09843,-4.33751,1.46588,-1.13516
3.09843,-4.33751,1.46588,-1.13516
3.09843,-4.33751,1.46588,-1.13516
3.09843,-4.33751,1.46588,-1.13516
3.09843,-4.33751,1.46588,-1.13516
3.09843,-4.33751,1.46588,-1.13516
3.09843,-4.33751,1.46588,-1.13516
3.09843,-4.33751,1.46588,-1.13516
3.09843,-4.33751,1.46588,-1.13516
3.09843,-4.33751,1.46588,-1.13516
3.09843,-4.33751,1.46588,-1.13516
3.09843,-4.33751,1.46588,-1.13516
3.09843,-4.33751,1.46588,-1.13516
3.09843,-4.33751,1.46588,-1.13516
3.09843,-4.33751,1.46588,-1.13516
3.09843,-4.33751,1.46588,-1.13516
3.09843,-4.33751,1.46588,-1.13516
3.09843,-4.33751,1.46588,-1.13516
3.09843,-4.33751,1.46588,-1.13516
3.09843,-4.33751,1.46588,-1.13516
3.09843,-4.33751,1.46588,-1.13516
3.09843,-4.33751,1.46588,-1.13516
3.09843,-4.33751,1.46588,-1.13516
3.09843,-4.33751,1.46588,-1.13516
3.09843,-4.33751,1.46588,-1.13516
3.09843,-4.33751,1.46588,-1.13516
3.09843,-4.33751,1.46588,-1.13516
3.09843,-4.33751,1.46588,-1.13516
3.09843,-4.33751,1.46588,-1.13516
3.09843,-4.33751,1.46588,-1.13516
3.09843,-4.33751,1.46588,-1.13516
3.09843,-4.33751,1.46588,-1.13516
3.09843,-4.33751,1.46588,-1.13516
3.09843,-4.33751,1.46588,-1.13516
3.09843,-4.33751,1.46588,-1.13516
3.09843,-4.33751,1.46588,-1.13516
3.09843,-4.33751,1.46588,-1.13516
3.09843,-4.33751,1.46588,-1.13516
3.09843,-4.33751,1.46588,-1.13516
3.09843,-4.33751,1.46588,-1.13516
3.09843,-4.33751,1.46588,-1.13516
3.09843,-4.33751,1.46588,-1.13516
3.09843,-4.33751,1.46588,-1.13516
3.09843,-4.33751,1.46588,-1.13516
3.09843,-4.33751,1.46588,-1.13516
3.09843,-4.33751,1.46588,-1.13516
3.09843,-4.33751,1.46588,-1.13516
3.09843,-4.33751,1.46588,-1.13516
3.09843,-4.33751,1.46588,-1.13516
3.09843,-4.33751,1.46588,-1.13516
3.09843,-4.33751,1.46588,-1.13516
3.09843,-4.33751,1.46588,-1.13516
3.09843,-4.33751,1.46588,-1.13516
3.09843,-4.33751,1.46588,-1.13516
3.09843,-4.33751,1.46588,-1.13516
3.09843,-4.33751,1.46588,-1.13516
3.09843,-4.33751,1.46588,-1.13516
3.09843,-4.33751,1.46588,-1.13516
3.09843,-4.33751,1.46588,-1.13516
3.09843,-4.33751,1.46588,-1.13516
3.09843,-4.33751,1.46588,-1.13516
3.09843,-4.33751,1.46588,-1.13516
3.09843,-4.33751,1.46588,-1.13516
3.09843,-4.33751,1.46588,-1.13516
3.09843,-4.33751,1.46588,-1.13516
3.09843,-4.33751,1.46588,-1.13516
3.09843,-4.33751,1.46588,-1.13516
3.09843,-4.33751,1.46588,-1.13516
3.09843,-4.33751,1.46588,-1.13516
3.09843,-4.33751,1.46588,-1.13516
3.09843,-4.33751,1.46588,-1.13516
3.09843,-4.33751,1.46588,-1.13516
3.09843,-4.33751,1.46588,-1.13516
3.09843,-4.33751,1.46588,-1.13516
3.09843,-4.33751,1.46588,-1.13516
3.09843,-4.33751,1.46588,-1.13516
3.09843,-4.33751,1.46588,-1.13516
3.09843,-4.33751,1.46588,-1.13516
3.09843,-4.33751,1.46588,-1.13516
3.09843,-4.33751,1.46588,-1.13516
3.09843,-4.33751,1.46588,-1.13516
3.09843,-4.33751,1.46588,-1.13516
3.09843,-4.33751,1.46588,-1.13516
3.09843,-4.33751,1.46588,-1.13516
3.09843,-4.33751,1.46588,-1.13516
3.09843,-4.33751,1.46588,-1.13516
3.09843,-4.33751,1.46588,-1.13516
3.09843,-4.33751,1.46588,-1.13516
3.09843,-4.33751,1.46588,-1.13516
3.09843,-4.33751,1.46588,-1.13516
3.09843,-4.33751,1.46588,-1.13516
3.09843,-4.33751,1.46588,-1.13516
3.09843,-4.33751,1.46588,-1.13516
3.09843,-4.33751,1.46588,-1.13516
3.09843,-4.33751,1.46588,-1.13516
3.09843,-4.33751,1.46588,-1.13516
3.09843,-4.33751,1.46588,-1.13516
3.09843,-4.33751,1.46588,-1.13516
3.09843,-4.33751,1.46588,-1.13516
3.09843,-4.33751,1.46588,-1.13516
3.09843,-4.33751,1.46588,-1.13516
3.09843,-4.33751,1.46588,-1.13516
3.09843,-4.33751,1.46588,-1.13516
3.09843,-4.33751,1.46588,-1.13516
3.09843,-4.33751,1.46588,-1.13516
3.09843,-4.33751,1.46588,-1.13516
3.09843,-4.33751,1.46588,-1.13516
3.09843,-4.33751,1.46588,-1.13516
3.09843,-4.33751,1.46588,-1.13516
3.09843,-4.33751,1.46588,-1.13516
3.09843,-4.33751,1.46588,-1.13516
3.09843,-4.33751,1.46588,-1.13516
3.09843,-4.33751,1.46588,-1.13516
3.09843,-4.33751,1.46588,-1.13516
3.09843,-4.33751,1.46588,-1.13516
3.09843,-4.33751,1.46588,-1.13516
3.09843,-4.33751,1.46588,-1.13516
3.09843,-4.33751,1.46588,-1.13516
3.09843,-4.33751,1.46588,-1.13516
3.09843,-4.33751,1.46588,-1.13516
3.09843,-4.33751,1.46588,-1.13516
3.09843,-4.33751,1.46588,-1.13516
3.09843,-4.33751,1.46588,-1.13516
3.09843,-4.33751,1.46588,-1.13516
3.09843,-4.33751,1.46588,-1.13516
3.09843,-4.33751,1.46588,-1.13516
3.09843,-4.33751,1.46588,-1.13516
3.09843,-4.33751,1.46588,-1.13516
3.09843,-4.33751,1.46588,-1.13516
3.09843,-4.33751,1.46588,-1.13516
3.09843,-4.33751,1.46588,-1.13516
3.09843,-4.33751,1.46588,-1.13516
3.09843,-4.33751,1.46588,-1.13516
3.09843,-4.33751,1.46588,-1.13516
3.09843,-4.33751,1.46588,-1.13516
3.09843,-4.33751,1.46588,-1.13516
3.09843,-4.33751,1.46588,-1.13516
3.09843,-4.33751,1.46588,-1.13516
3.09843,-4.33751,1.46588,-1.13516
3.09843,-4.33751,1.46588,-1.13516
3.09843,-4.33751,1.46588,-1.13516
3.09843,-4.33751,1.46588,-1.13516
3.09843,-4.33751,1.46588,-1.13516
3.09843,-4.33751,1.46588,-1.13516
3.09843,-4.33751,1.46588,-1.13516
3.09843,-4.33751,1.46588,-1.13516
3.09843,-4.33751,1.46588,-1.13516
3.09843,-4.33751,1.46588,-1.13516
3.09843,-4.33751,1.46588,-1.13516
3.09843,-4.33751,1.46588,-1.13516
3.09843,-4.33751,1.46588,-1.13516
3.09843,-4.33751,1.46588,-1.13516
3.09843,-4.33751,1.46588,-1.13516
3.09843,-4.33751,1.46588,-1.13516
3.09843,-4.33751,1.46588,-1.13516
3.09843,-4.33751,1.46588,-1.13516
3.09843,-4.33751,1.46588,-1.13516
3.09843,-4.33751,1.46588,-1.13516
3.09843,-4.33751,1.46588,-1.13516
3.09843,-4.33751,1.46588,-1.13516
3.09843,-4.33751,1.46588,-1.13516
3.09843,-4.33751,1.46588,-1.13516
3.09843,-4.33751,1.46588,-1.13516
3.09843,-4.33751,1.46588,-1.13516
3.09843,-4.33751,1.46588,-1.13516
3.09843,-4.33751,1.46588,-1.13516
3.09843,-4.33751,1.46588,-1.13516
3.09843,-4.33751,1.46588,-1.13516
3.09843,-4.33751,1.46588,-1.13516
3.09843,-4.33751,1.46588,-1.13516
3.09843,-4.33751,1.46588,-1.13516
3.09843,-4.33751,1.46588,-1.13516
3.09843,-4.33751,1.46588,-1.13516
3.09843,-4.33751,1.46588,-1.13516
3.09843,-4.33751,1.46588,-1.13516
3.09843,-4.33751,1.46588,-1.13516
3.09843,-4.33751,1.46588,-1.13516
3.09843,-4.33751,1.46588,-1.13516
3.09843,-4.33751,1.46588,-1.13516
3.09843,-4.33751,1.46588,-1.13516
3.09843,-4.33751,1.46588,-1.13516
3.09843,-4.33751,1.46588,-1.13516
3.09843,-4.33751,1.46588,-1.13516
3.09843,-4.33751,1.46588,-1.13516
3.09843,-4.33751,1.46588,-1.13516
3.09843,-4.33751,1.46588,-1.13516
3.09843,-4.33751,1.46588,-1.13516
3.09843,-4.33751,1.46588,-1.13516
3.09843,-4.33751,1.46588,-1.13516
3.09843,-4.33751,1.46588,-1.13516
3.09843,-4.33751,1.46588,-1.13516
3.09843,-4.33751,1.46588,-1.13516
3.09843,-4.33751,1.46588,-1.13516
3.09843,-4.33751,1.46588,-1.13516
3.09843,-4.33751,1.46588,-1.13516
3.09843,-4.33751,1.46588,-1.13516
3.09843,-4.33751,1.46588,-1.13516
3.09843,-4.33751,1.46588,-1.13516
3.09843,-4.33751,1.46588,-1.13516
3.09843,-4.33751,1.46588,-1.13516
3.09843,-4.33751,1.46588,-1.13516
3.09843,-4.33751,1.46588,-1.13516
3.09843,-4.33751,1.46588,-1.13516
3.09843,-4.33751,1.46588,-1.13516
3.09843,-4.33751,1.46588,-1.13516
3.09843,-4.33751,1.46588,-1.13516
3.09843,-4.33751,1.46588,-1.13516
3.09843,-4.33751,1.46588,-1.13516
3.09843,-4.33751,1.46588,-1.13516
3.09843,-4.33751,1.46588,-1.13516
3.09843,-4.33751,1.46588,-1.13516
3.09843,-4.33751,1.46588,-1.13516
3.09843,-4.33751,1.46588,-1.13516
3.09843,-4.33751,1.46588,-1.13516
3.09843,-4.33751,1.46588,-1.13516
3.09843,-4.33751,1.46588,-1.13516
3.09843,-4.33751,1.46588,-1.13516
3.09843,-4.33751,1.46588,-1.13516
3.09843,-4.33751,1.46588,-1.13516
3.09843,-4.33751,1.46588,-1.13516
3.09843,-4.33751,1.46588,-1.13516
3.09843,-4.33751,1.46588,-1.13516
3.09843,-4.33751,1.46588,-1.13516
3.09843,-4.33751,1.46588,-1.13516
3.09843,-4.33751,1.46588,-1.13516
3.09843,-4.33751,1.46588,-1.13516
3.09843,-4.33751,1.46588,-1.13516
3.09843,-4.33751,1.46588,-1.13516
3.09843,-4.33751,1.46588,-1.13516
3.09843,-4.33751,1.46588,-1.13516
3.09843,-4.33751,1.46588,-1.13516
3.09843,-4.33751,1.46588,-1.13516
3.09843,-4.33751,1.46588,-1.13516
3.09843,-4.33751,1.46588,-1.13516
3.09843,-4.33751,1.46588,-1.13516
3.09843,-4.33751,1.46588,-1.13516
3.09843,-4.33751,1.46588,-1.13516
3.09843,-4.33751,1.46588,-1.13516
3.09843,-4.33751,1.46588,-1.13516
3.09843,-4.33751,1.46588,-1.13516
3.09843,-4.33751,1.46588,-1.13516
3.09843,-4.33751,1.46588,-1.13516
3.09843,-4.33751,1.46588,-1.13516
3.09843,-4.33751,1.46588,-1.13516
3.09843,-4.33751,1.46588,-1.13516
3.09843,-4.33751,1.46588,-1.13516
3.09843,-4.33751,1.46588,-1.13516
3.09843,-4.33751,1.46588,-1.13516
3.09843,-4.33751,1.46588,-1.13516
3.09843,-4.33751,1.46588,-1.13516
3.09843,-4.33751,1.46588,-1.13516
3.09843,-4.33751,1.46588,-1.13516
3.09843,-4.33751,1.46588,-1.13516
3.09843,-4.33751,1.46588,-1.13516
3.09843,-4.33751,1.46588,-1.13516
3.09843,-4.33751,1.46588,-1.13516
3.09843,-4.33751,1.46588,-1.13516
3.09843,-4.33751,1.46588,-1.13516
3.09843,-4.33751,1.46588,-1.13516
3.09843,-4.33751,1.46588,-1.13516
3.09843,-4.33751,1.46588,-1.13516
3.09843,-4.33751,1.46588,-1.13516
3.09843,-4.33751,1.46588,-1.13516
3.09843,-4.33751,1.46588,-1.13516
3.09843,-4.33751,1.46588,-1.13516
3.09843,-4.33751,1.46588,-1.13516
3.09843,-4.33751,1.46588,-1.13516
3.09843,-4.33751,1.46588,-1.13516
3.09843,-4.33751,1.46588,-1.13516
3.09843,-4.33751,1.46588,-1.13516
3.09843,-4.33751,1.46588,-1.13516
3.09843,-4.33751,1.46588,-1.13516
3.09843,-4.33751,1.46588,-1.13516
3.09843,-4.33751,1.46588,-1.13516
3.09843,-4.33751,1.46588,-1.13516
3.09843,-4.33751,1.46588,-1.13516
3.09843,-4.33751,1.46588,-1.13516
3.09843,-4.33751,1.46588,-1.13516
3.09843,-4.33751,1.46588,-1.13516
3.09843,-4.33751,1.46588,-1.13516
3.09843,-4.33751,1.46588,-1.13516
3.09843,-4.33751,1.46588,-1.13516
3.09843,-4.33751,1.46588,-1.13516
3.09843,-4.33751,1.46588,-1.13516
3.09843,-4.33751,1.46588,-1.13516
3.09843,-4.33751,1.46588,-1.13516
3.09843,-4.33751,1.46588,-1.13516
3.09843,-4.33751,1.46588,-1.13516
3.09843,-4.33751,1.46588,-1.13516
3.09843,-4.33751,1.46588,-1.13516
3.09843,-4.33751,1.46588,-1.13516
3.09843,-4.33751,1.46588,-1.13516
3.09843,-4.33751,1.46588,-1.13516
3.09843,-4.33751,1.46588,-1.13516
3.09843,-4.33751,1.46588,-1.13516
3.09843,-4.33751,1.46588,-1.13516
3.09843,-4.33751,1.46588,-1.13516
3.09843,-4.33751,1.46588,-1.13516
3.09843,-4.33751,1.46588,-1.13516
3.09843,-4.33751,1.46588,-1.13516
3.09843,-4.33751,1.46588,-1.13516
3.09843,-4.33751,1.46588,-1.13516
3.09843,-4.33751,1.46588,-1.13516
3.09843,-4.33751,1.46588,-1.13516
3.09843,-4.33751,1.46588,-1.13516
3.09843,-4.33751,1.46588,-1.13516
3.09843,-4.33751,1.46588,-1.13516
3.09843,-4.33751,1.46588,-1.13516
3.09843,-4.33751,1.46588,-1.13516
3.09843,-4.33751,1.46588,-1.13516
3.09843,-4.33751,1.46588,-1.13516
3.09843,-4.33751,1.46588,-1.13516
3.09843,-4.33751,1.46588,-1.13516
3.09843,-4.33751,1.46588,-1.13516
3.09843,-4.33751,1.46588,-1.13516
3.09843,-4.33751,1.46588,-1.13516
3.09843,-4.33751,1.46588,-1.13516
3.09843,-4.33751,1.46588,-1.13516
3.09843,-4.33751,1.46588,-1.13516
3.09843,-4.33751,1.46588,-1.13516
3.09843,-4.33751,1.46588,-1.13516
3.09843,-4.33751,1.46588,-1.13516
3.09843,-4.33751,1.46588,-1.13516
3.09843,-4.33751,1.46588,-1.13516
3.09843,-4.33751,1.46588,-1.13516
3.09843,-4.33751,1.46588,-1.13516
3.09843,-4.33751,1.46588,-1.13516
3.09843,-4.33751,1.46588,-1.13516
3.09843,-4.33751,1.46588,-1.13516
3.09843,-4.33751,1.46588,-1.13516
3.09843,-4.33751,1.46588,-1.13516
3.09843,-4.33751,1.46588,-1.13516
3.09843,-4.33751,1.46588,-1.13516
3.09843,-4.33751,1.46588,-1.13516
3.09843,-4.33751,1.46588,-1.13516
3.09843,-4.33751,1.46588,-1.13516
3.09843,-4.33751,1.46588,-1.13516
3.09843,-4.33751,1.46588,-1.13516
3.09843,-4.33751,1.46588,-1.13516
3.09843,-4.33751,1.46588,-1.13516
3.09843,-4.33751,1.46588,-1.13516
3.09843,-4.33751,1.46588,-1.13516
3.09843,-4.33751,1.46588,-1.13516
3.09843,-4.33751,1.46588,-1.13516
3.09843,-4.33751,1.46588,-1.13516
3.09843,-4.33751,1.46588,-1.13516
3.09843,-4.33751,1.46588,-1.13516
3.09843,-4.33751,1.46588,-1.13516
3.09843,-4.33751,1.46588,-1.13516
3.09843,-4.33751,1.46588,-1.13516
3.09843,-4.33751,1.46588,-1.13516
3.09843,-4.33751,1.46588,-1.13516
3.09843,-4.33751,1.46588,-1.13516
3.09843,-4.33751,1.46588,-1.13516
3.09843,-4.33751,1.46588,-1.13516
3.09843,-4.33751,1.46588,-1.13516
3.09843,-4.33751,1.46588,-1.13516
3.09843,-4.33751,1.46588,-1.13516
3.09843,-4.33751,1.46588,-1.13516
3.09843,-4.33751,1.46588,-1.13516
3.09843,-4.33751,1.46588,-1.13516
3.09843,-4.33751,1.46588,-1.13516
3.09843,-4.33751,1.46588,-1.13516
3.09843,-4.33751,1.46588,-1.13516
3.09843,-4.33751,1.46588,-1.13516
3.09843,-4.33751,1.46588,-1.13516
3.09843,-4.33751,1.46588,-1.13516
3.09843,-4.33751,1.46588,-1.13516
3.09843,-4.33751,1.46588,-1.13516
3.09843,-4.33751,1.46588,-1.13516
3.09843,-4.33751,1.46588,-1.13516
3.09843,-4.33751,1.46588,-1.13516
3.09843,-4.33751,1.46588,-1.13516
3.09843,-4.33751,1.46588,-1.13516
3.09843,-4.33751,1.46588,-1.13516
3.09843,-4.33751,1.46588,-1.13516
3.09843,-4.33751,1.46588,-1.13516
3.09843,-4.33751,1.46588,-1.13516
3.09843,-4.33751,1.46588,-1.13516
3.09843,-4.33751,1.46588,-1.13516
3.09843,-4.33751,1.46588,-1.13516
3.09843,-4.33751,1.46588,-1.13516
3.09843,-4.33751,1.46588,-1.13516
3.09843,-4.33751,1.46588,-1.13516
3.09843,-4.33751,1.46588,-1.13516
3.09843,-4.33751,1.46588,-1.13516
3.09843,-4.33751,1.46588,-1.13516
3.09843,-4.33751,1.46588,-1.13516
3.09843,-4.33751,1.46588,-1.13516
3.09843,-4.33751,1.46588,-1.13516
3.09843,-4.33751,1.46588,-1.13516
3.09843,-4.33751,1.46588,-1.13516
3.09843,-4.33751,1.46588,-1.13516
3.09843,-4.33751,1.46588,-1.13516
3.09843,-4.33751,1.46588,-1.13516
3.09843,-4.33751,1.46588,-1.13516
3.09843,-4.33751,1.46588,-1.13516
3.09843,-4.33751,1.46588,-1.13516
3.09843,-4.33751,1.46588,-1.13516
3.09843,-4.33751,1.46588,-1.13516
3.09843,-4.33751,1.46588,-1.13516
3.09843,-4.33751,1.46588,-1.13516
3.09843,-4.33751,1.46588,-1.13516
3.09843,-4.33751,1.46588,-1.13516
3.09843,-4.33751,1.46588,-1.13516
3.09843,-4.33751,1.46588,-1.13516
3.09843,-4.33751,1.46588,-1.13516
3.09843,-4.33751,1.46588,-1.13516
3.09843,-4.33751,1.46588,-1.13516
3.09843,-4.33751,1.46588,-1.13516
3.09843,-4.33751,1.46588,-1.13516
3.09843,-4.33751,1.46588,-1.13516
3.09843,-4.33751,1.46588,-1.13516
3.09843,-4.33751,1.46588,-1.13516
3.09843,-4.33751,1.46588,-1.13516
3.09843,-4.33751,1.46588,-1.13516
3.09843,-4.33751,1.46588,-1.13516
3.09843,-4.33751,1.46588,-1.13516
3.09843,-4.33751,1.46588,-1.13516
3.09843,-4.33751,1.46588,-1.13516
3.09843,-4.33751,1.46588,-1.13516
3.09843,-4.33751,1.46588,-1.13516
3.09843,-4.33751,1.46588,-1.13516
3.09843,-4.33751,1.46588,-1.13516
3.09843,-4.33751,1.46588,-1.13516
3.09843,-4.33751,1.46588,-1.13516
3.09843,-4.33751,1.46588,-1.13516
3.09843,-4.33751,1.46588,-1.13516
3.09843,-4.33751,1.46588,-1.13516
3.09843,-4.33751,1.46588,-1.13516
3.09843,-4.33751,1.46588,-1.13516
3.09843,-4.33751,1.46588,-1.13516
3.09843,-4.33751,1.46588,-1.13516
3.09843,-4.33751,1.46588,-1.13516
3.09843,-4.33751,1.46588,-1.13516
3.09843,-4.33751,1.46588,-1.13516
3.09843,-4.33751,1.46588,-1.13516
3.09843,-4.33751,1.46588,-1.13516
3.09843,-4.33751,1.46588,-1.13516
3.09843,-4.33751,1.46588,-1.13516
3.09843,-4.33751,1.46588,-1.13516
3.09843,-4.33751,1.46588,-1.13516
3.09843,-4.33751,1.46588,-1.13516
3.09843,-4.33751,1.46588,-1.13516
3.09843,-4.33751,1.46588,-1.13516
3.09843,-4.33751,1.46588,-1.13516
3.09843,-4.33751,1.46588,-1.13516
3.09843,-4.33751,1.46588,-1.13516
3.09843,-4.33751,1.46588,-1.13516
3.09843,-4.33751,1.46588,-1.13516
3.09843,-4.33751,1.46588,-1.13516
3.09843,-4.33751,1.46588,-1.13516
3.09843,-4.33751,1.46588,-1.13516
3.09843,-4.33751,1.46588,-1.13516
3.09843,-4.33751,1.46588,-1.13516
3.09843,-4.33751,1.46588,-1.13516
3.09843,-4.33751,1.46588,-1.13516
3.09843,-4.33751,1.46588,-1.13516
3.09843,-4.33751,1.46588,-1.13516
3.09843,-4.33751,1.46588,-1.13516
3.09843,-4.33751,1.46588,-1.13516
3.09843,-4.33751,1.46588,-1.13516
3.09843,-4.33751,1.46588,-1.13516
3.09843,-4.33751,1.46588,-1.13516
3.09843,-4.33751,1.46588,-1.13516
3.09843,-4.33751,1.46588,-1.13516
3.09843,-4.33751,1.46588,-1.13516
3.09843,-4.33751,1.46588,-1.13516
3.09843,-4.33751,1.46588,-1.13516
3.09843,-4.33751,1.46588,-1.13516
3.09843,-4.33751,1.46588,-1.13516
3.09843,-4.33751,1.46588,-1.13516
3.09843,-4.33751,1.46588,-1.13516
3.09843,-4.33751,1.46588,-1.13516
3.09843,-4.33751,1.46588,-1.13516
3.09843,-4.33751,1.46588,-1.13516
3.09843,-4.33751,1.46588,-1.13516
3.09843,-4.33751,1.46588,-1.13516
3.09843,-4.33751,1.46588,-1.13516
3.09843,-4.33751,1.46588,-1.13516
3.09843,-4.33751,1.46588,-1.13516
3.09843,-4.33751,1.46588,-1.13516
3.09843,-4.33751,1.46588,-1.13516
3.09843,-4.33751,1.46588,-1.13516
3.09843,-4.33751,1.46588,-1.13516
3.09843,-4.33751,1.46588,-1.13516
3.09843,-4.33751,1.46588,-1.13516
3.09843,-4.33751,1.46588,-1.13516
3.09843,-4.33751,1.46588,-1.13516
3.09843,-4.33751,1.46588,-1.13516
3.09843,-4.33751,1.46588,-1.13516
3.09843,-4.33751,1.46588,-1.13516
3.09843,-4.33751,1.46588,-1.13516
3.09843,-4.33751,1.46588,-1.13516
3.09843,-4.33751,1.46588,-1.13516
3.09843,-4.33751,1.46588,-1.13516
3.09843,-4.33751,1.46588,-1.13516
3.09843,-4.33751,1.46588,-1.13516
3.09843,-4.33751,1.46588,-1.13516
3.09843,-4.33751,1.46588,-1.13516
3.09843,-4.33751,1.46588,-1.13516
3.09843,-4.33751,1.46588,-1.13516
3.09843,-4.33751,1.46588,-1.13516
3.09843,-4.33751,1.46588,-1.13516
3.09843,-4.33751,1.46588,-1.13516
3.09843,-4.33751,1.46588,-1.13516
3.09843,-4.33751,1.46588,-1.13516
3.09843,-4.33751,1.46588,-1.13516
3.09843,-4.33751,1.46588,-1.13516
3.09843,-4.33751,1.46588,-1.13516
3.09843,-4.33751,1.46588,-1.13516
3.09843,-4.33751,1.46588,-1.13516
3.09843,-4.33751,1.46588,-1.13516
3.09843,-4.33751,1.46588,-1.13516
3.09843,-4.33751,1.46588,-1.13516
3.09843,-4.33751,1.46588,-1.13516
3.09843,-4.33751,1.46588,-1.13516
3.09843,-4.33751,1.46588,-1.13516
3.09843,-4.33751,1.46588,-1.13516
3.09843,-4.33751,1.46588,-1.13516
3.09843,-4.33751,1.46588,-1.13516
3.09843,-4.33751,1.46588,-1.13516
3.09843,-4.33751,1.46588,-1.13516
3.09843,-4.33751,1.46588,-1.13516
3.09843,-4.33751,1.46588,-1.13516
3.09843,-4.33751,1.46588,-1.13516
3.09843,-4.33751,1.46588,-1.13516
3.09843,-4.33751,1.46588,-1.13516
3.09843,-4.33751,1.46588,-1.13516
3.09843,-4.33751,1.46588,-1.13516
3.09843,-4.33751,1.46588,-1.13516
3.09843,-4.33751,1.46588,-1.13516
3.09843,-4.33751,1.46588,-1.13516
3.09843,-4.33751,1.46588,-1.13516
3.09843,-4.33751,1.46588,-1.13516
3.09843,-4.33751,1.46588,-1.13516
3.09843,-4.33751,1.46588,-1.13516
3.09843,-4.33751,1.46588,-1.13516
3.09843,-4.33751,1.46588,-1.13516
3.09843,-4.33751,1.46588,-1.13516
3.09843,-4.33751,1.46588,-1.13516
3.09843,-4.33751,1.46588,-1.13516
3.09843,-4.33751,1.46588,-1.13516
3.09843,-4.33751,1.46588,-1.13516
3.09843,-4.33751,1.46588,-1.13516
3.09843,-4.33751,1.46588,-1.13516
3.09843,-4.33751,1.46588,-1.13516
3.09843,-4.33751,1.46588,-1.13516
3.09843,-4.33751,1.46588,-1.13516
3.09843,-4.33751,1.46588,-1.13516
3.09843,-4.33751,1.46588,-1.13516
3.09843,-4.33751,1.46588,-1.13516
3.09843,-4.33751,1.46588,-1.13516
3.09843,-4.33751,1.46588,-1.13516
3.09843,-4.33751,1.46588,-1.13516
3.09843,-4.33751,1.46588,-1.13516
3.09843,-4.33751,1.46588,-1.13516
3.09843,-4.33751,1.46588,-1.13516
3.09843,-4.33751,1.46588,-1.13516
3.09843,-4.33751,1.46588,-1.13516
3.09843,-4.33751,1.46588,-1.13516
3.09843,-4.33751,1.46588,-1.13516
3.09843,-4.33751,1.46588,-1.13516
3.09843,-4.33751,1.46588,-1.13516
3.09843,-4.33751,1.46588,-1.13516
3.09843,-4.33751,1.46588,-1.13516
3.09843,-4.33751,1.46588,-1.13516
3.09843,-4.33751,1.46588,-1.13516
3.09843,-4.33751,1.46588,-1.13516
3.09843,-4.33751,1.46588,-1.13516
3.09843,-4.33751,1.46588,-1.13516
3.09843,-4.33751,1.46588,-1.13516
3.09843,-4.33751,1.46588,-1.13516
3.09843,-4.33751,1.46588,-1.13516
3.09843,-4.33751,1.46588,-1.13516
3.09843,-4.33751,1.46588,-1.13516
3.09843,-4.33751,1.46588,-1.13516
3.09843,-4.33751,1.46588,-1.13516
3.09843,-4.33751,1.46588,-1.13516
3.09843,-4.33751,1.46588,-1.13516
3.09843,-4.33751,1.46588,-1.13516
3.09843,-4.33751,1.46588,-1.13516
3.09843,-4.33751,1.46588,-1.13516
3.09843,-4.33751,1.46588,-1.13516
3.09843,-4.33751,1.46588,-1.13516
3.09843,-4.33751,1.46588,-1.13516
3.09843,-4.33751,1.46588,-1.13516
3.09843,-4.33751,1.46588,-1.13516
3.09843,-4.33751,1.46588,-1.13516
3.09843,-4.33751,1.46588,-1.13516
3.09843,-4.33751,1.46588,-1.13516
3.09843,-4.33751,1.46588,-1.13516
3.09843,-4.33751,1.46588,-1.13516
3.09843,-4.33751,1.46588,-1.13516
3.09843,-4.33751,1.46588,-1.13516
3.09843,-4.33751,1.46588,-1.13516
3.09843,-4.33751,1.46588,-1.13516
3.09843,-4.33751,1.46588,-1.13516
3.09843,-4.33751,1.46588,-1.13516
3.09843,-4.33751,1.46588,-1.13516
3.09843,-4.33751,1.46588,-1.13516
3.09843,-4.33751,1.46588,-1.13516
3.09843,-4.33751,1.46588,-1.13516
3.09843,-4.33751,1.46588,-1.13516
3.09843,-4.33751,1.46588,-1.13516
3.09843,-4.33751,1.46588,-1.13516
3.09843,-4.33751,1.46588,-1.13516
3.09843,-4.33751,1.46588,-1.13516
3.09843,-4.33751,1.46588,-1.13516
3.09843,-4.33751,1.46588,-1.13516
3.09843,-4.33751,1.46588,-1.13516
3.09843,-4.33751,1.46588,-1.13516
3.09843,-4.33751,1.46588,-1.13516
3.09843,-4.33751,1.46588,-1.13516
3.09843,-4.33751,1.46588,-1.13516
3.09843,-4.33751,1.46588,-1.13516
3.09843,-4.33751,1.46588,-1.13516
3.09843,-4.33751,1.46588,-1.13516
3.09843,-4.33751,1.46588,-1.13516
3.09843,-4.33751,1.46588,-1.13516
3.09843,-4.33751,1.46588,-1.13516
3.09843,-4.33751,1.46588,-1.13516
3.09843,-4.33751,1.46588,-1.13516
3.09843,-4.33751,1.46588,-1.13516
3.09843,-4.33751,1.46588,-1.13516
3.09843,-4.33751,1.46588,-1.13516
3.09843,-4.33751,1.46588,-1.13516
3.09843,-4.33751,1.46588,-1.13516
3.09843,-4.33751,1.46588,-1.13516
3.09843,-4.33751,1.46588,-1.13516
3.09843,-4.33751,1.46588,-1.13516
3.09843,-4.33751,1.46588,-1.13516
3.09843,-4.33751,1.46588,-1.13516
3.09843,-4.33751,1.46588,-1.13516
3.09843,-4.33751,1.46588,-1.13516
3.09843,-4.33751,1.46588,-1.13516
3.09843,-4.33751,1.46588,-1.13516
3.09843,-4.33751,1.46588,-1.13516
3.09843,-4.33751,1.46588,-1.13516
3.09843,-4.33751,1.46588,-1.13516
3.09843,-4.33751,1.46588,-1.13516
3.09843,-4.33751,1.46588,-1.13516
3.09843,-4.33751,1.46588,-1.13516
3.09843,-4.33751,1.46588,-1.13516
3.09843,-4.33751,1.46588,-1.13516
3.09843,-4.33751,1.46588,-1.13516
3.09843,-4.33751,1.46588,-1.13516
3.09843,-4.33751,1.46588,-1.13516
3.09843,-4.33751,1.46588,-1.13516
3.09843,-4.33751,1.46588,-1.13516
3.09843,-4.33751,1.46588,-1.13516
3.09843,-4.33751,1.46588,-1.13516
3.09843,-4.33751,1.46588,-1.13516
3.09843,-4.33751,1.46588,-1.13516
3.09843,-4.33751,1.46588,-1.13516
3.09843,-4.33751,1.46588,-1.13516
3.09843,-4.33751,1.46588,-1.13516
3.09843,-4.33751,1.46588,-1.13516
3.09843,-4.33751,1.46588,-1.13516
3.09843,-4.33751,1.46588,-1.13516
3.09843,-4.33751,1.46588,-1.13516
3.09843,-4.33751,1.46588,-1.13516
3.09843,-4.33751,1.46588,-1.13516
3.09843,-4.33751,1.46588,-1.13516
3.09843,-4.33751,1.46588,-1.13516
3.09843,-4.33751,1.46588,-1.13516
3.09843,-4.33751,1.46588,-1.13516
3.09843,-4.33751,1.46588,-1.13516
3.09843,-4.33751,1.46588,-1.13516
3.09843,-4.33751,1.46588,-1.13516
3.09843,-4.33751,1.46588,-1.13516
3.09843,-4.33751,1.46588,-1.13516
3.09843,-4.33751,1.46588,-1.13516
3.09843,-4.33751,1.46588,-1.13516
3.09843,-4.33751,1.46588,-1.13516
3.09843,-4.33751,1.46588,-1.13516
3.09843,-4.33751,1.46588,-1.13516
3.09843,-4.33751,1.46588,-1.13516
3.09843,-4.33751,1.46588,-1.13516
3.09843,-4.33751,1.46588,-1.13516
3.09843,-4.33751,1.46588,-1.13516
3.09843,-4.33751,1.46588,-1.13516
3.09843,-4.33751,1.46588,-1.13516
3.09843,-4.33751,1.46588,-1.13516
3.09843,-4.33751,1.46588,-1.13516
3.09843,-4.33751,1.46588,-1.13516
3.09843,-4.33751,1.46588,-1.13516
3.09843,-4.33751,1.46588,-1.13516
3.09843,-4.33751,1.46588,-1.13516
3.09843,-4.33751,1.46588,-1.13516
3.09843,-4.33751,1.46588,-1.13516
3.09843,-4.33751,1.46588,-1.13516
3.09843,-4.33751,1.46588,-1.13516
3.09843,-4.33751,1.46588,-1.13516
3.09843,-4.33751,1.46588,-1.13516
3.09843,-4.33751,1.46588,-1.13516
3.09843,-4.33751,1.46588,-1.13516
3.09843,-4.33751,1.46588,-1.13516
3.09843,-4.33751,1.46588,-1.13516
3.09843,-4.33751,1.46588,-1.13516
3.09843,-4.33751,1.46588,-1.13516
3.09843,-4.33751,1.46588,-1.13516
3.09843,-4.33751,1.46588,-1.13516
3.09843,-4.33751,1.46588,-1.13516
3.09843,-4.33751,1.46588,-1.13516
3.09843,-4.33751,1.46588,-1.13516
3.09843,-4.33751,1.46588,-1.13516
3.09843,-4.33751,1.46588,-1.13516
3.09843,-4.33751,1.46588,-1.13516
3.09843,-4.33751,1.46588,-1.13516
3.09843,-4.33751,1.46588,-1.13516
3.09843,-4.33751,1.46588,-1.13516
3.09843,-4.33751,1.46588,-1.13516
3.09843,-4.33751,1.46588,-1.13516
3.09843,-4.33751,1.46588,-1.13516
3.09843,-4.33751,1.46588,-1.13516
3.09843,-4.33751,1.46588,-1.13516
3.09843,-4.33751,1.46588,-1.13516
3.09843,-4.33751,1.46588,-1.13516
3.09843,-4.33751,1.46588,-1.13516
3.09843,-4.33751,1.46588,-1.13516
3.09843,-4.33751,1.46588,-1.13516
3.09843,-4.33751,1.46588,-1.13516
3.09843,-4.33751,1.46588,-1.13516
3.09843,-4.33751,1.46588,-1.13516
3.09843,-4.33751,1.46588,-1.13516
3.09843,-4.33751,1.46588,-1.13516
3.09843,-4.33751,1.46588,-1.13516
3.09843,-4.33751,1.46588,-1.13516
3.09843,-4.33751,1.46588,-1.13516
3.09843,-4.33751,1.46588,-1.13516
3.09843,-4.33751,1.46588,-1.13516
3.09843,-4.33751,1.46588,-1.13516
3.09843,-4.33751,1.46588,-1.13516
3.09843,-4.33751,1.46588,-1.13516
3.09843,-4.33751,1.46588,-1.13516
3.09843,-4.33751,1.46588,-1.13516
3.09843,-4.33751,1.46588,-1.13516
3.09843,-4.33751,1.46588,-1.13516
3.09843,-4.33751,1.46588,-1.13516
3.09843,-4.33751,1.46588,-1.13516
3.09843,-4.33751,1.46588,-1.13516
3.09843,-4.33751,1.46588,-1.13516
3.09843,-4.33751,1.46588,-1.13516
3.09843,-4.33751,1.46588,-1.13516
3.09843,-4.33751,1.46588,-1.13516
3.09843,-4.33751,1.46588,-1.13516
3.09843,-4.33751,1.46588,-1.13516
3.09843,-4.33751,1.46588,-1.13516
3.09843,-4.33751,1.46588,-1.13516
3.09843,-4.33751,1.46588,-1.13516
3.09843,-4.33751,1.46588,-1.13516
3.09843,-4.33751,1.46588,-1.13516
3.09843,-4.33751,1.46588,-1.13516
3.09843,-4.33751,1.46588,-1.13516
3.09843,-4.33751,1.46588,-1.13516
3.09843,-4.33751,1.46588,-1.13516
3.09843,-4.33751,1.46588,-1.13516
3.09843,-4.33751,1.46588,-1.13516
3.09843,-4.33751,1.46588,-1.13516
3.09843,-4.33751,1.46588,-1.13516
3.09843,-4.33751,1.46588,-1.13516
3.09843,-4.33751,1.46588,-1.13516
3.09843,-4.33751,1.46588,-1.13516
3.09843,-4.33751,1.46588,-1.13516
3.09843,-4.33751,1.46588,-1.13516
3.09843,-4.33751,1.46588,-1.13516
3.09843,-4.33751,1.46588,-1.13516
3.09843,-4.33751,1.46588,-1.13516
3.09843,-4.33751,1.46588,-1.13516
3.09843,-4.33751,1.46588,-1.13516
3.09843,-4.33751,1.46588,-1.13516
3.09843,-4.33751,1.46588,-1.13516
3.09843,-4.33751,1.46588,-1.13516
3.09843,-4.33751,1.46588,-1.13516
3.09843,-4.33751,1.46588,-1.13516
3.09843,-4.33751,1.46588,-1.13516
3.09843,-4.33751,1.46588,-1.13516
3.09843,-4.33751,1.46588,-1.13516
3.09843,-4.33751,1.46588,-1.13516
3.09843,-4.33751,1.46588,-1.13516
3.09843,-4.33751,1.46588,-1.13516
3.09843,-4.33751,1.46588,-1.13516
3.09843,-4.33751,1.46588,-1.13516
3.09843,-4.33751,1.46588,-1.13516
3.09843,-4.33751,1.46588,-1.13516
3.09843,-4.33751,1.46588,-1.13516
3.09843,-4.33751,1.46588,-1.13516
3.09843,-4.33751,1.46588