2.48274e-07,0.000122117,0.140651,-9.69345e-05
3.32435e-07,0.000122112,0.141769,-0.0001359
1.58325e-07,-1.27515e-07,0.1417,-0.000177164
-7.71464e-08,-0.000122367,0.140652,-0.000218334
-5.47498e-08,-0.000122372,0.141769,-0.000257054
3.28596e-07,-1.44753e-07,0.1417,-0.000298203
7.70724e-07,0.000122083,0.140652,-0.000339224
8.53178e-07,0.000122077,0.141769,-0.000377697
4.86749e-07,-1.62721e-07,0.1417,-0.000418439
5.38452e-07,-1.68686e-07,0.1417,-0.000456757
8.10651e-08,-0.000122408,0.141769,-0.000497316
6.52429e-07,-1.81772e-07,0.1417,-0.000537939
1.28183e-06,0.000122044,0.140652,-0.000578439
1.36249e-06,0.000122038,0.141769,-0.000616424
8.06205e-07,-2.01764e-07,0.1417,-0.000656649
1.90121e-07,-0.000122441,0.140652,-0.000696786
2.10567e-07,-0.000122448,0.141769,-0.000734531
9.67717e-07,-2.23119e-07,0.1417,-0.000774639
-1.18551e-06,-0.000392483,0.197673,-0.000759662
-1.17341e-06,-0.000436973,0.389538,-0.000680811
3.66533e-07,-0.000371529,0.594572,-0.000578438
5.33426e-07,-0.000213054,0.766113,-0.000469303
-1.26961e-06,-0.000113084,0.891904,-0.0160618
-3.08853e-06,-4.97305e-05,0.97306,-0.071495
-2.79294e-06,-2.15048e-05,1.01833,-0.148016
-5.09633e-06,-1.16681e-05,1.03921,-0.231435
-6.51562e-06,-7.84606e-06,1.0479,-0.329419
-6.57049e-06,-5.74221e-06,1.04858,-0.452583
-5.26496e-06,-3.86904e-06,1.04498,-0.584489
-3.25834e-06,-2.48582e-06,1.03997,-0.713634
-1.64053e-06,-1.61116e-06,1.0372,-0.845873
-7.68804e-07,-1.03078e-06,1.03483,-0.993862
-4.34006e-07,-5.43947e-07,1.03249,-1.14491
-3.01774e-07,-1.92364e-07,1.03053,-1.27829
-1.93852e-07,7.80211e-09,1.03057,-1.43367
-1.4042e-07,3.16239e-08,1.03066,-1.59025
-1.2657e-07,9.28564e-09,1.03009,-1.74781
-1.10632e-07,3.11528e-09,1.02914,-1.89763
-7.63708e-08,6.48873e-09,1.03004,-2.04598
-3.8054e-08,2.85372e-09,1.03048,-2.20554
-1.49146e-08,-6.355e-09,1.03006,-2.36547
-7.94022e-09,-9.88621e-09,1.02917,-2.51733
-5.7518e-09,-5.80017e-09,1.03008,-2.66945
-2.23029e-09,3.18406e-10,1.03032,-2.83161
1.71985e-09,2.73475e-09,1.02981,-2.99313
2.64717e-09,1.77666e-09,1.02892,3.13723
1.17919e-09,6.57473e-10,1.02979,2.98772
-3.59873e-10,6.75341e-10,1.03031,2.82743
-6.42211e-10,1.07069e-09,1.02996,2.66675
-1.39947e-10,8.90889e-10,1.02917,2.52005
1.75097e-10,3.70696e-10,1.02998,2.37417
3.50304e-11,-2.68359e-11,1.03028,2.19873
-1.70596e-10,1.1204e-11,1.02977,2.0366
-1.59261e-10,1.47949e-10,1.02889,1.88322
-4.48755e-11,1.423e-10,1.02983,1.73226
1.09634e-11,3.2891e-11,1.0303,1.57091
-1.9337e-11,-4.08677e-11,1.02991,1.4096
-4.69491e-11,-2.5776e-11,1.02905,1.25666
-3.24109e-11,1.03436e-11,1.02974,1.10781
2.97498e-13,1.74043e-11,1.03022,0.947972
1.51009e-11,1.57301e-12,1.02988,0.793545
8.97104e-12,-9.87285e-12,1.02905,0.63427
2.95376e-12,-6.12323e-12,1.02804,0.495237
3.99495e-12,8.96905e-13,1.02697,0.373895
7.00697e-12,4.2385e-12,1.02595,0.271971
8.73599e-12,4.34844e-12,1.02507,0.189446
9.22391e-12,3.30496e-12,1.02448,0.125011
9.24013e-12,2.28902e-12,1.02418,0.0765497
9.19867e-12,1.60495e-12,1.02408,0.0415359
9.18787e-12,1.18354e-12,1.0241,0.0173868
9.19e-12,8.98147e-13,1.02414,0.00165282
9.1854e-12,6.71856e-13,1.02416,-0.00778892
9.17e-12,4.79277e-13,1.02415,-0.0127328
9.14854e-12,3.19249e-13,1.0241,-0.0146032
9.12642e-12,1.94835e-13,1.02402,-0.0144996
9.10662e-12,1.0469e-13,1.02393,-0.0132336
9.09145e-12,4.74899e-14,1.02384,-0.011545
9.07761e-12,4.52218e-15,1.02374,-0.00934667
9.06832e-12,-1.83207e-14,1.02366,-0.00736334
9.06176e-12,-3.01016e-14,1.0236,-0.00557862
9.05744e-12,-3.46709e-14,1.02355,-0.00405956
9.05473e-12,-3.45496e-14,1.02351,-0.00282368
9.05299e-12,-3.16064e-14,1.02348,-0.00185798
9.05205e-12,-2.72884e-14,1.02347,-0.00113253
9.05182e-12,-2.28972e-14,1.02346,-0.000644839
9.05201e-12,-1.77475e-14,1.02346,-0.000249532
9.05234e-12,-1.34634e-14,1.02346,-1.57178e-05
9.05272e-12,-9.81676e-15,1.02346,0.000123909
9.05318e-12,-6.848e-15,1.02346,0.000196215
9.05364e-12,-4.45168e-15,1.02346,0.000222698
9.05404e-12,-2.73116e-15,1.02346,0.000219855
9.05439e-12,-1.53734e-15,1.02346,0.000199947
9.05465e-12,-7.36101e-16,1.02346,0.000171567
9.05482e-12,-2.36717e-16,1.02346,0.000140505
9.055e-12,9.25183e-17,1.02346,0.000110457
9.05507e-12,3.10866e-16,1.02346,8.3513e-05
9.05507e-12,4.4637e-16,1.02346,6.06361e-05
9.05509e-12,5.2974e-16,1.02346,4.20649e-05
9.05522e-12,5.47366e-16,1.02345,2.75839e-05
9.05529e-12,5.19517e-16,1.02345,1.67256e-05
9.05532e-12,3.92895e-16,1.02345,8.91414e-06
9.05535e-12,3.02467e-16,1.02345,3.55201e-06
-0.00618318,-0.00810446,1.02724,-0.0155589
-0.0922332,-0.0998314,1.03089,-0.0113123
-0.239787,-0.235029,1.02744,-0.00223685
-0.360899,-0.355821,1.02551,-0.000275318
-0.432894,-0.432677,1.02427,0.00255019
-0.46761,-0.471595,1.02292,0.00447812
-0.482778,-0.487439,1.02208,0.00485834
-0.489593,-0.492761,1.0219,0.00451937
-0.493725,-0.494985,1.02214,0.00387438
-0.496245,-0.496388,1.02251,0.00318023
-0.49786,-0.497628,1.02286,0.00250472
-0.498827,-0.498619,1.02313,0.00189685
-0.499354,-0.499263,1.03586,0.00150291
-0.500167,-0.498149,1.08768,0.00479572
-0.506071,-0.488449,1.15466,0.0192466
-0.520165,-0.468053,1.21023,0.0472364
-0.541626,-0.43844,1.25117,0.0900858
-0.56762,-0.403258,1.27774,0.147101
-0.59563,-0.364784,1.29295,0.216433
-0.624058,-0.325107,1.30033,0.295705
-0.652033,-0.285477,1.30292,0.382846
-0.678762,-0.24694,1.303,0.472453
-0.70812,-0.204771,1.30183,0.574763
-0.736753,-0.164197,1.30036,0.676827
-0.765628,-0.123477,1.29911,0.781748
-0.794625,-0.0825844,1.29801,0.888773
-0.823869,-0.0413588,1.2971,0.997238
-0.85306,-0.000364815,1.2964,1.10637
-0.882041,0.0402872,1.29592,1.21625
-0.910968,0.0812242,1.2956,1.32637
-0.940061,0.122244,1.29534,1.43671
-0.969021,0.16297,1.29502,1.54701
-0.997837,0.203468,1.29471,1.6568
-1.02606,0.242957,1.29438,1.76334
-1.05382,0.281978,1.29396,1.86086
-1.08168,0.321296,1.2934,1.9456
-1.10887,0.359497,1.29278,2.01355
-1.13879,0.401344,1.29212,2.07248
-1.16784,0.441814,1.29161,2.1159
-1.19712,0.482628,1.29123,2.14807
-1.22621,0.523189,1.29091,2.17091
-1.25517,0.563633,1.29061,2.18634
-1.284,0.603921,1.29033,2.19612
-1.31161,0.642542,1.29005,2.20157
-1.34136,0.684173,1.28974,2.20441
-1.37061,0.725075,1.28943,2.20514
-1.39999,0.766182,1.28913,2.20465
-1.42913,0.806974,1.28882,2.20348
-1.45808,0.847487,1.28851,2.202
-1.48738,0.88849,1.28821,2.20047
-1.51659,0.929368,1.28792,2.19903
-1.54554,0.969894,1.28765,2.19777
-1.57471,1.01072,1.2874,2.19671
-1.60351,1.05102,1.28712,2.19586
-1.63158,1.09029,1.28684,2.19521
-1.65963,1.1295,1.28657,2.19473
-1.68784,1.16892,1.28637,2.19439
-1.71656,1.20901,1.28612,2.19416
-1.74558,1.24952,1.28583,2.19401
-1.77494,1.29048,1.28557,2.19393
-1.80428,1.3314,1.28531,2.19389
-1.83322,1.37177,1.28503,2.19388
-1.86225,1.41228,1.28478,2.19389
-1.89111,1.45256,1.28456,2.19391
-1.9199,1.49272,1.28431,2.19393
-1.94877,1.53301,1.28403,2.19395
-1.978,1.5738,1.28377,2.19397
-2.00723,1.61459,1.28355,2.19399
-2.03646,1.65536,1.28329,2.19401
-2.06576,1.69623,1.283,2.19402
-2.09487,1.73686,1.28271,2.19403
-2.12362,1.77697,1.28243,2.19404
-2.15286,1.81778,1.28216,2.19404
-2.18211,1.85858,1.28189,2.19405
-2.2107,1.89847,1.28161,2.19404
-2.23948,1.93862,1.28134,2.19403
-2.26836,1.9789,1.28107,2.19401
-2.29749,2.01952,1.28082,2.19399
-2.32716,2.06089,1.28055,2.19395
-2.35678,2.10218,1.28029,2.19392
-2.38585,2.14271,1.28005,2.19387
-2.41446,2.18261,1.2798,2.19382
-2.44301,2.22242,1.27954,2.19377
-2.47207,2.26295,1.27927,2.19372
-2.50102,2.30332,1.27902,2.19367
-2.53003,2.34376,1.27876,2.19362
-2.55962,2.38502,1.27848,2.19356
-2.58914,2.42617,1.27821,2.19351
-2.617,2.46501,1.27795,2.19345
-2.64752,2.50758,1.27769,2.1934
-2.67724,2.54901,1.27743,2.19334
-2.70671,2.59009,1.27715,2.19328
-2.73566,2.63047,1.27693,2.19323
-2.76338,2.66911,1.27662,2.19318
-2.78536,2.69978,1.2763,2.19313
-2.79899,2.71886,1.27594,2.19309
-2.80613,2.72894,1.27561,2.19306
-2.8095,2.73381,1.27537,2.19303
-2.81108,2.73619,1.27522,2.19301
-2.81189,2.73747,1.27514,2.193
-2.81236,2.73823,1.2751,2.19299
-2.81265,2.73869,1.27509,2.19298
-2.81282,2.73896,1.2751,2.19298
-2.81292,2.73911,1.2751,2.19297
-2.81297,2.7392,1.27511,2.19297
-2.813,2.73924,1.27512,2.19297
-2.81301,2.73927,1.27512,2.19297
-2.81302,2.73928,1.27512,2.19297
-2.81302,2.73929,1.27513,2.19297
-2.81303,2.73929,1.27513,2.19298
-2.81303,2.7393,1.27513,2.19298
-2.81303,2.7393,1.27513,2.19298
-2.81303,2.7393,1.27513,2.19298
-2.81303,2.7393,1.27513,2.19298
-2.81303,2.7393,1.27513,2.19298
-2.81303,2.7393,1.27513,2.19298
-2.81303,2.7393,1.27513,2.19298
-2.81303,2.7393,1.27513,2.19298
-2.81303,2.7393,1.27513,2.19298
-2.81303,2.7393,1.27513,2.19298
-2.81303,2.7393,1.27513,2.19298
-2.81303,2.7393,1.27513,2.19298
-2.81303,2.7393,1.27513,2.19298
-2.81303,2.7393,1.27513,2.19298
-2.81303,2.7393,1.27513,2.19298
-2.81303,2.7393,1.27513,2.19298
-2.81303,2.7393,1.27513,2.19298
-2.81303,2.7393,1.27513,2.19298
-2.81303,2.7393,1.27513,2.19298
-2.81303,2.7393,1.27513,2.19298
-2.81303,2.7393,1.27513,2.19298
-2.81303,2.7393,1.27513,2.19298
-2.81303,2.7393,1.27513,2.19298
-2.81303,2.7393,1.27513,2.19298
-2.81303,2.7393,1.27513,2.19298
-2.81303,2.7393,1.27513,2.19298
-2.81303,2.7393,1.27513,2.19298
-2.81303,2.7393,1.27513,2.19298
-2.81303,2.7393,1.27513,2.19298
-2.81303,2.7393,1.27513,2.19298
-2.81303,2.7393,1.27513,2.19298
-2.81303,2.7393,1.27513,2.19298
-2.81303,2.7393,1.27513,2.19298
-2.81303,2.7393,1.27513,2.19298
-2.81303,2.7393,1.27513,2.19298
-2.81303,2.7393,1.27513,2.19298
-2.81303,2.7393,1.27513,2.19298
-2.81303,2.7393,1.27513,2.19298
-2.81303,2.7393,1.27513,2.19298
-2.81303,2.7393,1.27513,2.19298
-2.81303,2.7393,1.27513,2.19298
-2.81303,2.7393,1.27513,2.19298
-2.81303,2.7393,1.27513,2.19298
-2.81303,2.7393,1.27513,2.19298
-2.81303,2.7393,1.27513,2.19298
-2.81303,2.7393,1.27513,2.19298
-2.81303,2.7393,1.27513,2.19298
-2.81303,2.7393,1.27513,2.19298
-2.81303,2.7393,1.27513,2.19298
-2.81303,2.7393,1.27513,2.19298
-2.81303,2.7393,1.27513,2.19298
-2.81303,2.7393,1.27513,2.19298
-2.81303,2.7393,1.27513,2.19298
-2.81303,2.7393,1.27513,2.19298
-2.81303,2.7393,1.27513,2.19298
-2.81303,2.7393,1.27513,2.19298
-2.81303,2.7393,1.27513,2.19298
-2.81303,2.7393,1.27513,2.19298
-2.81303,2.7393,1.27513,2.19298
-2.81303,2.7393,1.27513,2.19298
-2.81303,2.7393,1.27513,2.19298
-2.81303,2.7393,1.27513,2.19298
-2.81303,2.7393,1.27513,2.19298
-2.81303,2.7393,1.27513,2.19298
-2.81303,2.7393,1.27513,2.19298
-2.81303,2.7393,1.27513,2.19298
-2.81303,2.7393,1.27513,2.19298
-2.81303,2.7393,1.27513,2.19298
-2.81303,2.7393,1.27513,2.19298
-2.81303,2.7393,1.27513,2.19298
-2.81303,2.7393,1.27513,2.19298
-2.81303,2.7393,1.27513,2.19298
-2.81303,2.7393,1.27513,2.19298
-2.81303,2.7393,1.27513,2.19298
-2.81303,2.7393,1.27513,2.19298
-2.81303,2.7393,1.27513,2.19298
-2.81303,2.7393,1.27513,2.19298
-2.81303,2.7393,1.27513,2.19298
-2.81303,2.7393,1.27513,2.19298
-2.81303,2.7393,1.27513,2.19298
-2.81303,2.7393,1.27513,2.19298
-2.81303,2.7393,1.27513,2.19298
-2.81303,2.7393,1.27513,2.19298
-2.81303,2.7393,1.27513,2.19298
-2.81303,2.7393,1.27513,2.19298
-2.81303,2.7393,1.27513,2.19298
-2.81303,2.7393,1.27513,2.19298
-2.81303,2.7393,1.27513,2.19298
-2.81303,2.7393,1.27513,2.19298
-2.81303,2.7393,1.27513,2.19298
-2.81303,2.7393,1.27513,2.19298
-2.81303,2.7393,1.27513,2.19298
-2.81303,2.7393,1.27513,2.19298
-2.81303,2.7393,1.27513,2.19298
-2.81303,2.7393,1.27513,2.19298
-2.81303,2.7393,1.27513,2.19298
-2.81303,2.7393,1.27513,2.19298
-2.81303,2.7393,1.27513,2.19298
-2.81303,2.7393,1.27513,2.19298
-2.81303,2.7393,1.27513,2.19298
-2.81303,2.7393,1.27513,2.19298
-2.81303,2.7393,1.27513,2.19298
-2.81303,2.7393,1.27513,2.19298
-2.81303,2.7393,1.27513,2.19298
-2.81303,2.7393,1.27513,2.19298
-2.81303,2.7393,1.27513,2.19298
-2.81303,2.7393,1.27513,2.19298
-2.81303,2.7393,1.27513,2.19298
-2.81303,2.7393,1.27513,2.19298
-2.81303,2.7393,1.27513,2.19298
-2.81303,2.7393,1.27513,2.19298
-2.81303,2.7393,1.27513,2.19298
-2.81303,2.7393,1.27513,2.19298
-2.81303,2.7393,1.27513,2.19298
-2.81303,2.7393,1.27513,2.19298
-2.81303,2.7393,1.27513,2.19298
-2.81303,2.7393,1.27513,2.19298
-2.81303,2.7393,1.27513,2.19298
-2.81303,2.7393,1.27513,2.19298
-2.81303,2.7393,1.27513,2.19298
-2.81303,2.7393,1.27513,2.19298
-2.81303,2.7393,1.27513,2.19298
-2.81303,2.7393,1.27513,2.19298
-2.81303,2.7393,1.27513,2.19298
-2.81303,2.7393,1.27513,2.19298
-2.81303,2.7393,1.27513,2.19298
-2.81303,2.7393,1.27513,2.19298
-2.81303,2.7393,1.27513,2.19298
-2.81303,2.7393,1.27513,2.19298
-2.81303,2.7393,1.27513,2.19298
-2.81303,2.7393,1.27513,2.19298
-2.81303,2.7393,1.27513,2.19298
-2.81303,2.7393,1.27513,2.19298
-2.81303,2.7393,1.27513,2.19298
-2.81303,2.7393,1.27513,2.19298
-2.81303,2.7393,1.27513,2.19298
-2.81303,2.7393,1.27513,2.19298
-2.81303,2.7393,1.27513,2.19298
-2.81303,2.7393,1.27513,2.19298
-2.81303,2.7393,1.27513,2.19298
-2.81303,2.7393,1.27513,2.19298
-2.81303,2.7393,1.27513,2.19298
-2.81303,2.7393,1.27513,2.19298
-2.81303,2.7393,1.27513,2.19298
-2.81303,2.7393,1.27513,2.19298
-2.81303,2.7393,1.27513,2.19298
-2.81303,2.7393,1.27513,2.19298
-2.81303,2.7393,1.27513,2.19298
-2.81303,2.7393,1.27513,2.19298
-2.81303,2.7393,1.27513,2.19298
-2.81303,2.7393,1.27513,2.19298
-2.81303,2.7393,1.27513,2.19298
-2.81303,2.7393,1.27513,2.19298
-2.81303,2.7393,1.27513,2.19298
-2.81303,2.7393,1.27513,2.19298
-2.81303,2.7393,1.27513,2.19298
-2.81303,2.7393,1.27513,2.19298
-2.81303,2.7393,1.27513,2.19298
-2.81303,2.7393,1.27513,2.19298
-2.81303,2.7393,1.27513,2.19298
-2.81303,2.7393,1.27513,2.19298
-2.81303,2.7393,1.27513,2.19298
-2.81303,2.7393,1.27513,2.19298
-2.81303,2.7393,1.27513,2.19298
-2.81303,2.7393,1.27513,2.19298
-2.81303,2.7393,1.27513,2.19298
-2.81303,2.7393,1.27513,2.19298
-2.81303,2.7393,1.27513,2.19298
-2.81303,2.7393,1.27513,2.19298
-2.81303,2.7393,1.27513,2.19298
-2.81303,2.7393,1.27513,2.19298
-2.81303,2.7393,1.27513,2.19298
-2.81303,2.7393,1.27513,2.19298
-2.81303,2.7393,1.27513,2.19298
-2.81303,2.7393,1.27513,2.19298
-2.81303,2.7393,1.27513,2.19298
-2.81303,2.7393,1.27513,2.19298
-2.81303,2.7393,1.27513,2.19298
-2.81303,2.7393,1.27513,2.19298
-2.81303,2.7393,1.27513,2.19298
-2.81303,2.7393,1.27513,2.19298
-2.81303,2.7393,1.27513,2.19298
-2.81303,2.7393,1.27513,2.19298
-2.81303,2.7393,1.27513,2.19298
-2.81303,2.7393,1.27513,2.19298
-2.81303,2.7393,1.27513,2.19298
-2.81303,2.7393,1.27513,2.19298
-2.81303,2.7393,1.27513,2.19298
-2.81303,2.7393,1.27513,2.19298
-2.81303,2.7393,1.27513,2.19298
-2.81303,2.7393,1.27513,2.19298
-2.81303,2.7393,1.27513,2.19298
-2.81303,2.7393,1.27513,2.19298
-2.81303,2.7393,1.27513,2.19298
-2.81303,2.7393,1.27513,2.19298
-2.81303,2.7393,1.27513,2.19298
-2.81303,2.7393,1.27513,2.19298
-2.81303,2.7393,1.27513,2.19298
-2.81303,2.7393,1.27513,2.19298
-2.81303,2.7393,1.27513,2.19298
-2.81303,2.7393,1.27513,2.19298
-2.81303,2.7393,1.27513,2.19298
-2.81303,2.7393,1.27513,2.19298
-2.81303,2.7393,1.27513,2.19298
-2.81303,2.7393,1.27513,2.19298
-2.81303,2.7393,1.27513,2.19298
-2.81303,2.7393,1.27513,2.19298
-2.81303,2.7393,1.27513,2.19298
-2.81303,2.7393,1.27513,2.19298
-2.81303,2.7393,1.27513,2.19298
-2.81303,2.7393,1.27513,2.19298
-2.81303,2.7393,1.27513,2.19298
-2.81303,2.7393,1.27513,2.19298
-2.81303,2.7393,1.27513,2.19298
-2.81303,2.7393,1.27513,2.19298
-2.81303,2.7393,1.27513,2.19298
-2.81303,2.7393,1.27513,2.19298
-2.81303,2.7393,1.27513,2.19298
-2.81303,2.7393,1.27513,2.19298
-2.81303,2.7393,1.27513,2.19298
-2.81303,2.7393,1.27513,2.19298
-2.81303,2.7393,1.27513,2.19298
-2.81303,2.7393,1.27513,2.19298
-2.81303,2.7393,1.27513,2.19298
-2.81303,2.7393,1.27513,2.19298
-2.81303,2.7393,1.27513,2.19298
-2.81303,2.7393,1.27513,2.19298
-2.81303,2.7393,1.27513,2.19298
-2.81303,2.7393,1.27513,2.19298
-2.81303,2.7393,1.27513,2.19298
-2.81303,2.7393,1.27513,2.19298
-2.81303,2.7393,1.27513,2.19298
-2.81303,2.7393,1.27513,2.19298
-2.81303,2.7393,1.27513,2.19298
-2.81303,2.7393,1.27513,2.19298
-2.81303,2.7393,1.27513,2.19298
-2.81303,2.7393,1.27513,2.19298
-2.81303,2.7393,1.27513,2.19298
-2.81303,2.7393,1.27513,2.19298
-2.81303,2.7393,1.27513,2.19298
-2.81303,2.7393,1.27513,2.19298
-2.81303,2.7393,1.27513,2.19298
-2.81303,2.7393,1.27513,2.19298
-2.81303,2.7393,1.27513,2.19298
-2.81303,2.7393,1.27513,2.19298
-2.81303,2.7393,1.27513,2.19298
-2.81303,2.7393,1.27513,2.19298
-2.81303,2.7393,1.27513,2.19298
-2.81303,2.7393,1.27513,2.19298
-2.81303,2.7393,1.27513,2.19298
-2.81303,2.7393,1.27513,2.19298
-2.81303,2.7393,1.27513,2.19298
-2.81303,2.7393,1.27513,2.19298
-2.81303,2.7393,1.27513,2.19298
-2.81303,2.7393,1.27513,2.19298
-2.81303,2.7393,1.27513,2.19298
-2.81303