-0.0949536,-0.0371608,0.195434,0.340313
-0.105206,-0.0171041,0.19533,0.466568
-0.105907,-0.0082849,0.194909,0.489959
-0.105856,-0.012718,0.195515,0.465376
-0.10345,-0.0294417,0.193962,0.375951
-0.0999474,-0.0352738,0.195079,0.367099
-0.1059,-0.0287541,0.193939,0.44056
-0.106712,-0.0300753,0.194255,0.416026
-0.106959,-0.0304003,0.19434,0.423831
-0.107158,-0.0313108,0.193471,0.419489
-0.10755,-0.0317356,0.194311,0.420083
-0.107784,-0.0319807,0.193783,0.421639
-0.108314,-0.0323991,0.19431,0.423037
-0.108504,-0.0327031,0.193785,0.424226
-0.108867,-0.0331815,0.194353,0.424767
-0.109057,-0.0334748,0.193507,0.425352
-0.10971,-0.0339198,0.194287,0.427163
-0.109798,-0.0341697,0.19351,0.428453
-0.110515,-0.0349766,0.194439,0.430919
-0.220415,-0.0508288,0.206642,0.37921
-0.37335,-0.0427466,0.306914,0.311526
-0.343929,-0.00332997,0.481306,0.246097
-0.228316,0.0133766,0.656064,0.187546
-0.121691,0.00538457,0.804183,0.111415
-0.0609339,-0.00995042,0.910124,0.0108466
-0.0364384,-0.0116568,0.976856,-0.0985427
-0.0230916,-0.00415279,1.01445,-0.204484
-0.0125081,0.00185079,1.03494,-0.322857
-0.00521469,0.00327417,1.04261,-0.458593
-0.00227705,0.00212102,1.04296,-0.597471
-0.00194027,0.00122003,1.0399,-0.729866
-0.0018246,0.000969629,1.03829,-0.868101
-0.00124714,0.00087967,1.03595,-1.01912
-0.00055442,0.000548827,1.03332,-1.17067
-0.000191924,0.000191455,1.03118,-1.30314
-8.25652e-05,1.22787e-05,1.03122,-1.46584
-6.50107e-05,6.91951e-05,1.03069,-1.62579
-3.39867e-06,0.000145496,1.02977,-1.78358
4.56722e-05,0.000125749,1.02875,-1.9315
3.71531e-05,6.34341e-05,1.03001,-2.08269
-4.99185e-06,2.62633e-05,1.03032,-2.24295
-2.63682e-05,2.6042e-05,1.02983,-2.40151
-1.64334e-05,2.92626e-05,1.02894,-2.55048
-2.56034e-06,1.91447e-05,1.03011,-2.70162
-3.51463e-09,3.98972e-06,1.03037,-2.86224
-5.25261e-06,-2.58114e-06,1.02986,-3.02148
-6.8529e-06,-9.3384e-07,1.02915,3.11156
-3.28138e-06,1.16559e-06,1.03024,2.95638
9.0754e-07,2.62811e-07,1.03029,2.7933
1.80868e-06,-1.57367e-06,1.0297,2.63884
4.28853e-07,-1.71537e-06,1.02879,2.4818
-3.86049e-07,-6.12186e-07,1.02997,2.32824
-2.55982e-08,2.51442e-07,1.0302,2.16617
5.32765e-07,1.45687e-07,1.02969,2.00603
5.26072e-07,-2.4746e-07,1.02908,1.85509
1.97869e-07,-2.74227e-07,1.03025,1.69837
-4.97247e-09,1.1763e-08,1.03033,1.53443
4.84632e-08,2.10373e-07,1.0297,1.37339
1.21094e-07,1.57574e-07,1.02876,1.22267
8.61698e-08,3.57898e-08,1.02993,1.07034
-5.49043e-09,-1.08396e-08,1.03023,0.908985
-4.41792e-08,1.89292e-08,1.02975,0.749285
-2.01031e-08,4.25057e-08,1.02886,0.599134
5.28426e-09,3.10074e-08,1.02781,0.464037
9.45519e-09,1.09064e-08,1.02673,0.347257
4.77603e-09,-6.09337e-12,1.02572,0.250065
1.09607e-09,-2.34165e-09,1.0249,0.172081
-1.34953e-10,-1.31026e-09,1.02438,0.111752
-1.92295e-10,-8.41974e-11,1.02414,0.066817
-2.83796e-11,4.49612e-10,1.02408,0.0347037
6.15448e-11,4.55128e-10,1.02411,0.0128307
7.15945e-11,2.73201e-10,1.02415,-0.00117324
5.17994e-11,1.10542e-10,1.02416,-0.00936024
3.17609e-11,2.40787e-11,1.02414,-0.0134169
1.9425e-11,-3.74435e-12,1.02408,-0.0147049
1.35334e-11,-4.66949e-12,1.024,-0.0142491
1.11265e-11,2.86741e-13,1.02391,-0.0127974
1.01814e-11,3.14747e-12,1.02381,-0.0108773
9.7484e-12,3.26233e-12,1.02372,-0.00883873
9.49223e-12,2.14942e-12,1.02365,-0.00689765
9.32088e-12,1.02965e-12,1.02358,-0.00517638
9.20798e-12,3.47473e-13,1.02353,-0.00372828
9.13854e-12,6.20652e-14,1.0235,-0.00256196
9.09838e-12,-7.64733e-15,1.02348,-0.00165933
9.07596e-12,-3.15344e-15,1.02347,-0.000987564
9.06379e-12,8.40544e-15,1.02346,-0.000508031
9.05765e-12,1.04256e-14,1.02346,-0.000182086
9.05493e-12,6.33824e-15,1.02346,1.92855e-05
9.05369e-12,1.34823e-15,1.02346,0.000146447
9.05324e-12,-1.3558e-15,1.02346,0.000205617
9.05339e-12,-1.96943e-15,1.02346,0.000223445
9.05373e-12,-1.42956e-15,1.02346,0.000215381
9.05422e-12,-5.49138e-16,1.02346,0.000192708
9.05462e-12,1.94833e-16,1.02346,0.000163307
9.05487e-12,6.21298e-16,1.02346,0.000132368
9.05501e-12,8.41433e-16,1.02346,0.00010308
9.05513e-12,9.80728e-16,1.02346,7.71944e-05
9.05522e-12,1.02231e-15,1.02346,5.54713e-05
9.05523e-12,9.47997e-16,1.02346,3.80125e-05
9.05517e-12,8.19005e-16,1.02345,2.45265e-05
9.05521e-12,7.26709e-16,1.02345,1.45098e-05
9.05529e-12,5.69034e-16,1.02345,7.37763e-06
1.14786e-08,1.53223e-08,1.02348,9.67544e-07
-0.0158492,-0.0197262,1.02906,-0.0217934
-0.125602,-0.129965,1.02881,-0.00740709
-0.272809,-0.267574,1.02437,-0.00139002
-0.381701,-0.378507,1.02275,0.000919602
-0.443422,-0.445352,1.02177,0.00368857
-0.472231,-0.477122,1.02101,0.00516279
-0.484815,-0.489414,1.02087,0.00524693
-0.490865,-0.493546,1.02127,0.00472575
-0.494283,-0.495269,1.02186,0.0040334
-0.496686,-0.496688,1.02246,0.00324133
-0.498134,-0.497892,1.0229,0.00252157
-0.498932,-0.498751,1.02318,0.00193345
-0.499439,-0.499379,1.03582,0.00147826
-0.500367,-0.497929,1.08994,0.00552785
-0.506847,-0.487193,1.15446,0.0211307
-0.522157,-0.465243,1.21026,0.0509323
-0.543495,-0.436027,1.24992,0.0935435
-0.57096,-0.398713,1.2778,0.154391
-0.599124,-0.360067,1.29299,0.225097
-0.627343,-0.320588,1.30037,0.305378
-0.655335,-0.280501,1.30307,0.393686
-0.683444,-0.24014,1.30305,0.488172
-0.711931,-0.199441,1.30184,0.587426
-0.74065,-0.158807,1.30031,0.69025
-0.769666,-0.117742,1.29883,0.795869
-0.797728,-0.0781746,1.29767,0.899139
-0.828097,-0.0355453,1.29673,1.01189
-0.856898,0.00475694,1.29621,1.12097
-0.88545,0.0451852,1.29578,1.23067
-0.914297,0.0861784,1.2954,1.34063
-0.943295,0.127004,1.29505,1.45068
-0.972231,0.167555,1.29482,1.56071
-0.999908,0.206466,1.29466,1.66614
-1.02988,0.248702,1.29441,1.77646
-1.05882,0.289406,1.29392,1.87264
-1.08744,0.329399,1.29326,1.95568
-1.11608,0.369378,1.29255,2.02435
-1.14525,0.410222,1.29187,2.07899
-1.17456,0.451154,1.29133,2.12084
-1.20385,0.49202,1.29092,2.15168
-1.23276,0.532385,1.29059,2.17344
-1.26189,0.573054,1.29031,2.18803
-1.29108,0.61387,1.29003,2.19716
-1.32006,0.654408,1.28976,2.20232
-1.34906,0.694977,1.28946,2.20468
-1.37843,0.736053,1.28915,2.20519
-1.40744,0.776641,1.28884,2.20457
-1.43626,0.816968,1.28854,2.20333
-1.46518,0.857436,1.28823,2.20183
-1.49448,0.898443,1.28792,2.20029
-1.52396,0.939698,1.28762,2.19886
-1.55291,0.980223,1.2874,2.19762
-1.58165,1.02044,1.28716,2.19659
-1.60999,1.06011,1.28692,2.19577
-1.63834,1.09977,1.28664,2.19514
-1.66673,1.13944,1.28638,2.19468
-1.69547,1.17959,1.28614,2.19436
-1.72231,1.21705,1.2859,2.19415
-1.75396,1.26121,1.28558,2.19401
-1.78295,1.30166,1.2853,2.19393
-1.81198,1.34216,1.28506,2.1939
-1.84089,1.3825,1.28483,2.19389
-1.8699,1.42298,1.28455,2.1939
-1.89914,1.46378,1.28427,2.19392
-1.92727,1.50303,1.28403,2.19394
-1.95754,1.54526,1.28377,2.19397
-1.98693,1.58626,1.28353,2.19399
-2.0165,1.62753,1.28326,2.19401
-2.04577,1.66836,1.28298,2.19402
-2.07428,1.70814,1.28271,2.19403
-2.10288,1.74806,1.28244,2.19404
-2.13218,1.78894,1.28216,2.19405
-2.1591,1.8265,1.2819,2.19406
-2.19025,1.86997,1.28163,2.19406
-2.21908,1.91017,1.28138,2.19405
-2.2483,1.95093,1.28111,2.19404
-2.27705,1.99102,1.28084,2.19402
-2.30573,2.03102,1.2806,2.19399
-2.33484,2.07162,1.28041,2.19396
-2.36407,2.11237,1.28019,2.19391
-2.39317,2.15294,1.27992,2.19387
-2.42227,2.19351,1.27964,2.19382
-2.45109,2.2337,1.27938,2.19377
-2.47993,2.27391,1.27912,2.19372
-2.50943,2.31505,1.27885,2.19366
-2.53903,2.35632,1.27858,2.19361
-2.56827,2.39708,1.27835,2.19355
-2.59752,2.43786,1.27813,2.1935
-2.62655,2.47834,1.27786,2.19344
-2.65583,2.51916,1.2776,2.19339
-2.68517,2.56007,1.27737,2.19333
-2.71425,2.60063,1.2771,2.19328
-2.74332,2.64115,1.27683,2.19322
-2.77059,2.67918,1.27656,2.19317
-2.79033,2.70673,1.27625,2.19313
-2.80175,2.72274,1.27589,2.19309
-2.80746,2.73084,1.27556,2.19306
-2.8101,2.73471,1.27532,2.19303
-2.81137,2.73665,1.27517,2.19301
-2.81205,2.73773,1.2751,2.193
-2.81246,2.73839,1.27507,2.19299
-2.8127,2.73878,1.27506,2.19298
-2.81285,2.73901,1.27506,2.19298
-2.81293,2.73914,1.27507,2.19298
-2.81297,2.73921,1.27508,2.19298
-2.813,2.73925,1.27508,2.19298
-2.81301,2.73927,1.27509,2.19298
-2.81301,2.73928,1.27509,2.19298
-2.81302,2.73929,1.27509,2.19298
-2.81302,2.73929,1.27509,2.19298
-2.81302,2.73929,1.27509,2.19298
-2.81302,2.73929,1.27509,2.19298
-2.81302,2.73929,1.27509,2.19298
-2.81302,2.7393,1.27509,2.19298
-2.81302,2.7393,1.27509,2.19298
-2.81302,2.7393,1.27509,2.19298
-2.81302,2.7393,1.27509,2.19298
-2.81302,2.7393,1.27509,2.19299
-2.81302,2.7393,1.27509,2.19299
-2.81302,2.7393,1.27509,2.19299
-2.81302,2.7393,1.27509,2.19299
-2.81302,2.7393,1.27509,2.19299
-2.81302,2.7393,1.27509,2.19299
-2.81302,2.7393,1.27509,2.19299
-2.81302,2.7393,1.27509,2.19299
-2.81302,2.7393,1.27509,2.19299
-2.81302,2.7393,1.27509,2.19299
-2.81302,2.7393,1.27509,2.19299
-2.81302,2.7393,1.27509,2.19299
-2.81302,2.7393,1.27509,2.19299
-2.81302,2.7393,1.27509,2.19299
-2.81302,2.7393,1.27509,2.19299
-2.81302,2.7393,1.27509,2.19299
-2.81302,2.7393,1.27509,2.19299
-2.81302,2.7393,1.27509,2.19299
-2.81302,2.7393,1.27509,2.19299
-2.81302,2.7393,1.27509,2.19299
-2.81302,2.7393,1.27509,2.19299
-2.81302,2.7393,1.27509,2.19299
-2.81302,2.7393,1.27509,2.19299
-2.81302,2.7393,1.27509,2.19299
-2.81302,2.7393,1.27509,2.19299
-2.81302,2.7393,1.27509,2.19299
-2.81302,2.7393,1.27509,2.19299
-2.81302,2.7393,1.27509,2.19299
-2.81302,2.7393,1.27509,2.19299
-2.81302,2.7393,1.27509,2.19299
-2.81302,2.7393,1.27509,2.19299
-2.81302,2.7393,1.27509,2.19299
-2.81302,2.7393,1.27509,2.19299
-2.81302,2.7393,1.27509,2.19299
-2.81302,2.7393,1.27509,2.19299
-2.81302,2.7393,1.27509,2.19299
-2.81302,2.7393,1.27509,2.19299
-2.81302,2.7393,1.27509,2.19299
-2.81302,2.7393,1.27509,2.19299
-2.81302,2.7393,1.27509,2.19299
-2.81302,2.7393,1.27509,2.19299
-2.81302,2.7393,1.27509,2.19299
-2.81302,2.7393,1.27509,2.19299
-2.81302,2.7393,1.27509,2.19299
-2.81302,2.7393,1.27509,2.19299
-2.81302,2.7393,1.27509,2.19299
-2.81302,2.7393,1.27509,2.19299
-2.81302,2.7393,1.27509,2.19299
-2.81302,2.7393,1.27509,2.19299
-2.81302,2.7393,1.27509,2.19299
-2.81302,2.7393,1.27509,2.19299
-2.81302,2.7393,1.27509,2.19299
-2.81302,2.7393,1.27509,2.19299
-2.81302,2.7393,1.27509,2.19299
-2.81302,2.7393,1.27509,2.19299
-2.81302,2.7393,1.27509,2.19299
-2.81302,2.7393,1.27509,2.19299
-2.81302,2.7393,1.27509,2.19299
-2.81302,2.7393,1.27509,2.19299
-2.81302,2.7393,1.27509,2.19299
-2.81302,2.7393,1.27509,2.19299
-2.81302,2.7393,1.27509,2.19299
-2.81302,2.7393,1.27509,2.19299
-2.81302,2.7393,1.27509,2.19299
-2.81302,2.7393,1.27509,2.19299
-2.81302,2.7393,1.27509,2.19299
-2.81302,2.7393,1.27509,2.19299
-2.81302,2.7393,1.27509,2.19299
-2.81302,2.7393,1.27509,2.19299
-2.81302,2.7393,1.27509,2.19299
-2.81302,2.7393,1.27509,2.19299
-2.81302,2.7393,1.27509,2.19299
-2.81302,2.7393,1.27509,2.19299
-2.81302,2.7393,1.27509,2.19299
-2.81302,2.7393,1.27509,2.19299
-2.81302,2.7393,1.27509,2.19299
-2.81302,2.7393,1.27509,2.19299
-2.81302,2.7393,1.27509,2.19299
-2.81302,2.7393,1.27509,2.19299
-2.81302,2.7393,1.27509,2.19299
-2.81302,2.7393,1.27509,2.19299
-2.81302,2.7393,1.27509,2.19299
-2.81302,2.7393,1.27509,2.19299
-2.81302,2.7393,1.27509,2.19299
-2.81302,2.7393,1.27509,2.19299
-2.81302,2.7393,1.27509,2.19299
-2.81302,2.7393,1.27509,2.19299
-2.81302,2.7393,1.27509,2.19299
-2.81302,2.7393,1.27509,2.19299
-2.81302,2.7393,1.27509,2.19299
-2.81302,2.7393,1.27509,2.19299
-2.81302,2.7393,1.27509,2.19299
-2.81302,2.7393,1.27509,2.19299
-2.81302,2.7393,1.27509,2.19299
-2.81302,2.7393,1.27509,2.19299
-2.81302,2.7393,1.27509,2.19299
-2.81302,2.7393,1.27509,2.19299
-2.81302,2.7393,1.27509,2.19299
-2.81302,2.7393,1.27509,2.19299
-2.81302,2.7393,1.27509,2.19299
-2.81302,2.7393,1.27509,2.19299
-2.81302,2.7393,1.27509,2.19299
-2.81302,2.7393,1.27509,2.19299
-2.81302,2.7393,1.27509,2.19299
-2.81302,2.7393,1.27509,2.19299
-2.81302,2.7393,1.27509,2.19299
-2.81302,2.7393,1.27509,2.19299
-2.81302,2.7393,1.27509,2.19299
-2.81302,2.7393,1.27509,2.19299
-2.81302,2.7393,1.27509,2.19299
-2.81302,2.7393,1.27509,2.19299
-2.81302,2.7393,1.27509,2.19299
-2.81302,2.7393,1.27509,2.19299
-2.81302,2.7393,1.27509,2.19299
-2.81302,2.7393,1.27509,2.19299
-2.81302,2.7393,1.27509,2.19299
-2.81302,2.7393,1.27509,2.19299
-2.81302,2.7393,1.27509,2.19299
-2.81302,2.7393,1.27509,2.19299
-2.81302,2.7393,1.27509,2.19299
-2.81302,2.7393,1.27509,2.19299
-2.81302,2.7393,1.27509,2.19299
-2.81302,2.7393,1.27509,2.19299
-2.81302,2.7393,1.27509,2.19299
-2.81302,2.7393,1.27509,2.19299
-2.81302,2.7393,1.27509,2.19299
-2.81302,2.7393,1.27509,2.19299
-2.81302,2.7393,1.27509,2.19299
-2.81302,2.7393,1.27509,2.19299
-2.81302,2.7393,1.27509,2.19299
-2.81302,2.7393,1.27509,2.19299
-2.81302,2.7393,1.27509,2.19299
-2.81302,2.7393,1.27509,2.19299
-2.81302,2.7393,1.27509,2.19299
-2.81302,2.7393,1.27509,2.19299
-2.81302,2.7393,1.27509,2.19299
-2.81302,2.7393,1.27509,2.19299
-2.81302,2.7393,1.27509,2.19299
-2.81302,2.7393,1.27509,2.19299
-2.81302,2.7393,1.27509,2.19299
-2.81302,2.7393,1.27509,2.19299
-2.81302,2.7393,1.27509,2.19299
-2.81302,2.7393,1.27509,2.19299
-2.81302,2.7393,1.27509,2.19299
-2.81302,2.7393,1.27509,2.19299
-2.81302,2.7393,1.27509,2.19299
-2.81302,2.7393,1.27509,2.19299
-2.81302,2.7393,1.27509,2.19299
-2.81302,2.7393,1.27509,2.19299
-2.81302,2.7393,1.27509,2.19299
-2.81302,2.7393,1.27509,2.19299
-2.81302,2.7393,1.27509,2.19299
-2.81302,2.7393,1.27509,2.19299
-2.81302,2.7393,1.27509,2.19299
-2.81302,2.7393,1.27509,2.19299
-2.81302,2.7393,1.27509,2.19299
-2.81302,2.7393,1.27509,2.19299
-2.81302,2.7393,1.27509,2.19299
-2.81302,2.7393,1.27509,2.19299
-2.81302,2.7393,1.27509,2.19299
-2.81302,2.7393,1.27509,2.19299
-2.81302,2.7393,1.27509,2.19299
-2.81302,2.7393,1.27509,2.19299
-2.81302,2.7393,1.27509,2.19299
-2.81302,2.7393,1.27509,2.19299
-2.81302,2.7393,1.27509,2.19299
-2.81302,2.7393,1.27509,2.19299
-2.81302,2.7393,1.27509,2.19299
-2.81302,2.7393,1.27509,2.19299
-2.81302,2.7393,1.27509,2.19299
-2.81302,2.7393,1.27509,2.19299
-2.81302,2.7393,1.27509,2.19299
-2.81302,2.7393,1.27509,2.19299
-2.81302,2.7393,1.27509,2.19299
-2.81302,2.7393,1.27509,2.19299
-2.81302,2.7393,1.27509,2.19299
-2.81302,2.7393,1.27509,2.19299
-2.81302,2.7393,1.27509,2.19299
-2.81302,2.7393,1.27509,2.19299
-2.81302,2.7393,1.27509,2.19299
-2.81302,2.7393,1.27509,2.19299
-2.81302,2.7393,1.27509,2.19299
-2.81302,2.7393,1.27509,2.19299
-2.81302,2.7393,1.27509,2.19299
-2.81302,2.7393,1.27509,2.19299
-2.81302,2.7393,1.27509,2.19299
-2.81302,2.7393,1.27509,2.19299
-2.81302,2.7393,1.27509,2.19299
-2.81302,2.7393,1.27509,2.19299
-2.81302,2.7393,1.27509,2.19299
-2.81302,2.7393,1.27509,2.19299
-2.81302,2.7393,1.27509,2.19299
-2.81302,2.7393,1.27509,2.19299
-2.81302,2.7393,1.27509,2.19299
-2.81302,2.7393,1.27509,2.19299
-2.81302,2.7393,1.27509,2.19299
-2.81302,2.7393,1.27509,2.19299
-2.81302,2.7393,1.27509,2.19299
-2.81302,2.7393,1.27509,2.19299
-2.81302,2.7393,1.27509,2.19299
-2.81302,2.7393,1.27509,2.19299
-2.81302,2.7393,1.27509,2.19299
-2.81302,2.7393,1.27509,2.19299
-2.81302,2.7393,1.27509,2.19299
-2.81302,2.7393,1.27509,2.19299
-2.81302,2.7393,1.27509,2.19299
-2.81302,2.7393,1.27509,2.19299
-2.81302,2.7393,1.27509,2.19299
-2.81302,2.7393,1.27509,2.19299
-2.81302,2.7393,1.27509,2.19299
-2.81302,2.7393,1.27509,2.19299
-2.81302,2.7393,1.27509,2.19299
-2.81302,2.7393,1.27509,2.19299
-2.81302,2.7393,1.27509,2.19299
-2.81302,2.7393,1.27509,2.19299
-2.81302,2.7393,1.27509,2.19299
-2.81302,2.7393,1.27509,2.19299
-2.81302,2.7393,1.27509,2.19299
-2.81302,2.7393,1.27509,2.19299
-2.81302,2.7393,1.27509,2.19299
-2.81302,2.7393,1.27509,2.19299
-2.81302,2.7393,1.27509,2.19299
-2.81302,2.7393,1.27509,2.19299
-2.81302,2.7393,1.27509,2.19299
-2.81302,2.7393,1.27509,2.19299
-2.81302,2.7393,1.27509,2.19299
-2.81302,2.7393,1.27509,2.19299
-2.81302,2.7393,1.27509,2.19299
-2.81302,2.7393,1.27509,2.19299
-2.81302,2.7393,1.27509,2.19299
-2.81302,2.7393,1.27509,2.19299
-2.81302,2.7393,1.27509,2.19299
-2.81302,2.7393,1.27509,2.19299
-2.81302,2.7393,1.27509,2.19299
-2.81302,2.7393,1.27509,2.19299
-2.81302,2.7393,1.27509,2.19299
-2.81302,2.7393,1.27509,2.19299
-2.81302,2.7393,1.27509,2.19299
-2.81302,2.7393,1.27509,2.19299
-2.81302,2.7393,1.27509,2.19299
-2.81302,2.7393,1.27509,2.19299
-2.81302,2.7393,1.27509,2.19299
-2.81302,2.7393,1.27509,2.19299
-2.81302,2.7393,1.27509,2.19299
-2.81302,2.7393,1.27509,2.19299
-2.81302,2.7393,1.27509,2.19299
-2.81302,2.7393,1.27509,2.19299
-2.81302,2.7393,1.27509,2.19299
-2.81302,2.7393,1.27509,2.19299
-2.81302,2.7393,1.27509,2.19299
-2.81302,2.7393,1.27509,2.19299
-2.81302,2.7393,1.27509,2.19299
-2.81302,2.7393,1.27509,2.19299
-2.81302,2.7393,1.27509