-0.500313,-0.5,1.02346,-3.1415
-0.496974,-0.519712,1.02294,-3.07899
-0.493635,-0.539425,1.02243,-3.01648
-0.490296,-0.559137,1.02191,-2.95397
-0.486956,-0.57885,1.02139,-2.89146
-0.483617,-0.598562,1.02088,-2.82895
-0.480278,-0.618275,1.02036,-2.76644
-0.476939,-0.637987,1.01985,-2.70394
-0.4736,-0.6577,1.01933,-2.64143
-0.470261,-0.677412,1.01881,-2.57892
-0.466921,-0.697125,1.0183,-2.51641
-0.463582,-0.716838,1.01778,-2.4539
-0.460243,-0.73655,1.01726,-2.39139
-0.456904,-0.756263,1.01675,-2.32888
-0.453565,-0.775975,1.01623,-2.26638
-0.450226,-0.795688,1.01572,-2.20387
-0.446887,-0.8154,1.0152,-2.14136
-0.443547,-0.835113,1.01468,-2.07885
-0.440208,-0.854825,1.01417,-2.01634
-0.436869,-0.874538,1.01365,-1.95383
-0.43353,-0.89425,1.01314,-1.89132
-0.430191,-0.913963,1.01262,-1.82882
-0.426852,-0.933675,1.0121,-1.76631
-0.423512,-0.953388,1.01159,-1.7038
-0.420173,-0.9731,1.01107,-1.64129
-0.416834,-0.992813,1.01056,-1.57878
-0.413495,-1.01253,1.01004,-1.51627
-0.410156,-1.03224,1.00952,-1.45376
-0.406817,-1.05195,1.00901,-1.39126
-0.403478,-1.07166,1.00849,-1.32875
-0.400138,-1.09138,1.00798,-1.26624
-0.396799,-1.11109,1.00746,-1.20373
-0.39346,-1.1308,1.00694,-1.14122
-0.390121,-1.15051,1.00643,-1.07871
-0.386782,-1.17023,1.00591,-1.0162
-0.383443,-1.18994,1.0054,-0.953695
-0.380103,-1.20965,1.00488,-0.891187
-0.376764,-1.22936,1.00436,-0.828678
-0.373425,-1.24908,1.00385,-0.766169
-0.370086,-1.26879,1.00333,-0.703661
-0.366747,-1.2885,1.00282,-0.641152
-0.363408,-1.30821,1.0023,-0.578644
-0.360068,-1.32793,1.00178,-0.516135
-0.356729,-1.34764,1.00127,-0.453626
-0.35339,-1.36735,1.00075,-0.391118
-0.350051,-1.38706,1.00024,-0.328609
-0.346712,-1.40678,0.99972,-0.266101
-0.343373,-1.42649,0.999204,-0.203592
-0.340034,-1.4462,0.998687,-0.141083
-0.336694,-1.46591,0.998171,-0.0785749
-0.333355,-1.48563,0.997655,-0.0160663
-0.338954,-1.50482,0.997008,-0.0602856
-0.344552,-1.52401,0.996361,-0.104505
-0.350151,-1.54319,0.995714,-0.148724
-0.35575,-1.56238,0.995067,-0.192944
-0.361348,-1.58157,0.994419,-0.237163
-0.366947,-1.60076,0.993772,-0.281382
-0.372545,-1.61995,0.993125,-0.325602
-0.378144,-1.63914,0.992478,-0.369821
-0.383743,-1.65833,0.99183,-0.414041
-0.389341,-1.67752,0.991183,-0.45826
-0.39494,-1.69671,0.990536,-0.502479
-0.400538,-1.7159,0.989889,-0.546699
-0.406137,-1.73509,0.989242,-0.590918
-0.411735,-1.75428,0.988594,-0.635137
-0.417334,-1.77347,0.987947,-0.679357
-0.422933,-1.79266,0.9873,-0.723576
-0.428531,-1.81185,0.986653,-0.767795
-0.43413,-1.83104,0.986006,-0.812015
-0.439728,-1.85023,0.985358,-0.856234
-0.445327,-1.86942,0.984711,-0.900453
-0.450926,-1.88861,0.984064,-0.944673
-0.456524,-1.9078,0.983417,-0.988892
-0.462123,-1.92698,0.98277,-1.03311
-0.467721,-1.94617,0.982122,-1.07733
-0.47332,-1.96536,0.981475,-1.12155
-0.478918,-1.98455,0.980828,-1.16577
-0.484517,-2.00374,0.980181,-1.20999
-0.490116,-2.02293,0.979533,-1.25421
-0.495714,-2.04212,0.978886,-1.29843
-0.501313,-2.06131,0.978239,-1.34265
-0.506911,-2.0805,0.977592,-1.38687
-0.51251,-2.09969,0.976945,-1.43109
-0.518109,-2.11888,0.976297,-1.47531
-0.523707,-2.13807,0.97565,-1.51952
-0.529306,-2.15726,0.975003,-1.56374
-0.534904,-2.17645,0.974356,-1.60796
-0.540503,-2.19564,0.973709,-1.65218
-0.546102,-2.21483,0.973061,-1.6964
-0.5517,-2.23402,0.972414,-1.74062
-0.557299,-2.25321,0.971767,-1.78484
-0.562897,-2.2724,0.97112,-1.82906
-0.568496,-2.29159,0.970472,-1.87328
-0.574094,-2.31077,0.969825,-1.9175
-0.579693,-2.32996,0.969178,-1.96172
-0.585292,-2.34915,0.968531,-2.00594
-0.59089,-2.36834,0.967884,-2.05016
-0.596489,-2.38753,0.967236,-2.09438
-0.602087,-2.40672,0.966589,-2.1386
-0.607686,-2.42591,0.965942,-2.18281
-0.613285,-2.4451,0.965295,-2.22703
-0.623995,-2.46199,0.965142,-2.26793
-0.634705,-2.47888,0.96499,-2.30883
-0.645416,-2.49577,0.964837,-2.34973
-0.656126,-2.51266,0.964684,-2.39062
-0.666837,-2.52955,0.964532,-2.43152
-0.677547,-2.54644,0.964379,-2.47242
-0.688257,-2.56333,0.964227,-2.51332
-0.698968,-2.58022,0.964074,-2.55422
-0.709678,-2.59711,0.963922,-2.59511
-0.720389,-2.614,0.963769,-2.63601
-0.731099,-2.63089,0.963616,-2.67691
-0.741809,-2.64778,0.963464,-2.71781
-0.75252,-2.66467,0.963311,-2.7587
-0.76323,-2.68156,0.963159,-2.7996
-0.773941,-2.69845,0.963006,-2.8405
-0.784651,-2.71534,0.962854,-2.8814
-0.795361,-2.73223,0.962701,-2.92229
-0.806072,-2.74912,0.962548,-2.96319
-0.816782,-2.76601,0.962396,-3.00409
-0.827493,-2.7829,0.962243,-3.04499
-0.838203,-2.79979,0.962091,-3.08589
-0.848913,-2.81668,0.961938,-3.12678
-0.859624,-2.83357,0.961786,3.1155
-0.870334,-2.85046,0.961633,3.07461
-0.881045,-2.86735,0.96148,3.03371
-0.891755,-2.88423,0.961328,2.99281
-0.902466,-2.90112,0.961175,2.95191
-0.913176,-2.91801,0.961023,2.91102
-0.923886,-2.9349,0.96087,2.87012
-0.934597,-2.95179,0.960718,2.82922
-0.945307,-2.96868,0.960565,2.78832
-0.956018,-2.98557,0.960413,2.74743
-0.966728,-3.00246,0.96026,2.70653
-0.977438,-3.01935,0.960107,2.66563
-0.988149,-3.03624,0.959955,2.62473
-0.998859,-3.05313,0.959802,2.58384
-1.00957,-3.07002,0.95965,2.54294
-1.02028,-3.08691,0.959497,2.50204
-1.03099,-3.1038,0.959345,2.46114
-1.0417,-3.12069,0.959192,2.42024
-1.05241,-3.13758,0.959039,2.37935
-1.06312,-3.15447,0.958887,2.33845
-1.07383,-3.17136,0.958734,2.29755
-1.08454,-3.18825,0.958582,2.25665
-1.09525,-3.20514,0.958429,2.21576
-1.10596,-3.22203,0.958277,2.17486
-1.11667,-3.23892,0.958124,2.13396
-1.12738,-3.25581,0.957971,2.09306
-1.13809,-3.2727,0.957819,2.05217
-1.1488,-3.28959,0.957666,2.01127
-1.15442,-3.30783,0.963635,2.06235
-1.16003,-3.32608,0.969603,2.11342
-1.16564,-3.34433,0.975572,2.1645
-1.17125,-3.36257,0.98154,2.21558
-1.17686,-3.38082,0.987509,2.26665
-1.18247,-3.39906,0.993477,2.31773
-1.18808,-3.41731,0.999446,2.36881
-1.19369,-3.43555,1.00541,2.41988
-1.1993,-3.4538,1.01138,2.47096
-1.20491,-3.47204,1.01735,2.52204
-1.21052,-3.49029,1.02332,2.57311
-1.21613,-3.50854,1.02929,2.62419
-1.22174,-3.52678,1.03526,2.67527
-1.22735,-3.54503,1.04123,2.72634
-1.23296,-3.56327,1.04719,2.77742
-1.23857,-3.58152,1.05316,2.8285
-1.24418,-3.59976,1.05913,2.87957
-1.24979,-3.61801,1.0651,2.93065
-1.2554,-3.63625,1.07107,2.98173
-1.26101,-3.6545,1.07704,3.0328
-1.26662,-3.67275,1.083,3.08388
-1.27223,-3.69099,1.08897,3.13496
-1.27784,-3.70924,1.09494,-3.09715
-1.28345,-3.72748,1.10091,-3.04608
-1.28906,-3.74573,1.10688,-2.995
-1.29468,-3.76397,1.11285,-2.94392
-1.30029,-3.78222,1.11882,-2.89285
-1.3059,-3.80046,1.12478,-2.84177
-1.31151,-3.81871,1.13075,-2.79069
-1.31712,-3.83696,1.13672,-2.73962
-1.32273,-3.8552,1.14269,-2.68854
-1.32834,-3.87345,1.14866,-2.63746
-1.33395,-3.89169,1.15463,-2.58638
-1.33956,-3.90994,1.16059,-2.53531
-1.34517,-3.92818,1.16656,-2.48423
-1.35078,-3.94643,1.17253,-2.43315
-1.35639,-3.96467,1.1785,-2.38208
-1.362,-3.98292,1.18447,-2.331
-1.36761,-4.00117,1.19044,-2.27992
-1.37322,-4.01941,1.19641,-2.22885
-1.37883,-4.03766,1.20237,-2.17777
-1.38444,-4.0559,1.20834,-2.12669
-1.39005,-4.07415,1.21431,-2.07562
-1.39566,-4.09239,1.22028,-2.02454
-1.40127,-4.11064,1.22625,-1.97346
-1.40688,-4.12888,1.23222,-1.92239
-1.41249,-4.14713,1.23819,-1.87131
-1.4181,-4.16538,1.24415,-1.82023
-1.42371,-4.18362,1.25012,-1.76916
-1.42932,-4.20187,1.25609,-1.71808
-1.41677,-4.21739,1.2573,-1.72242
-1.40421,-4.2329,1.25851,-1.72676
-1.39165,-4.24842,1.25972,-1.7311
-1.37909,-4.26394,1.26093,-1.73543
-1.36653,-4.27946,1.26213,-1.73977
-1.35397,-4.29498,1.26334,-1.74411
-1.34141,-4.31049,1.26455,-1.74845
-1.32885,-4.32601,1.26576,-1.75279
-1.31629,-4.34153,1.26697,-1.75713
-1.30373,-4.35705,1.26818,-1.76146
-1.29118,-4.37257,1.26939,-1.7658
-1.27862,-4.38808,1.2706,-1.77014
-1.26606,-4.4036,1.27181,-1.77448
-1.2535,-4.41912,1.27301,-1.77882
-1.24094,-4.43464,1.27422,-1.78316
-1.22838,-4.45016,1.27543,-1.78749
-1.21582,-4.46567,1.27664,-1.79183
-1.20326,-4.48119,1.27785,-1.79617
-1.1907,-4.49671,1.27906,-1.80051
-1.17814,-4.51223,1.28027,-1.80485
-1.16559,-4.52775,1.28148,-1.80919
-1.15303,-4.54326,1.28268,-1.81352
-1.14047,-4.55878,1.28389,-1.81786
-1.12791,-4.5743,1.2851,-1.8222
-1.11535,-4.58982,1.28631,-1.82654
-1.10279,-4.60534,1.28752,-1.83088
-1.09023,-4.62085,1.28873,-1.83522
-1.07767,-4.63637,1.28994,-1.83955
-1.06511,-4.65189,1.29115,-1.84389
-1.05255,-4.66741,1.29235,-1.84823
-1.04,-4.68293,1.29356,-1.85257
-1.02744,-4.69844,1.29477,-1.85691
-1.01488,-4.71396,1.29598,-1.86125
-1.00232,-4.72948,1.29719,-1.86558
-0.989759,-4.745,1.2984,-1.86992
-0.9772,-4.76052,1.29961,-1.87426
-0.964641,-4.77603,1.30082,-1.8786
-0.952082,-4.79155,1.30203,-1.88294
-0.939523,-4.80707,1.30323,-1.88728
-0.926964,-4.82259,1.30444,-1.89161
-0.914405,-4.83811,1.30565,-1.89595
-0.901846,-4.85363,1.30686,-1.90029
-0.889287,-4.86914,1.30807,-1.90463
-0.876728,-4.88466,1.30928,-1.90897
-0.864169,-4.90018,1.31049,-1.91331
-0.85161,-4.9157,1.3117,-1.91764
-0.839051,-4.93122,1.3129,-1.92198
-0.826492,-4.94673,1.31411,-1.92632
-0.813933,-4.96225,1.31532,-1.93066
-0.801374,-4.97777,1.31653,-1.935
-0.80115,-4.99679,1.3227,-1.94845
-0.800926,-5.01582,1.32886,-1.96191
-0.800703,-5.03484,1.33503,-1.97536
-0.800479,-5.05387,1.34119,-1.98881
-0.800255,-5.07289,1.34736,-2.00227
-0.800032,-5.09192,1.35353,-2.01572
-0.799808,-5.11094,1.35969,-2.02917
-0.799584,-5.12997,1.36586,-2.04263
-0.79936,-5.14899,1.37202,-2.05608
-0.799137,-5.16801,1.37819,-2.06953
-0.798913,-5.18704,1.38436,-2.08299
-0.798689,-5.20606,1.39052,-2.09644
-0.798465,-5.22509,1.39669,-2.10989
-0.798242,-5.24411,1.40285,-2.12335
-0.798018,-5.26314,1.40902,-2.1368
-0.797794,-5.28216,1.41519,-2.15025
-0.79757,-5.30119,1.42135,-2.16371
-0.797347,-5.32021,1.42752,-2.17716
-0.797123,-5.33923,1.43369,-2.19062
-0.796899,-5.35826,1.43985,-2.20407
-0.796676,-5.37728,1.44602,-2.21752
-0.796452,-5.39631,1.45218,-2.23098
-0.796228,-5.41533,1.45835,-2.24443
-0.796004,-5.43436,1.46452,-2.25788
-0.795781,-5.45338,1.47068,-2.27134
-0.795557,-5.47241,1.47685,-2.28479
-0.795333,-5.49143,1.48301,-2.29824
-0.795109,-5.51045,1.48918,-2.3117
-0.794886,-5.52948,1.49535,-2.32515
-0.794662,-5.5485,1.50151,-2.3386
-0.794438,-5.56753,1.50768,-2.35206
-0.794215,-5.58655,1.51384,-2.36551
-0.793991,-5.60558,1.52001,-2.37896
-0.793767,-5.6246,1.52618,-2.39242
-0.793543,-5.64363,1.53234,-2.40587
-0.79332,-5.66265,1.53851,-2.41932
-0.793096,-5.68167,1.54467,-2.43278
-0.792872,-5.7007,1.55084,-2.44623
-0.792648,-5.71972,1.55701,-2.45969
-0.792425,-5.73875,1.56317,-2.47314
-0.792201,-5.75777,1.56934,-2.48659
-0.791977,-5.7768,1.5755,-2.50005
-0.791754,-5.79582,1.58167,-2.5135
-0.79153,-5.81485,1.58784,-2.52695
-0.791306,-5.83387,1.594,-2.54041
-0.791082,-5.85289,1.60017,-2.55386
-0.790859,-5.87192,1.60633,-2.56731
-0.790635,-5.89094,1.6125,-2.58077
-0.790411,-5.90997,1.61867,-2.59422
-0.790187,-5.92899,1.62483,-2.60767
-0.773378,-5.93308,1.63487,-2.68758
-0.756569,-5.93716,1.64491,-2.76748
-0.739759,-5.94125,1.65495,-2.84738
-0.72295,-5.94533,1.66498,-2.92728
-0.70614,-5.94942,1.67502,-3.00718
-0.689331,-5.9535,1.68506,-3.08708
-0.672522,-5.95759,1.6951,3.1162
-0.655712,-5.96167,1.70513,3.0363
-0.638903,-5.96575,1.71517,2.9564
-0.622093,-5.96984,1.72521,2.8765
-0.605284,-5.97392,1.73525,2.79659
-0.588475,-5.97801,1.74529,2.71669
-0.571665,-5.98209,1.75532,2.63679
-0.554856,-5.98618,1.76536,2.55689
-0.538046,-5.99026,1.7754,2.47699
-0.521237,-5.99435,1.78544,2.39709
-0.504428,-5.99843,1.79548,2.31718
-0.487618,-6.00252,1.80551,2.23728
-0.470809,-6.0066,1.81555,2.15738
-0.453999,-6.01069,1.82559,2.07748
-0.43719,-6.01477,1.83563,1.99758
-0.420381,-6.01885,1.84567,1.91768
-0.403571,-6.02294,1.8557,1.83777
-0.386762,-6.02702,1.86574,1.75787
-0.369952,-6.03111,1.87578,1.67797
-0.353143,-6.03519,1.88582,1.59807
-0.336333,-6.03928,1.89586,1.51817
-0.319524,-6.04336,1.90589,1.43827
-0.302715,-6.04745,1.91593,1.35837
-0.285905,-6.05153,1.92597,1.27846
-0.269096,-6.05562,1.93601,1.19856
-0.252286,-6.0597,1.94604,1.11866
-0.235477,-6.06379,1.95608,1.03876
-0.218668,-6.06787,1.96612,0.958858
-0.210005,-6.06998,1.97129,0.917679
-0.229267,-6.07535,1.97158,0.936015
-0.248529,-6.08073,1.97186,0.95435
-0.267791,-6.0861,1.97215,0.972686
-0.287053,-6.09148,1.97243,0.991021
-0.306315,-6.09685,1.97272,1.00936
-0.325576,-6.10223,1.973,1.02769
-0.344838,-6.1076,1.97328,1.04603
-0.3641,-6.11298,1.97357,1.06436
-0.383362,-6.11835,1.97385,1.0827
-0.402624,-6.12373,1.97414,1.10103
-0.421886,-6.12911,1.97442,1.11937
-0.441148,-6.13448,1.9747,1.13771
-0.46041,-6.13986,1.97499,1.15604
-0.479672,-6.14523,1.97527,1.17438
-0.498934,-6.15061,1.97556,1.19271
-0.518196,-6.15598,1.97584,1.21105
-0.537458,-6.16136,1.97613,1.22938
-0.55672,-6.16673,1.97641,1.24772
-0.575982,-6.17211,1.97669,1.26606
-0.595244,-6.17748,1.97698,1.28439
-0.614506,-6.18286,1.97726,1.30273
-0.633768,-6.18824,1.97755,1.32106
-0.65303,-6.19361,1.97783,1.3394
-0.672292,-6.19899,1.97812,1.35773
-0.691554,-6.20436,1.9784,1.37607
-0.710816,-6.20974,1.97868,1.3944
-0.730078,-6.21511,1.97897,1.41274
-0.74934,-6.22049,1.97925,1.43108
-0.768602,-6.22586,1.97954,1.44941
-0.787864,-6.23124,1.97982,1.46775
-0.807126,-6.23661,1.98011,1.48608
-0.826388,-6.24199,1.98039,1.50442
-0.84565,-6.24737,1.98067,1.52275
-0.864912,-6.25274,1.98096,1.54109
-0.884174,-6.25812,1.98124,1.55942
-0.903436,-6.26349,1.98153,1.57776
-0.922698,-6.26887,1.98181,1.5961
-0.941959,-6.27424,1.9821,1.61443
-0.961221,-6.27962,1.98238,1.63277
-0.980483,-6.28499,1.98266,1.6511
-0.999745,-6.29037,1.98295,1.66944
-1.01901,-6.29575,1.98323,1.68777
-1.03827,-6.30112,1.98352,1.70611
-1.05753,-6.3065,1.9838,1.72444
-1.07679,-6.31187,1.98409,1.74278
-1.09606,-6.31725,1.98437,1.76112
-1.11532,-6.32262,1.98465,1.77945
-1.13458,-6.328,1.98494,1.79779
-1.15384,-6.33337,1.98522,1.81612
-1.1731,-6.33875,1.98551,1.83446
-1.18519,-6.32281,1.98541,1.8201
-1.19728,-6.30688,1.98532,1.80574
-1.20936,-6.29095,1.98522,1.79139
-1.22145,-6.27501,1.98512,1.77703
-1.23354,-6.25908,1.98503,1.76267
-1.24563,-6.24315,1.98493,1.74832
-1.25771,-6.22721,1.98484,1.73396
-1.2698,-6.21128,1.98474,1.7196
-1.28189,-6.19534,1.98464,1.70525
-1.29398,-6.17941,1.98455,1.69089
-1.30606,-6.16348,1.98445,1.67653
-1.31815,-6.14754,1.98436,1.66218
-1.33024,-6.13161,1.98426,1.64782
-1.34232,-6.11567,1.98416,1.63346
-1.35441,-6.09974,1.98407,1.61911
-1.3665,-6.08381,1.98397,1.60475
-1.37859,-6.06787,1.98387,1.59039
-1.39067,-6.05194,1.98378,1.57604
-1.40276,-6.036,1.98368,1.56168
-1.41485,-6.02007,1.98359,1.54732
-1.42693,-6.00414,1.98349,1.53296
-1.43902,-5.9882,1.98339,1.51861
-1.45111,-5.97227,1.9833,1.50425
-1.4632,-5.95633,1.9832,1.48989
-1.47528,-5.9404,1.98311,1.47554
-1.48737,-5.92447,1.98301,1.46118
-1.49946,-5.90853,1.98291,1.44682
-1.51155,-5.8926,1.98282,1.43247
-1.52363,-5.87666,1.98272,1.41811
-1.53572,-5.86073,1.98263,1.40375
-1.54781,-5.8448,1.98253,1.3894
-1.55989,-5.82886,1.98243,1.37504
-1.57198,-5.81293,1.98234,1.36068
-1.58407,-5.797,1.98224,1.34633
-1.59616,-5.78106,1.98215,1.33197
-1.60824,-5.76513,1.98205,1.31761
-1.62033,-5.74919,1.98195,1.30326
-1.63242,-5.73326,1.98186,1.2889
-1.6445,-5.71733,1.98176,1.27454
-1.65659,-5.70139,1.98167,1.26019
-1.66868,-5.68546,1.98157,1.24583
-1.68077,-5.66952,1.98147,1.23147
-1.69285,-5.65359,1.98138,1.21711
-1.70494,-5.63766,1.98128,1.20276
-1.71703,-5.62172,1.98119,1.1884
-1.72911,-5.60579,1.98109,1.17404
-1.7412,-5.58985,1.98099,1.15969
-1.75329,-5.57392,1.9809,1.14533
-1.76538,-5.55799,1.9808,1.13097
-1.77746,-5.54205,1.98071,1.11662
-1.77093,-5.52321,1.98219,1.06059
-1.76439,-5.50437,1.98367,1.00457
-1.75785,-5.48552,1.98516,0.94854
-1.75131,-5.46668,1.98664,0.892514
-1.74477,-5.44784,1.98812,0.836489
-1.73824,-5.429,1.98961,0.780463
-1.7317,-5.41015,1.99109,0.724437
-1.72516,-5.39131,1.99258,0.668412
-1.71862,-5.37247,1.99406,0.612386
-1.71208,-5.35362,1.99554,0.55636
-1.70554,-5.33478,1.99703,0.500335
-1.69901,-5.31594,1.99851,0.444309
-1.69247,-5.2971,1.99999,0.388283
-1.68593,-5.27825,2.00148,0.332258
-1.67939,-5.25941,2.00296,0.276232
-1.67285,-5.24057,2.00445,0.220207
-1.66632,-5.22172,2.00593,0.164181
-1.65978,-5.20288,2.00741,0.108155
-1.65324,-5.18404,2.0089,0.0521296
-1.6467,-5.1652,2.01038,-0.00389607
-1.64016,-5.14635,2.01186,-0.0599217
-1.63363,-5.12751,2.01335,-0.115947
-1.62709,-5.10867,2.01483,-0.171973
-1.62055,-5.08982,2.01632,-0.227999
-1.61401,-5.07098,2.0178,-0.284024
-1.60747,-5.05214,2.01928,-0.34005
-1.60093,-5.0333,2.02077,-0.396076
-1.5944,-5.01445,2.02225,-0.452101
-1.58786,-4.99561,2.02373,-0.508127
-1.58132,-4.97677,2.02522,-0.564152
-1.57478,-4.95793,2.0267,-0.620178
-1.56824,-4.93908,2.02819,-0.676204
-1.56171,-4.92024,2.02967,-0.732229
-1.55517,-4.9014,2.03115,-0.788255
-1.54863,-4.88255,2.03264,-0.844281
-1.54209,-4.86371,2.03412,-0.900306
-1.53555,-4.84487,2.0356,-0.956332
-1.52902,-4.82603,2.03709,-1.01236
-1.52248,-4.80718,2.03857,-1.06838
-1.51594,-4.78834,2.04006,-1.12441
-1.5094,-4.7695,2.04154,-1.18043
-1.50286,-4.75065,2.04302,-1.23646
-1.49633,-4.73181,2.04451,-1.29249
-1.48979,-4.71297,2.04599,-1.34851
-1.48325,-4.69413,2.04747,-1.40454
-1.47671,-4.67528,2.04896,-1.46056
-1.47017,-4.65644,2.05044,-1.51659
-1.46363,-4.6376,2.05193,-1.57261
-1.4571,-4.61875,2.05341,-1.62864
-1.45056,-4.59991,2.05489,-1.68467
-1.46611,-4.58737,2.054,-1.74136
-1.48166,-4.57482,2.0531,-1.79805
-1.49721,-4.56227,2.05221,-1.85474
-1.51276,-4.54973,2.05131,-1.91143
-1.52831,-4.53718,2.05042,-1.96812
-1.54386,-4.52464,2.04953,-2.02481
-1.55941,-4.51209,2.04863,-2.0815
-1.57496,-4.49955,2.04774,-2.13819
-1.59051,-4.487,2.04684,-2.19488
-1.60606,-4.47446,2.04595,-2.25157
-1.62161,-4.46191,2.04505,-2.30826
-1.63716,-4.44936,2.04416,-2.36495
-1.65271,-4.43682,2.04326,-2.42164
-1.66826,-4.42427,2.04237,-2.47834
-1.68381,-4.41173,2.04147,-2.53503
-1.69936,-4.39918,2.04058,-2.59172
-1.71491,-4.38664,2.03968,-2.64841
-1.73046,-4.37409,2.03879,-2.7051
-1.74601,-4.36155,2.03789,-2.76179
-1.76156,-4.349,2.037,-2.81848
-1.77711,-4.33645,2.03611,-2.87517
-1.79266,-4.32391,2.03521,-2.93186
-1.80821,-4.31136,2.03432,-2.98855
-1.82376,-4.29882,2.03342,-3.04524
-1.83931,-4.28627,2.03253,-3.10193
-1.85486,-4.27373,2.03163,3.12456
-1.87041,-4.26118,2.03074,3.06787
-1.88596,-4.24864,2.02984,3.01118
-1.90151,-4.23609,2.02895,2.95449
-1.91706,-4.22354,2.02805,2.8978
-1.93261,-4.211,2.02716,2.84111
-1.94816,-4.19845,2.02626,2.78442
-1.96371,-4.18591,2.02537,2.72773
-1.97926,-4.17336,2.02447,2.67104
-1.99481,-4.16082,2.02358,2.61435
-2.01036,-4.14827,2.02269,2.55765
-2.02591,-4.13573,2.02179,2.50096
-2.04147,-4.12318,2.0209,2.44427
-2.05702,-4.11063,2.02,2.38758
-2.07257,-4.09809,2.01911,2.33089
-2.08812,-4.08554,2.01821,2.2742
-2.10367,-4.073,2.01732,2.21751
-2.11922,-4.06045,2.01642,2.16082
-2.13477,-4.04791,2.01553,2.10413
-2.15032,-4.03536,2.01463,2.04744
-2.16587,-4.02282,2.01374,1.99075
-2.18142,-4.01027,2.01284,1.93406
-2.19697,-3.99772,2.01195,1.87737
-2.21252,-3.98518,2.01105,1.82068
-2.22807,-3.97263,2.01016,1.76399
-2.24124,-3.96053,2.00121,1.79163
-2.25441,-3.94843,1.99226,1.81928
-2.26758,-3.93633,1.98331,1.84693
-2.28074,-3.92423,1.97436,1.87457
-2.29391,-3.91212,1.96541,1.90222
-2.30708,-3.90002,1.95646,1.92987
-2.32025,-3.88792,1.94751,1.95752
-2.33342,-3.87582,1.93855,1.98516
-2.34659,-3.86372,1.9296,2.01281
-2.35976,-3.85161,1.92065,2.04046
-2.37293,-3.83951,1.9117,2.06811
-2.3861,-3.82741,1.90275,2.09575
-2.39927,-3.81531,1.8938,2.1234
-2.41244,-3.80321,1.88485,2.15105
-2.42561,-3.7911,1.8759,2.1787
-2.43878,-3.779,1.86695,2.20634
-2.45194,-3.7669,1.858,2.23399
-2.46511,-3.7548,1.84905,2.26164
-2.47828,-3.7427,1.8401,2.28929
-2.49145,-3.73059,1.83115,2.31693
-2.50462,-3.71849,1.8222,2.34458
-2.51779,-3.70639,1.81325,2.37223
-2.53096,-3.69429,1.8043,2.39987
-2.54413,-3.68219,1.79534,2.42752
-2.5573,-3.67008,1.78639,2.45517
-2.57047,-3.65798,1.77744,2.48282
-2.58364,-3.64588,1.76849,2.51046
-2.59681,-3.63378,1.75954,2.53811
-2.60998,-3.62168,1.75059,2.56576
-2.62314,-3.60957,1.74164,2.59341
-2.63631,-3.59747,1.73269,2.62105
-2.64948,-3.58537,1.72374,2.6487
-2.66265,-3.57327,1.71479,2.67635
-2.67582,-3.56117,1.70584,2.704
-2.68899,-3.54906,1.69689,2.73164
-2.70216,-3.53696,1.68794,2.75929
-2.71533,-3.52486,1.67899,2.78694
-2.7285,-3.51276,1.67004,2.81459
-2.74167,-3.50066,1.66109,2.84223
-2.75484,-3.48856,1.65213,2.86988
-2.76801,-3.47645,1.64318,2.89753
-2.78118,-3.46435,1.63423,2.92518
-2.79435,-3.45225,1.62528,2.95282
-2.80751,-3.44015,1.61633,2.98047
-2.82068,-3.42805,1.60738,3.00812
-2.83385,-3.41594,1.59843,3.03576
-2.84702,-3.40384,1.58948,3.06341
-2.86019,-3.39174,1.58053,3.09106
-2.87336,-3.37964,1.57158,3.11871
-2.88653,-3.36754,1.56263,-3.13683
-2.89158,-3.34819,1.56205,-3.12307
-2.89662,-3.32885,1.56148,-3.10931
-2.90167,-3.3095,1.5609,-3.09555
-2.90671,-3.29016,1.56033,-3.08179
-2.91176,-3.27081,1.55976,-3.06803
-2.91681,-3.25147,1.55918,-3.05427
-2.92185,-3.23212,1.55861,-3.04051
-2.9269,-3.21278,1.55803,-3.02675
-2.93195,-3.19344,1.55746,-3.01299
-2.93699,-3.17409,1.55688,-2.99923
-2.94204,-3.15475,1.55631,-2.98547
-2.94708,-3.1354,1.55573,-2.97171
-2.95213,-3.11606,1.55516,-2.95795
-2.95718,-3.09671,1.55458,-2.94419
-2.96222,-3.07737,1.55401,-2.93043
-2.96727,-3.05803,1.55344,-2.91667
-2.97231,-3.03868,1.55286,-2.90291
-2.97736,-3.01934,1.55229,-2.88914
-2.98241,-2.99999,1.55171,-2.87538
-2.98745,-2.98065,1.55114,-2.86162
-2.9925,-2.9613,1.55056,-2.84786
-2.99755,-2.94196,1.54999,-2.8341
-3.00259,-2.92261,1.54941,-2.82034
-3.00764,-2.90327,1.54884,-2.80658
-3.01268,-2.88393,1.54826,-2.79282
-3.01773,-2.86458,1.54769,-2.77906
-3.02278,-2.84524,1.54712,-2.7653
-3.02782,-2.82589,1.54654,-2.75154
-3.03287,-2.80655,1.54597,-2.73778
-3.03791,-2.7872,1.54539,-2.72402
-3.04296,-2.76786,1.54482,-2.71026
-3.04801,-2.74851,1.54424,-2.6965
-3.05305,-2.72917,1.54367,-2.68274
-3.0581,-2.70983,1.54309,-2.66898
-3.06314,-2.69048,1.54252,-2.65522
-3.06819,-2.67114,1.54194,-2.64146
-3.07324,-2.65179,1.54137,-2.6277
-3.07828,-2.63245,1.54079,-2.61394
-3.08333,-2.6131,1.54022,-2.60018
-3.08838,-2.59376,1.53965,-2.58642
-3.09342,-2.57441,1.53907,-2.57266
-3.09847,-2.55507,1.5385,-2.5589
-3.10351,-2.53573,1.53792,-2.54514
-3.10856,-2.51638,1.53735,-2.53138
-3.11361,-2.49704,1.53677,-2.51762
-3.11865,-2.47769,1.5362,-2.50386
-3.1237,-2.45835,1.53562,-2.49009
-3.12874,-2.439,1.53505,-2.47633
-3.13379,-2.41966,1.53447,-2.46257
-3.13884,-2.40032,1.5339,-2.44881
-3.13987,-2.38071,1.53773,-2.50723
-3.14091,-2.36111,1.54156,-2.56564
-3.14194,-2.34151,1.54538,-2.62405
-3.14297,-2.3219,1.54921,-2.68246
-3.14401,-2.3023,1.55304,-2.74087
-3.14504,-2.2827,1.55687,-2.79928
-3.14608,-2.26309,1.5607,-2.85769
-3.14711,-2.24349,1.56453,-2.9161
-3.14815,-2.22389,1.56835,-2.97452
-3.14918,-2.20429,1.57218,-3.03293
-3.15021,-2.18468,1.57601,-3.09134
-3.15125,-2.16508,1.57984,3.13343
-3.15228,-2.14548,1.58367,3.07502
-3.15332,-2.12587,1.58749,3.01661
-3.15435,-2.10627,1.59132,2.9582
-3.15538,-2.08667,1.59515,2.89979
-3.15642,-2.06707,1.59898,2.84138
-3.15745,-2.04746,1.60281,2.78297
-3.15849,-2.02786,1.60664,2.72456
-3.15952,-2.00826,1.61046,2.66614
-3.16056,-1.98865,1.61429,2.60773
-3.16159,-1.96905,1.61812,2.54932
-3.16262,-1.94945,1.62195,2.49091
-3.16366,-1.92984,1.62578,2.4325
-3.16469,-1.91024,1.62961,2.37409
-3.16573,-1.89064,1.63343,2.31568
-3.16676,-1.87104,1.63726,2.25726
-3.1678,-1.85143,1.64109,2.19885
-3.16883,-1.83183,1.64492,2.14044
-3.16986,-1.81223,1.64875,2.08203
-3.1709,-1.79262,1.65257,2.02362
-3.17193,-1.77302,1.6564,1.96521
-3.17297,-1.75342,1.66023,1.9068
-3.174,-1.73382,1.66406,1.84838
-3.17504,-1.71421,1.66789,1.78997
-3.17607,-1.69461,1.67172,1.73156
-3.1771,-1.67501,1.67554,1.67315
-3.17814,-1.6554,1.67937,1.61474
-3.17917,-1.6358,1.6832,1.55633
-3.18021,-1.6162,1.68703,1.49792
-3.18124,-1.59659,1.69086,1.4395
-3.18228,-1.57699,1.69468,1.38109
-3.18331,-1.55739,1.69851,1.32268
-3.18434,-1.53779,1.70234,1.26427
-3.18538,-1.51818,1.70617,1.20586
-3.18641,-1.49858,1.71,1.14745
-3.18745,-1.47898,1.71383,1.08904
-3.18848,-1.45937,1.71765,1.03063
-3.18952,-1.43977,1.72148,0.972214
-3.19055,-1.42017,1.72531,0.913802
-3.20799,-1.41057,1.72344,0.926431
-3.22544,-1.40097,1.72156,0.939059
-3.24288,-1.39137,1.71969,0.951688
-3.26033,-1.38177,1.71782,0.964316
-3.27777,-1.37217,1.71594,0.976945
-3.29522,-1.36257,1.71407,0.989573
-3.31266,-1.35297,1.71219,1.0022
-3.33011,-1.34337,1.71032,1.01483
-3.34756,-1.33377,1.70845,1.02746
-3.365,-1.32417,1.70657,1.04009
-3.38245,-1.31457,1.7047,1.05272
-3.39989,-1.30497,1.70283,1.06534
-3.41734,-1.29537,1.70095,1.07797
-3.43478,-1.28577,1.69908,1.0906
-3.45223,-1.27617,1.6972,1.10323
-3.46967,-1.26657,1.69533,1.11586
-3.48712,-1.25697,1.69346,1.12849
-3.50456,-1.24737,1.69158,1.14111
-3.52201,-1.23777,1.68971,1.15374
-3.53945,-1.22817,1.68784,1.16637
-3.5569,-1.21857,1.68596,1.179
-3.57434,-1.20897,1.68409,1.19163
-3.59179,-1.19937,1.68221,1.20426
-3.60923,-1.18977,1.68034,1.21688
-3.62668,-1.18017,1.67847,1.22951
-3.64412,-1.17057,1.67659,1.24214
-3.66157,-1.16097,1.67472,1.25477
-3.67901,-1.15137,1.67285,1.2674
-3.69646,-1.14177,1.67097,1.28003
-3.7139,-1.13217,1.6691,1.29266
-3.73135,-1.12257,1.66723,1.30528
-3.74879,-1.11297,1.66535,1.31791
-3.76624,-1.10337,1.66348,1.33054
-3.78368,-1.09377,1.6616,1.34317
-3.80113,-1.08417,1.65973,1.3558
-3.81857,-1.07457,1.65786,1.36843
-3.83602,-1.06497,1.65598,1.38105
-3.85346,-1.05537,1.65411,1.39368
-3.87091,-1.04577,1.65224,1.40631
-3.88835,-1.03617,1.65036,1.41894
-3.9058,-1.02657,1.64849,1.43157
-3.92324,-1.01697,1.64661,1.4442
-3.94069,-1.00737,1.64474,1.45683
-3.95813,-0.997771,1.64287,1.46945
-3.97558,-0.988171,1.64099,1.48208
-3.99302,-0.978571,1.63912,1.49471
-4.01047,-0.968971,1.63725,1.50734
-4.02791,-0.959371,1.63537,1.51997
-4.04536,-0.949771,1.6335,1.5326
-4.0628,-0.940171,1.63162,1.54522
-4.06584,-0.920406,1.63132,1.52874
-4.06888,-0.90064,1.63102,1.51226
-4.07192,-0.880875,1.63072,1.49578
-4.07496,-0.861109,1.63041,1.4793
-4.078,-0.841344,1.63011,1.46282
-4.08103,-0.821578,1.62981,1.44633
-4.08407,-0.801813,1.62951,1.42985
-4.08711,-0.782047,1.6292,1.41337
-4.09015,-0.762282,1.6289,1.39689
-4.09319,-0.742516,1.6286,1.38041
-4.09623,-0.722751,1.62829,1.36392
-4.09927,-0.702985,1.62799,1.34744
-4.10231,-0.68322,1.62769,1.33096
-4.10534,-0.663454,1.62739,1.31448
-4.10838,-0.643689,1.62708,1.298
-4.11142,-0.623923,1.62678,1.28152
-4.11446,-0.604158,1.62648,1.26503
-4.1175,-0.584392,1.62618,1.24855
-4.12054,-0.564627,1.62587,1.23207
-4.12358,-0.544861,1.62557,1.21559
-4.12662,-0.525096,1.62527,1.19911
-4.12965,-0.50533,1.62496,1.18263
-4.13269,-0.485565,1.62466,1.16614
-4.13573,-0.465799,1.62436,1.14966
-4.13877,-0.446034,1.62406,1.13318
-4.14181,-0.426268,1.62375,1.1167
-4.14485,-0.406503,1.62345,1.10022
-4.14789,-0.386737,1.62315,1.08373
-4.15092,-0.366972,1.62285,1.06725
-4.15396,-0.347207,1.62254,1.05077
-4.157,-0.327441,1.62224,1.03429
-4.16004,-0.307676,1.62194,1.01781
-4.16308,-0.28791,1.62163,1.00133
-4.16612,-0.268145,1.62133,0.984844
-4.16916,-0.248379,1.62103,0.968362
-4.1722,-0.228614,1.62073,0.951881
-4.17523,-0.208848,1.62042,0.935399
-4.17827,-0.189083,1.62012,0.918917
-4.18131,-0.169317,1.61982,0.902435
-4.18435,-0.149552,1.61952,0.885954
-4.18739,-0.129786,1.61921,0.869472
-4.19043,-0.110021,1.61891,0.85299
-4.19347,-0.0902551,1.61861,0.836508
-4.19651,-0.0704896,1.6183,0.820027
-4.19954,-0.0507241,1.618,0.803545
-4.20258,-0.0309586,1.6177,0.787063
-4.20562,-0.0111931,1.6174,0.770581
-4.20866,0.00857237,1.61709,0.7541
-4.2117,0.0283379,1.61679,0.737618
-4.21474,0.0481034,1.61649,0.721136
-4.20656,0.066173,1.61905,0.763777
-4.19838,0.0842427,1.62161,0.806417
-4.1902,0.102312,1.62417,0.849058
-4.18201,0.120382,1.62674,0.891699
-4.17383,0.138452,1.6293,0.934339
-4.16565,0.156521,1.63186,0.97698
-4.15747,0.174591,1.63442,1.01962
-4.14929,0.192661,1.63698,1.06226
-4.14111,0.21073,1.63954,1.1049
-4.13293,0.2288,1.64211,1.14754
-4.12475,0.24687,1.64467,1.19018
-4.11657,0.264939,1.64723,1.23282
-4.10839,0.283009,1.64979,1.27546
-4.10021,0.301079,1.65235,1.31811
-4.09203,0.319149,1.65491,1.36075
-4.08385,0.337218,1.65748,1.40339
-4.07566,0.355288,1.66004,1.44603
-4.06748,0.373358,1.6626,1.48867
-4.0593,0.391427,1.66516,1.53131
-4.05112,0.409497,1.66772,1.57395
-4.04294,0.427567,1.67028,1.61659
-4.03476,0.445636,1.67285,1.65923
-4.02658,0.463706,1.67541,1.70187
-4.0184,0.481776,1.67797,1.74451
-4.01022,0.499845,1.68053,1.78715
-4.00204,0.517915,1.68309,1.82979
-3.99386,0.535985,1.68565,1.87243
-3.98568,0.554054,1.68822,1.91507
-3.9775,0.572124,1.69078,1.95772
-3.96932,0.590194,1.69334,2.00036
-3.96113,0.608263,1.6959,2.043
-3.95295,0.626333,1.69846,2.08564
-3.94477,0.644403,1.70102,2.12828
-3.93659,0.662472,1.70359,2.17092
-3.92841,0.680542,1.70615,2.21356
-3.92023,0.698612,1.70871,2.2562
-3.91205,0.716681,1.71127,2.29884
-3.90387,0.734751,1.71383,2.34148
-3.89569,0.752821,1.71639,2.38412
-3.88751,0.770891,1.71896,2.42676
-3.87933,0.78896,1.72152,2.4694
-3.87115,0.80703,1.72408,2.51204
-3.86297,0.8251,1.72664,2.55468
-3.85479,0.843169,1.7292,2.59733
-3.8466,0.861239,1.73176,2.63997
-3.83842,0.879309,1.73433,2.68261
-3.83024,0.897378,1.73689,2.72525
-3.82206,0.915448,1.73945,2.76789
-3.81388,0.933518,1.74201,2.81053
-3.8057,0.951587,1.74457,2.85317
-3.78764,0.959901,1.74245,2.82669
-3.76957,0.968215,1.74032,2.80021
-3.7515,0.976529,1.73819,2.77374
-3.73344,0.984843,1.73606,2.74726
-3.71537,0.993157,1.73393,2.72078
-3.69731,1.00147,1.73181,2.6943
-3.67924,1.00978,1.72968,2.66783
-3.66118,1.0181,1.72755,2.64135
-3.64311,1.02641,1.72542,2.61487
-3.62505,1.03473,1.72329,2.58839
-3.60698,1.04304,1.72117,2.56192
-3.58892,1.05135,1.71904,2.53544
-3.57085,1.05967,1.71691,2.50896
-3.55279,1.06798,1.71478,2.48248
-3.53472,1.0763,1.71266,2.45601
-3.51666,1.08461,1.71053,2.42953
-3.49859,1.09292,1.7084,2.40305
-3.48053,1.10124,1.70627,2.37657
-3.46246,1.10955,1.70414,2.3501
-3.4444,1.11787,1.70202,2.32362
-3.42633,1.12618,1.69989,2.29714
-3.40827,1.13449,1.69776,2.27066
-3.3902,1.14281,1.69563,2.24419
-3.37214,1.15112,1.6935,2.21771
-3.35407,1.15943,1.69138,2.19123
-3.33601,1.16775,1.68925,2.16475
-3.31794,1.17606,1.68712,2.13828
-3.29988,1.18438,1.68499,2.1118
-3.28181,1.19269,1.68287,2.08532
-3.26374,1.201,1.68074,2.05884
-3.24568,1.20932,1.67861,2.03237
-3.22761,1.21763,1.67648,2.00589
-3.20955,1.22595,1.67435,1.97941
-3.19148,1.23426,1.67223,1.95293
-3.17342,1.24257,1.6701,1.92645
-3.15535,1.25089,1.66797,1.89998
-3.13729,1.2592,1.66584,1.8735
-3.11922,1.26752,1.66371,1.84702
-3.10116,1.27583,1.66159,1.82054
-3.08309,1.28414,1.65946,1.79407
-3.06503,1.29246,1.65733,1.76759
-3.04696,1.30077,1.6552,1.74111
-3.0289,1.30908,1.65308,1.71463
-3.01083,1.3174,1.65095,1.68816
-2.99277,1.32571,1.64882,1.66168
-2.9747,1.33403,1.64669,1.6352
-2.95664,1.34234,1.64456,1.60872
-2.93857,1.35065,1.64244,1.58225
-2.92051,1.35897,1.64031,1.55577
-2.90244,1.36728,1.63818,1.52929
-2.91125,1.38119,1.64954,1.5674
-2.92006,1.3951,1.66089,1.6055
-2.92887,1.409,1.67225,1.64361
-2.93768,1.42291,1.6836,1.68171
-2.94649,1.43682,1.69496,1.71982
-2.9553,1.45073,1.70632,1.75792
-2.96411,1.46464,1.71767,1.79602
-2.97292,1.47854,1.72903,1.83413
-2.98173,1.49245,1.74039,1.87223
-2.99054,1.50636,1.75174,1.91034
-2.99935,1.52027,1.7631,1.94844
-3.00816,1.53417,1.77445,1.98655
-3.01697,1.54808,1.78581,2.02465
-3.02578,1.56199,1.79717,2.06276
-3.03459,1.5759,1.80852,2.10086
-3.0434,1.5898,1.81988,2.13897
-3.05221,1.60371,1.83124,2.17707
-3.06102,1.61762,1.84259,2.21518
-3.06983,1.63153,1.85395,2.25328
-3.07864,1.64544,1.8653,2.29139
-3.08745,1.65934,1.87666,2.32949
-3.09626,1.67325,1.88802,2.36759
-3.10507,1.68716,1.89937,2.4057
-3.11388,1.70107,1.91073,2.4438
-3.12269,1.71497,1.92208,2.48191
-3.1315,1.72888,1.93344,2.52001
-3.14031,1.74279,1.9448,2.55812
-3.14912,1.7567,1.95615,2.59622
-3.15793,1.7706,1.96751,2.63433
-3.16674,1.78451,1.97887,2.67243
-3.17555,1.79842,1.99022,2.71054
-3.18436,1.81233,2.00158,2.74864
-3.19317,1.82624,2.01293,2.78675
-3.20198,1.84014,2.02429,2.82485
-3.21079,1.85405,2.03565,2.86296
-3.2196,1.86796,2.047,2.90106
-3.2284,1.88187,2.05836,2.93916
-3.23721,1.89577,2.06972,2.97727
-3.24602,1.90968,2.08107,3.01537
-3.25483,1.92359,2.09243,3.05348
-3.26364,1.9375,2.10378,3.09158
-3.27245,1.9514,2.11514,3.12969
-3.28126,1.96531,2.1265,-3.11539
-3.29007,1.97922,2.13785,-3.07729
-3.29888,1.99313,2.14921,-3.03918
-3.30769,2.00704,2.16056,-3.00108
-3.3165,2.02094,2.17192,-2.96297
-3.32531,2.03485,2.18328,-2.92487
-3.33412,2.04876,2.19463,-2.88676
-3.34293,2.06267,2.20599,-2.84866
-3.33245,2.07969,2.20531,-2.90634
-3.32197,2.09671,2.20463,-2.96403
-3.31149,2.11373,2.20395,-3.02171
-3.30101,2.13075,2.20327,-3.07939
-3.29053,2.14777,2.20259,-3.13708
-3.28005,2.16479,2.20191,3.08842
-3.26957,2.18181,2.20123,3.03074
-3.25909,2.19883,2.20055,2.97306
-3.24861,2.21585,2.19987,2.91537
-3.23813,2.23287,2.19919,2.85769
-3.22764,2.24989,2.19851,2.8
-3.21716,2.26691,2.19784,2.74232
-3.20668,2.28393,2.19716,2.68464
-3.1962,2.30095,2.19648,2.62695
-3.18572,2.31797,2.1958,2.56927
-3.17524,2.33499,2.19512,2.51159
-3.16476,2.35201,2.19444,2.4539
-3.15428,2.36903,2.19376,2.39622
-3.1438,2.38605,2.19308,2.33854
-3.13332,2.40307,2.1924,2.28085
-3.12284,2.42009,2.19172,2.22317
-3.11236,2.43711,2.19104,2.16548
-3.10188,2.45413,2.19036,2.1078
-3.0914,2.47116,2.18968,2.05012
-3.08091,2.48818,2.189,1.99243
-3.07043,2.5052,2.18832,1.93475
-3.05995,2.52222,2.18764,1.87707
-3.04947,2.53924,2.18696,1.81938
-3.03899,2.55626,2.18628,1.7617
-3.02851,2.57328,2.1856,1.70402
-3.01803,2.5903,2.18493,1.64633
-3.00755,2.60732,2.18425,1.58865
-2.99707,2.62434,2.18357,1.53096
-2.98659,2.64136,2.18289,1.47328
-2.97611,2.65838,2.18221,1.4156
-2.96563,2.6754,2.18153,1.35791
-2.95515,2.69242,2.18085,1.30023
-2.94467,2.70944,2.18017,1.24255
-2.93418,2.72646,2.17949,1.18486
-2.9237,2.74348,2.17881,1.12718
-2.91322,2.7605,2.17813,1.06949
-2.90274,2.77752,2.17745,1.01181
-2.89226,2.79454,2.17677,0.954128
-2.88178,2.81156,2.17609,0.896444
-2.8713,2.82858,2.17541,0.83876
-2.86082,2.8456,2.17473,0.781077
-2.85034,2.86262,2.17405,0.723393
-2.83986,2.87964,2.17337,0.665709
-2.82938,2.89666,2.17269,0.608026
-2.8189,2.91368,2.17201,0.550342
-2.79964,2.91889,2.17348,0.6073
-2.78039,2.92409,2.17495,0.664257
-2.76113,2.9293,2.17642,0.721215
-2.74188,2.9345,2.17789,0.778173
-2.72262,2.9397,2.17936,0.835131
-2.70337,2.94491,2.18083,0.892089
-2.68411,2.95011,2.1823,0.949046
-2.66486,2.95532,2.18377,1.006
-2.6456,2.96052,2.18523,1.06296
-2.62634,2.96572,2.1867,1.11992
-2.60709,2.97093,2.18817,1.17688
-2.58783,2.97613,2.18964,1.23384
-2.56858,2.98134,2.19111,1.29079
-2.54932,2.98654,2.19258,1.34775
-2.53007,2.99174,2.19405,1.40471
-2.51081,2.99695,2.19552,1.46167
-2.49156,3.00215,2.19698,1.51862
-2.4723,3.00735,2.19845,1.57558
-2.45305,3.01256,2.19992,1.63254
-2.43379,3.01776,2.20139,1.6895
-2.41454,3.02297,2.20286,1.74646
-2.39528,3.02817,2.20433,1.80341
-2.37603,3.03337,2.2058,1.86037
-2.35677,3.03858,2.20727,1.91733
-2.33752,3.04378,2.20873,1.97429
-2.31826,3.04899,2.2102,2.03124
-2.29901,3.05419,2.21167,2.0882
-2.27975,3.05939,2.21314,2.14516
-2.2605,3.0646,2.21461,2.20212
-2.24124,3.0698,2.21608,2.25908
-2.22199,3.07501,2.21755,2.31603
-2.20273,3.08021,2.21902,2.37299
-2.18348,3.08541,2.22049,2.42995
-2.16422,3.09062,2.22195,2.48691
-2.14497,3.09582,2.22342,2.54386
-2.12571,3.10102,2.22489,2.60082
-2.10645,3.10623,2.22636,2.65778
-2.0872,3.11143,2.22783,2.71474
-2.06794,3.11664,2.2293,2.7717
-2.04869,3.12184,2.23077,2.82865
-2.02943,3.12704,2.23224,2.88561
-2.01018,3.13225,2.2337,2.94257
-1.99092,3.13745,2.23517,2.99953
-1.97167,3.14266,2.23664,3.05648
-1.95241,3.14786,2.23811,3.11344
-1.93316,3.15306,2.23958,-3.11279
-1.9139,3.15827,2.24105,-3.05583
-1.89465,3.16347,2.24252,-2.99887
-1.87539,3.16868,2.24399,-2.94191
-1.85614,3.17388,2.24546,-2.88495
-1.86051,3.15437,2.24596,-2.8277
-1.86487,3.13486,2.24647,-2.77044
-1.86924,3.11535,2.24697,-2.71318
-1.87361,3.09584,2.24748,-2.65592
-1.87798,3.07633,2.24798,-2.59866
-1.88235,3.05682,2.24849,-2.5414
-1.88671,3.0373,2.249,-2.48414
-1.89108,3.01779,2.2495,-2.42688
-1.89545,2.99828,2.25001,-2.36962
-1.89982,2.97877,2.25051,-2.31236
-1.90418,2.95926,2.25102,-2.25511
-1.90855,2.93975,2.25153,-2.19785
-1.91292,2.92024,2.25203,-2.14059
-1.91729,2.90073,2.25254,-2.08333
-1.92166,2.88122,2.25304,-2.02607
-1.92602,2.86171,2.25355,-1.96881
-1.93039,2.8422,2.25406,-1.91155
-1.93476,2.82269,2.25456,-1.85429
-1.93913,2.80318,2.25507,-1.79703
-1.9435,2.78367,2.25557,-1.73977
-1.94786,2.76416,2.25608,-1.68252
-1.95223,2.74465,2.25659,-1.62526
-1.9566,2.72513,2.25709,-1.568
-1.96097,2.70562,2.2576,-1.51074
-1.96534,2.68611,2.2581,-1.45348
-1.9697,2.6666,2.25861,-1.39622
-1.97407,2.64709,2.25912,-1.33896
-1.97844,2.62758,2.25962,-1.2817
-1.98281,2.60807,2.26013,-1.22444
-1.98718,2.58856,2.26063,-1.16718
-1.99154,2.56905,2.26114,-1.10992
-1.99591,2.54954,2.26165,-1.05267
-2.00028,2.53003,2.26215,-0.995407
-2.00465,2.51052,2.26266,-0.938148
-2.00902,2.49101,2.26316,-0.880889
-2.01338,2.4715,2.26367,-0.82363
-2.01775,2.45199,2.26418,-0.766371
-2.02212,2.43248,2.26468,-0.709112
-2.02649,2.41296,2.26519,-0.651853
-2.03086,2.39345,2.26569,-0.594594
-2.03522,2.37394,2.2662,-0.537335
-2.03959,2.35443,2.26671,-0.480076
-2.04396,2.33492,2.26721,-0.422817
-2.04833,2.31541,2.26772,-0.365558
-2.0527,2.2959,2.26822,-0.308299
-2.05706,2.27639,2.26873,-0.251039
-2.06143,2.25688,2.26923,-0.19378
-2.0658,2.23737,2.26974,-0.136521
-2.07017,2.21786,2.27025,-0.0792624
-2.07454,2.19835,2.27075,-0.0220034
-2.05475,2.19551,2.27012,-0.0598796
-2.03496,2.19266,2.26949,-0.0977558
-2.01517,2.18982,2.26886,-0.135632
-1.99539,2.18698,2.26823,-0.173508
-1.9756,2.18414,2.2676,-0.211385
-1.95581,2.1813,2.26696,-0.249261
-1.93603,2.17846,2.26633,-0.287137
-1.91624,2.17562,2.2657,-0.325013
-1.89645,2.17278,2.26507,-0.36289
-1.87666,2.16993,2.26444,-0.400766
-1.85688,2.16709,2.26381,-0.438642
-1.83709,2.16425,2.26318,-0.476518
-1.8173,2.16141,2.26255,-0.514395
-1.79752,2.15857,2.26191,-0.552271
-1.77773,2.15573,2.26128,-0.590147
-1.75794,2.15289,2.26065,-0.628023
-1.73815,2.15004,2.26002,-0.6659
-1.71837,2.1472,2.25939,-0.703776
-1.69858,2.14436,2.25876,-0.741652
-1.67879,2.14152,2.25813,-0.779528
-1.65901,2.13868,2.2575,-0.817404
-1.63922,2.13584,2.25686,-0.855281
-1.61943,2.133,2.25623,-0.893157
-1.59965,2.13016,2.2556,-0.931033
-1.57986,2.12731,2.25497,-0.968909
-1.56007,2.12447,2.25434,-1.00679
-1.54028,2.12163,2.25371,-1.04466
-1.5205,2.11879,2.25308,-1.08254
-1.50071,2.11595,2.25244,-1.12041
-1.48092,2.11311,2.25181,-1.15829
-1.46114,2.11027,2.25118,-1.19617
-1.44135,2.10742,2.25055,-1.23404
-1.42156,2.10458,2.24992,-1.27192
-1.40177,2.10174,2.24929,-1.3098
-1.38199,2.0989,2.24866,-1.34767
-1.3622,2.09606,2.24803,-1.38555
-1.34241,2.09322,2.24739,-1.42342
-1.32263,2.09038,2.24676,-1.4613
-1.30284,2.08753,2.24613,-1.49918
-1.28305,2.08469,2.2455,-1.53705
-1.26327,2.08185,2.24487,-1.57493
-1.24348,2.07901,2.24424,-1.61281
-1.22369,2.07617,2.24361,-1.65068
-1.2039,2.07333,2.24297,-1.68856
-1.18412,2.07049,2.24234,-1.72643
-1.16433,2.06765,2.24171,-1.76431
-1.14454,2.0648,2.24108,-1.80219
-1.12476,2.06196,2.24045,-1.84006
-1.10497,2.05912,2.23982,-1.87794
-1.08518,2.05628,2.23919,-1.91582
-1.06792,2.04634,2.23745,-1.8612
-1.05065,2.03639,2.23572,-1.80659
-1.03338,2.02645,2.23399,-1.75198
-1.01612,2.01651,2.23226,-1.69737
-0.998849,2.00656,2.23052,-1.64276
-0.981583,1.99662,2.22879,-1.58814
-0.964316,1.98668,2.22706,-1.53353
-0.94705,1.97673,2.22532,-1.47892
-0.929783,1.96679,2.22359,-1.42431
-0.912517,1.95685,2.22186,-1.3697
-0.89525,1.94691,2.22013,-1.31508
-0.877984,1.93696,2.21839,-1.26047
-0.860718,1.92702,2.21666,-1.20586
-0.843451,1.91708,2.21493,-1.15125
-0.826185,1.90713,2.21319,-1.09664
-0.808918,1.89719,2.21146,-1.04202
-0.791652,1.88725,2.20973,-0.987412
-0.774385,1.8773,2.208,-0.9328
-0.757119,1.86736,2.20626,-0.878188
-0.739852,1.85742,2.20453,-0.823576
-0.722586,1.84747,2.2028,-0.768964
-0.705319,1.83753,2.20106,-0.714352
-0.688053,1.82759,2.19933,-0.65974
-0.670786,1.81764,2.1976,-0.605128
-0.65352,1.8077,2.19586,-0.550516
-0.636254,1.79776,2.19413,-0.495904
-0.618987,1.78781,2.1924,-0.441292
-0.601721,1.77787,2.19067,-0.38668
-0.584454,1.76793,2.18893,-0.332068
-0.567188,1.75799,2.1872,-0.277456
-0.549921,1.74804,2.18547,-0.222844
-0.532655,1.7381,2.18373,-0.168232
-0.515388,1.72816,2.182,-0.11362
-0.498122,1.71821,2.18027,-0.0590076
-0.480855,1.70827,2.17854,-0.00439561
-0.463589,1.69833,2.1768,0.0502164
-0.446322,1.68838,2.17507,0.104828
-0.429056,1.67844,2.17334,0.15944
-0.41179,1.6685,2.1716,0.214052
-0.394523,1.65855,2.16987,0.268664
-0.377257,1.64861,2.16814,0.323276
-0.35999,1.63867,2.16641,0.377888
-0.342724,1.62872,2.16467,0.4325
-0.325457,1.61878,2.16294,0.487112
-0.308191,1.60884,2.16121,0.541724
-0.290924,1.59889,2.15947,0.596336
-0.273658,1.58895,2.15774,0.650948
-0.256391,1.57901,2.15601,0.70556
-0.239125,1.56907,2.15428,0.760172
-0.221858,1.55912,2.15254,0.814784
-0.22979,1.54078,2.15341,0.834391
-0.237721,1.52244,2.15427,0.853997
-0.245652,1.5041,2.15513,0.873604
-0.253583,1.48576,2.15599,0.89321
-0.261514,1.46742,2.15686,0.912816
-0.269445,1.44908,2.15772,0.932423
-0.277376,1.43074,2.15858,0.952029
-0.285307,1.4124,2.15944,0.971635
-0.293238,1.39406,2.16031,0.991242
-0.301169,1.37572,2.16117,1.01085
-0.3091,1.35738,2.16203,1.03045
-0.317031,1.33904,2.16289,1.05006
-0.324962,1.3207,2.16376,1.06967
-0.332893,1.30236,2.16462,1.08927
-0.340824,1.28402,2.16548,1.10888
-0.348755,1.26568,2.16634,1.12849
-0.356686,1.24734,2.16721,1.14809
-0.364617,1.229,2.16807,1.1677
-0.372548,1.21066,2.16893,1.18731
-0.380479,1.19232,2.16979,1.20691
-0.38841,1.17398,2.17066,1.22652
-0.396341,1.15564,2.17152,1.24612
-0.404272,1.1373,2.17238,1.26573
-0.412203,1.11896,2.17324,1.28534
-0.420134,1.10062,2.17411,1.30494
-0.428065,1.08228,2.17497,1.32455
-0.435996,1.06394,2.17583,1.34416
-0.443927,1.0456,2.17669,1.36376
-0.451858,1.02726,2.17756,1.38337
-0.459789,1.00892,2.17842,1.40298
-0.46772,0.990583,2.17928,1.42258
-0.475651,0.972243,2.18014,1.44219
-0.483582,0.953903,2.18101,1.4618
-0.491513,0.935563,2.18187,1.4814
-0.499444,0.917223,2.18273,1.50101
-0.507375,0.898883,2.18359,1.52061
-0.515306,0.880543,2.18446,1.54022
-0.523237,0.862203,2.18532,1.55983
-0.531168,0.843863,2.18618,1.57943
-0.539099,0.825523,2.18704,1.59904
-0.547031,0.807183,2.18791,1.61865
-0.554962,0.788843,2.18877,1.63825
-0.562893,0.770503,2.18963,1.65786
-0.570824,0.752163,2.19049,1.67747
-0.578755,0.733823,2.19136,1.69707
-0.586686,0.715483,2.19222,1.71668
-0.594617,0.697143,2.19308,1.73628
-0.602548,0.678803,2.19394,1.75589
-0.610479,0.660463,2.19481,1.7755
-0.61841,0.642123,2.19567,1.7951
-0.631497,0.627018,2.19641,1.7756
-0.644585,0.611913,2.19715,1.75609
-0.657673,0.596808,2.1979,1.73658
-0.670761,0.581703,2.19864,1.71708
-0.683848,0.566598,2.19938,1.69757
-0.696936,0.551493,2.20013,1.67806
-0.710024,0.536388,2.20087,1.65856
-0.723112,0.521284,2.20161,1.63905
-0.736199,0.506179,2.20236,1.61954
-0.749287,0.491074,2.2031,1.60004
-0.762375,0.475969,2.20384,1.58053
-0.775463,0.460864,2.20459,1.56103
-0.78855,0.445759,2.20533,1.54152
-0.801638,0.430654,2.20607,1.52201
-0.814726,0.415549,2.20682,1.50251
-0.827814,0.400444,2.20756,1.483
-0.840901,0.385339,2.2083,1.46349
-0.853989,0.370234,2.20904,1.44399
-0.867077,0.355129,2.20979,1.42448
-0.880165,0.340025,2.21053,1.40497
-0.893252,0.32492,2.21127,1.38547
-0.90634,0.309815,2.21202,1.36596
-0.919428,0.29471,2.21276,1.34645
-0.932516,0.279605,2.2135,1.32695
-0.945603,0.2645,2.21425,1.30744
-0.958691,0.249395,2.21499,1.28793
-0.971779,0.23429,2.21573,1.26843
-0.984867,0.219185,2.21648,1.24892
-0.997954,0.20408,2.21722,1.22941
-1.01104,0.188975,2.21796,1.20991
-1.02413,0.17387,2.21871,1.1904
-1.03722,0.158766,2.21945,1.17089
-1.05031,0.143661,2.22019,1.15139
-1.06339,0.128556,2.22094,1.13188
-1.07648,0.113451,2.22168,1.11237
-1.08957,0.0983459,2.22242,1.09287
-1.10266,0.0832409,2.22316,1.07336
-1.11574,0.068136,2.22391,1.05385
-1.12883,0.0530311,2.22465,1.03435
-1.14192,0.0379262,2.22539,1.01484
-1.15501,0.0228213,2.22614,0.995335
-1.1681,0.00771635,2.22688,0.975829
-1.18118,-0.00738857,2.22762,0.956322
-1.19427,-0.0224935,2.22837,0.936816
-1.20736,-0.0375984,2.22911,0.917309
-1.22045,-0.0527033,2.22985,0.897802
-1.23353,-0.0678082,2.2306,0.878296
-1.24662,-0.0829132,2.23134,0.858789
-1.25971,-0.0980181,2.23208,0.839283
-1.2728,-0.113123,2.23283,0.819776
-1.26163,-0.122814,2.21936,0.842387
-1.25046,-0.132506,2.20589,0.864998
-1.23929,-0.142197,2.19243,0.887609
-1.22812,-0.151888,2.17896,0.91022
-1.21695,-0.16158,2.1655,0.932831
-1.20578,-0.171271,2.15203,0.955442
-1.19461,-0.180963,2.13857,0.978053
-1.18344,-0.190654,2.1251,1.00066
-1.17227,-0.200345,2.11164,1.02327
-1.1611,-0.210037,2.09817,1.04589
-1.14993,-0.219728,2.08471,1.0685
-1.13876,-0.229419,2.07124,1.09111
-1.12759,-0.239111,2.05777,1.11372
-1.11642,-0.248802,2.04431,1.13633
-1.10526,-0.258494,2.03084,1.15894
-1.09409,-0.268185,2.01738,1.18155
-1.08292,-0.277876,2.00391,1.20416
-1.07175,-0.287568,1.99045,1.22677
-1.06058,-0.297259,1.97698,1.24938
-1.04941,-0.30695,1.96352,1.272
-1.03824,-0.316642,1.95005,1.29461
-1.02707,-0.326333,1.93658,1.31722
-1.0159,-0.336025,1.92312,1.33983
-1.00473,-0.345716,1.90965,1.36244
-0.993561,-0.355407,1.89619,1.38505
-0.982392,-0.365099,1.88272,1.40766
-0.971222,-0.37479,1.86926,1.43027
-0.960053,-0.384481,1.85579,1.45288
-0.948883,-0.394173,1.84233,1.47549
-0.937714,-0.403864,1.82886,1.49811
-0.926544,-0.413556,1.81539,1.52072
-0.915375,-0.423247,1.80193,1.54333
-0.904205,-0.432938,1.78846,1.56594
-0.893036,-0.44263,1.775,1.58855
-0.881867,-0.452321,1.76153,1.61116
-0.870697,-0.462012,1.74807,1.63377
-0.859528,-0.471704,1.7346,1.65638
-0.848358,-0.481395,1.72114,1.67899
-0.837189,-0.491086,1.70767,1.7016
-0.826019,-0.500778,1.6942,1.72421
-0.81485,-0.510469,1.68074,1.74683
-0.80368,-0.520161,1.66727,1.76944
-0.792511,-0.529852,1.65381,1.79205
-0.781342,-0.539543,1.64034,1.81466
-0.770172,-0.549235,1.62688,1.83727
-0.759003,-0.558926,1.61341,1.85988
-0.747833,-0.568617,1.59995,1.88249
-0.736664,-0.578309,1.58648,1.9051
-0.725494,-0.588,1.57301,1.92771
-0.714325,-0.597692,1.55955,1.95032
-0.705456,-0.615343,1.55642,1.9974
-0.696587,-0.632995,1.5533,2.04447
-0.687718,-0.650646,1.55017,2.09154
-0.678849,-0.668298,1.54705,2.13862
-0.66998,-0.685949,1.54392,2.18569
-0.661111,-0.703601,1.5408,2.23276
-0.652243,-0.721252,1.53767,2.27984
-0.643374,-0.738904,1.53455,2.32691
-0.634505,-0.756555,1.53142,2.37398
-0.625636,-0.774207,1.5283,2.42105
-0.616767,-0.791858,1.52517,2.46813
-0.607898,-0.80951,1.52205,2.5152
-0.599029,-0.827162,1.51892,2.56227
-0.59016,-0.844813,1.5158,2.60935
-0.581291,-0.862465,1.51267,2.65642
-0.572422,-0.880116,1.50955,2.70349
-0.563554,-0.897768,1.50642,2.75057
-0.554685,-0.915419,1.5033,2.79764
-0.545816,-0.933071,1.50017,2.84471
-0.536947,-0.950722,1.49705,2.89178
-0.528078,-0.968374,1.49392,2.93886
-0.519209,-0.986025,1.4908,2.98593
-0.51034,-1.00368,1.48767,3.033
-0.501471,-1.02133,1.48455,3.08008
-0.492602,-1.03898,1.48142,3.12715
-0.483733,-1.05663,1.4783,-3.10896
-0.474865,-1.07428,1.47517,-3.06189
-0.465996,-1.09193,1.47205,-3.01482
-0.457127,-1.10959,1.46892,-2.96774
-0.448258,-1.12724,1.4658,-2.92067
-0.439389,-1.14489,1.46267,-2.8736
-0.43052,-1.16254,1.45955,-2.82653
-0.421651,-1.18019,1.45642,-2.77945
-0.412782,-1.19784,1.4533,-2.73238
-0.403913,-1.2155,1.45017,-2.68531
-0.395045,-1.23315,1.44705,-2.63823
-0.386176,-1.2508,1.44392,-2.59116
-0.377307,-1.26845,1.4408,-2.54409
-0.368438,-1.2861,1.43767,-2.49701
-0.359569,-1.30375,1.43455,-2.44994
-0.3507,-1.3214,1.43142,-2.40287
-0.341831,-1.33906,1.4283,-2.3558
-0.332962,-1.35671,1.42517,-2.30872
-0.324093,-1.37436,1.42205,-2.26165
-0.315224,-1.39201,1.41892,-2.21458
-0.306356,-1.40966,1.4158,-2.1675
-0.297487,-1.42731,1.41267,-2.12043
-0.288618,-1.44497,1.40955,-2.07336
-0.279749,-1.46262,1.40642,-2.02628
-0.27088,-1.48027,1.4033,-1.97921
-0.269256,-1.50004,1.40585,-1.98565
-0.267631,-1.51981,1.4084,-1.9921
-0.266007,-1.53958,1.41095,-1.99854
-0.264382,-1.55935,1.4135,-2.00498
-0.262758,-1.57912,1.41605,-2.01143
-0.261133,-1.59889,1.4186,-2.01787
-0.259509,-1.61866,1.42115,-2.02431
-0.257885,-1.63843,1.4237,-2.03076
-0.25626,-1.6582,1.42625,-2.0372
-0.254636,-1.67797,1.4288,-2.04364
-0.253011,-1.69774,1.43135,-2.05009
-0.251387,-1.71751,1.4339,-2.05653
-0.249763,-1.73728,1.43645,-2.06297
-0.248138,-1.75705,1.439,-2.06942
-0.246514,-1.77682,1.44155,-2.07586
-0.244889,-1.79659,1.4441,-2.0823
-0.243265,-1.81636,1.44665,-2.08875
-0.241641,-1.83613,1.4492,-2.09519
-0.240016,-1.8559,1.45175,-2.10163
-0.238392,-1.87567,1.4543,-2.10808
-0.236767,-1.89544,1.45685,-2.11452
-0.235143,-1.91521,1.4594,-2.12096
-0.233519,-1.93498,1.46195,-2.12741
-0.231894,-1.95475,1.4645,-2.13385
-0.23027,-1.97452,1.46705,-2.14029
-0.228645,-1.99429,1.4696,-2.14674
-0.227021,-2.01406,1.47215,-2.15318
-0.225396,-2.03383,1.4747,-2.15962
-0.223772,-2.0536,1.47725,-2.16607
-0.222148,-2.07337,1.4798,-2.17251
-0.220523,-2.09314,1.48235,-2.17895
-0.218899,-2.11291,1.4849,-2.1854
-0.217274,-2.13268,1.48745,-2.19184
-0.21565,-2.15245,1.49,-2.19828
-0.214026,-2.17222,1.49255,-2.20472
-0.212401,-2.19199,1.4951,-2.21117
-0.210777,-2.21176,1.49765,-2.21761
-0.209152,-2.23153,1.5002,-2.22405
-0.207528,-2.2513,1.50275,-2.2305
-0.205904,-2.27107,1.5053,-2.23694
-0.204279,-2.29084,1.50785,-2.24338
-0.202655,-2.31061,1.5104,-2.24983
-0.20103,-2.33038,1.51295,-2.25627
-0.199406,-2.35015,1.5155,-2.26271
-0.197781,-2.36993,1.51805,-2.26916
-0.196157,-2.3897,1.5206,-2.2756
-0.194533,-2.40947,1.52315,-2.28204
-0.192908,-2.42924,1.5257,-2.28849
-0.191284,-2.44901,1.52825,-2.29493
-0.189659,-2.46878,1.5308,-2.30137
-0.185206,-2.48666,1.52303,-2.2728
-0.180753,-2.50454,1.51526,-2.24422
-0.176299,-2.52243,1.5075,-2.21565
-0.171846,-2.54031,1.49973,-2.18707
-0.167392,-2.5582,1.49197,-2.15849
-0.162939,-2.57608,1.4842,-2.12992
-0.158486,-2.59397,1.47643,-2.10134
-0.154032,-2.61185,1.46867,-2.07277
-0.149579,-2.62974,1.4609,-2.04419
-0.145125,-2.64762,1.45313,-2.01561
-0.140672,-2.66551,1.44537,-1.98704
-0.136219,-2.68339,1.4376,-1.95846
-0.131765,-2.70127,1.42984,-1.92989
-0.127312,-2.71916,1.42207,-1.90131
-0.122858,-2.73704,1.4143,-1.87274
-0.118405,-2.75493,1.40654,-1.84416
-0.113952,-2.77281,1.39877,-1.81558
-0.109498,-2.7907,1.39101,-1.78701
-0.105045,-2.80858,1.38324,-1.75843
-0.100591,-2.82647,1.37547,-1.72986
-0.096138,-2.84435,1.36771,-1.70128
-0.0916846,-2.86223,1.35994,-1.6727
-0.0872312,-2.88012,1.35218,-1.64413
-0.0827778,-2.898,1.34441,-1.61555
-0.0783244,-2.91589,1.33664,-1.58698
-0.073871,-2.93377,1.32888,-1.5584
-0.0694176,-2.95166,1.32111,-1.52983
-0.0649642,-2.96954,1.31334,-1.50125
-0.0605108,-2.98743,1.30558,-1.47267
-0.0560574,-3.00531,1.29781,-1.4441
-0.051604,-3.02319,1.29005,-1.41552
-0.0471506,-3.04108,1.28228,-1.38695
-0.0426972,-3.05896,1.27451,-1.35837
-0.0382438,-3.07685,1.26675,-1.32979
-0.0337904,-3.09473,1.25898,-1.30122
-0.029337,-3.11262,1.25122,-1.27264
-0.0248836,-3.1305,1.24345,-1.24407
-0.0204302,-3.14839,1.23568,-1.21549
-0.0159768,-3.16627,1.22792,-1.18691
-0.0115234,-3.18416,1.22015,-1.15834
-0.00707002,-3.20204,1.21239,-1.12976
-0.00261662,-3.21992,1.20462,-1.10119
0.00183678,-3.23781,1.19685,-1.07261
0.00629018,-3.25569,1.18909,-1.04404
0.0107436,-3.27358,1.18132,-1.01546
0.015197,-3.29146,1.17355,-0.986884
0.0196504,-3.30935,1.16579,-0.958308
0.0241038,-3.32723,1.15802,-0.929732
0.0285572,-3.34512,1.15026,-0.901156
0.0330106,-3.363,1.14249,-0.87258
0.0187711,-3.37647,1.14646,-0.869577
0.00453155,-3.38994,1.15044,-0.866573
-0.00970796,-3.40341,1.15441,-0.863569
-0.0239475,-3.41688,1.15838,-0.860565
-0.038187,-3.43035,1.16235,-0.857561
-0.0524265,-3.44382,1.16632,-0.854557
-0.066666,-3.45729,1.1703,-0.851554
-0.0809055,-3.47076,1.17427,-0.84855
-0.095145,-3.48424,1.17824,-0.845546
-0.109385,-3.49771,1.18221,-0.842542
-0.123624,-3.51118,1.18619,-0.839538
-0.137864,-3.52465,1.19016,-0.836534
-0.152103,-3.53812,1.19413,-0.833531
-0.166343,-3.55159,1.1981,-0.830527
-0.180582,-3.56506,1.20208,-0.827523
-0.194822,-3.57853,1.20605,-0.824519
-0.209061,-3.592,1.21002,-0.821515
-0.223301,-3.60547,1.21399,-0.818511
-0.23754,-3.61894,1.21797,-0.815508
-0.25178,-3.63241,1.22194,-0.812504
-0.266019,-3.64588,1.22591,-0.8095
-0.280259,-3.65935,1.22988,-0.806496
-0.294498,-3.67282,1.23386,-0.803492
-0.308738,-3.68629,1.23783,-0.800488
-0.322977,-3.69976,1.2418,-0.797485
-0.337217,-3.71324,1.24577,-0.794481
-0.351456,-3.72671,1.24974,-0.791477
-0.365696,-3.74018,1.25372,-0.788473
-0.379935,-3.75365,1.25769,-0.785469
-0.394175,-3.76712,1.26166,-0.782465
-0.408414,-3.78059,1.26563,-0.779461
-0.422654,-3.79406,1.26961,-0.776458
-0.436893,-3.80753,1.27358,-0.773454
-0.451133,-3.821,1.27755,-0.77045
-0.465372,-3.83447,1.28152,-0.767446
-0.479612,-3.84794,1.2855,-0.764442
-0.493851,-3.86141,1.28947,-0.761438
-0.508091,-3.87488,1.29344,-0.758435
-0.52233,-3.88835,1.29741,-0.755431
-0.53657,-3.90182,1.30139,-0.752427
-0.550809,-3.91529,1.30536,-0.749423
-0.565049,-3.92876,1.30933,-0.746419
-0.579288,-3.94223,1.3133,-0.743415
-0.593528,-3.95571,1.31728,-0.740412
-0.607768,-3.96918,1.32125,-0.737408
-0.622007,-3.98265,1.32522,-0.734404
-0.636247,-3.99612,1.32919,-0.7314
-0.650486,-4.00959,1.33316,-0.728396
-0.664726,-4.02306,1.33714,-0.725392
-0.678965,-4.03653,1.34111,-0.722389
-0.67146,-4.05374,1.348,-0.761203
-0.663955,-4.07095,1.35488,-0.800018
-0.65645,-4.08816,1.36177,-0.838832
-0.648945,-4.10538,1.36866,-0.877647
-0.64144,-4.12259,1.37554,-0.916461
-0.633935,-4.1398,1.38243,-0.955276
-0.62643,-4.15701,1.38932,-0.99409
-0.618925,-4.17422,1.3962,-1.03291
-0.61142,-4.19144,1.40309,-1.07172
-0.603915,-4.20865,1.40997,-1.11053
-0.59641,-4.22586,1.41686,-1.14935
-0.588905,-4.24307,1.42375,-1.18816
-0.5814,-4.26028,1.43063,-1.22698
-0.573895,-4.2775,1.43752,-1.26579
-0.56639,-4.29471,1.44441,-1.30461
-0.558885,-4.31192,1.45129,-1.34342
-0.55138,-4.32913,1.45818,-1.38224
-0.543875,-4.34634,1.46507,-1.42105
-0.53637,-4.36356,1.47195,-1.45987
-0.528865,-4.38077,1.47884,-1.49868
-0.52136,-4.39798,1.48573,-1.53749
-0.513855,-4.41519,1.49261,-1.57631
-0.50635,-4.4324,1.4995,-1.61512
-0.498845,-4.44962,1.50639,-1.65394
-0.49134,-4.46683,1.51327,-1.69275
-0.483835,-4.48404,1.52016,-1.73157
-0.47633,-4.50125,1.52705,-1.77038
-0.468825,-4.51846,1.53393,-1.8092
-0.46132,-4.53568,1.54082,-1.84801
-0.453815,-4.55289,1.5477,-1.88683
-0.44631,-4.5701,1.55459,-1.92564
-0.438805,-4.58731,1.56148,-1.96445
-0.4313,-4.60452,1.56836,-2.00327
-0.423795,-4.62174,1.57525,-2.04208
-0.41629,-4.63895,1.58214,-2.0809
-0.408785,-4.65616,1.58902,-2.11971
-0.40128,-4.67337,1.59591,-2.15853
-0.393775,-4.69058,1.6028,-2.19734
-0.38627,-4.70779,1.60968,-2.23616
-0.378765,-4.72501,1.61657,-2.27497
-0.37126,-4.74222,1.62346,-2.31379
-0.363755,-4.75943,1.63034,-2.3526
-0.35625,-4.77664,1.63723,-2.39141
-0.348745,-4.79385,1.64412,-2.43023
-0.34124,-4.81107,1.651,-2.46904
-0.333735,-4.82828,1.65789,-2.50786
-0.32623,-4.84549,1.66477,-2.54667
-0.318725,-4.8627,1.67166,-2.58549
-0.31122,-4.87991,1.67855,-2.6243
-0.303715,-4.89713,1.68543,-2.66312
-0.301541,-4.91698,1.68652,-2.70422
-0.299366,-4.93683,1.68761,-2.74533
-0.297191,-4.95668,1.6887,-2.78644
-0.295016,-4.97653,1.68979,-2.82754
-0.292841,-4.99638,1.69088,-2.86865
-0.290667,-5.01624,1.69197,-2.90975
-0.288492,-5.03609,1.69306,-2.95086
-0.286317,-5.05594,1.69415,-2.99197
-0.284142,-5.07579,1.69524,-3.03307
-0.281967,-5.09564,1.69633,-3.07418
-0.279792,-5.11549,1.69742,-3.11529
-0.277618,-5.13534,1.6985,3.12679
-0.275443,-5.1552,1.69959,3.08569
-0.273268,-5.17505,1.70068,3.04458
-0.271093,-5.1949,1.70177,3.00347
-0.268918,-5.21475,1.70286,2.96237
-0.266744,-5.2346,1.70395,2.92126
-0.264569,-5.25445,1.70504,2.88016
-0.262394,-5.27431,1.70613,2.83905
-0.260219,-5.29416,1.70722,2.79794
-0.258044,-5.31401,1.70831,2.75684
-0.25587,-5.33386,1.7094,2.71573
-0.253695,-5.35371,1.71049,2.67462
-0.25152,-5.37356,1.71158,2.63352
-0.249345,-5.39342,1.71266,2.59241
-0.24717,-5.41327,1.71375,2.55131
-0.244996,-5.43312,1.71484,2.5102
-0.242821,-5.45297,1.71593,2.46909
-0.240646,-5.47282,1.71702,2.42799
-0.238471,-5.49267,1.71811,2.38688
-0.236296,-5.51252,1.7192,2.34577
-0.234122,-5.53238,1.72029,2.30467
-0.231947,-5.55223,1.72138,2.26356
-0.229772,-5.57208,1.72247,2.22246
-0.227597,-5.59193,1.72356,2.18135
-0.225422,-5.61178,1.72465,2.14024
-0.223248,-5.63163,1.72574,2.09914
-0.221073,-5.65149,1.72682,2.05803
-0.218898,-5.67134,1.72791,2.01692
-0.216723,-5.69119,1.729,1.97582
-0.214548,-5.71104,1.73009,1.93471
-0.212374,-5.73089,1.73118,1.8936
-0.210199,-5.75074,1.73227,1.8525
-0.208024,-5.77059,1.73336,1.81139
-0.205849,-5.79045,1.73445,1.77029
-0.203674,-5.8103,1.73554,1.72918
-0.2015,-5.83015,1.73663,1.68807
-0.199325,-5.85,1.73772,1.64697
-0.19715,-5.86985,1.73881,1.60586
-0.194975,-5.8897,1.73989,1.56475
-0.176258,-5.89587,1.7433,1.52366
-0.157541,-5.90204,1.74671,1.48256
-0.138824,-5.90821,1.75011,1.44146
-0.120106,-5.91438,1.75352,1.40037
-0.101389,-5.92055,1.75693,1.35927
-0.0826719,-5.92672,1.76033,1.31817
-0.0639547,-5.93289,1.76374,1.27708
-0.0452374,-5.93906,1.76715,1.23598
-0.0265202,-5.94523,1.77055,1.19488
-0.00780301,-5.9514,1.77396,1.15379
0.0109142,-5.95757,1.77736,1.11269
0.0296314,-5.96374,1.78077,1.07159
0.0483486,-5.96991,1.78418,1.0305
0.0670659,-5.97608,1.78758,0.9894
0.0857831,-5.98225,1.79099,0.948304
0.1045,-5.98842,1.7944,0.907207
0.123218,-5.99458,1.7978,0.86611
0.141935,-6.00075,1.80121,0.825013
0.160652,-6.00692,1.80462,0.783917
0.179369,-6.01309,1.80802,0.74282
0.198086,-6.01926,1.81143,0.701723
0.216804,-6.02543,1.81483