-0.498986,-0.498811,1.02318,0.00182357
-0.51057,-0.482507,1.02306,0.0456647
-0.522154,-0.466204,1.02294,0.0895058
-0.533737,-0.4499,1.02282,0.133347
-0.545321,-0.433597,1.0227,0.177188
-0.556904,-0.417293,1.02258,0.221029
-0.568488,-0.40099,1.02246,0.26487
-0.580072,-0.384686,1.02234,0.308712
-0.591655,-0.368382,1.02222,0.352553
-0.603239,-0.352079,1.0221,0.396394
-0.614822,-0.335775,1.02198,0.440235
-0.626406,-0.319472,1.02186,0.484076
-0.637989,-0.303168,1.02174,0.527917
-0.649573,-0.286865,1.02162,0.571758
-0.661157,-0.270561,1.0215,0.6156
-0.67274,-0.254258,1.02138,0.659441
-0.684324,-0.237954,1.02126,0.703282
-0.695907,-0.22165,1.02114,0.747123
-0.707491,-0.205347,1.02102,0.790964
-0.719075,-0.189043,1.0209,0.834805
-0.730658,-0.17274,1.02078,0.878646
-0.742242,-0.156436,1.02066,0.922487
-0.753825,-0.140133,1.02054,0.966329
-0.765409,-0.123829,1.02042,1.01017
-0.776993,-0.107525,1.0203,1.05401
-0.788576,-0.0912219,1.02018,1.09785
-0.80016,-0.0749184,1.02006,1.14169
-0.811743,-0.0586148,1.01994,1.18553
-0.823327,-0.0423112,1.01982,1.22938
-0.83491,-0.0260077,1.0197,1.27322
-0.846494,-0.00970411,1.01958,1.31706
-0.858078,0.00659945,1.01946,1.3609
-0.869661,0.022903,1.01934,1.40474
-0.881245,0.0392066,1.01922,1.44858
-0.892828,0.0555101,1.0191,1.49242
-0.904412,0.0718137,1.01898,1.53626
-0.915996,0.0881172,1.01886,1.5801
-0.927579,0.104421,1.01874,1.62395
-0.939163,0.120724,1.01862,1.66779
-0.950746,0.137028,1.0185,1.71163
-0.96233,0.153331,1.01838,1.75547
-0.973914,0.169635,1.01826,1.79931
-0.985497,0.185939,1.01814,1.84315
-0.997081,0.202242,1.01802,1.88699
-1.00866,0.218546,1.0179,1.93083
-1.02025,0.234849,1.01778,1.97467
-1.03183,0.251153,1.01766,2.01852
-1.04342,0.267456,1.01754,2.06236
-1.055,0.28376,1.01742,2.1062
-1.06658,0.300064,1.0173,2.15004
-1.07817,0.316367,1.01718,2.19388
-1.08979,0.33264,1.01707,2.19388
-1.10142,0.348912,1.01696,2.19388
-1.11305,0.365185,1.01685,2.19388
-1.12467,0.381457,1.01674,2.19388
-1.1363,0.39773,1.01663,2.19388
-1.14793,0.414002,1.01652,2.19388
-1.15956,0.430275,1.01641,2.19388
-1.17118,0.446547,1.01631,2.19388
-1.18281,0.46282,1.0162,2.19388
-1.19444,0.479092,1.01609,2.19388
-1.20607,0.495365,1.01598,2.19388
-1.21769,0.511637,1.01587,2.19388
-1.22932,0.52791,1.01576,2.19388
-1.24095,0.544182,1.01565,2.19388
-1.25258,0.560455,1.01555,2.19388
-1.2642,0.576727,1.01544,2.19388
-1.27583,0.593,1.01533,2.19388
-1.28746,0.609272,1.01522,2.19388
-1.29908,0.625545,1.01511,2.19388
-1.31071,0.641817,1.015,2.19388
-1.32234,0.65809,1.01489,2.19388
-1.33397,0.674362,1.01479,2.19388
-1.34559,0.690635,1.01468,2.19388
-1.35722,0.706907,1.01457,2.19388
-1.36885,0.72318,1.01446,2.19388
-1.38048,0.739452,1.01435,2.19388
-1.3921,0.755725,1.01424,2.19388
-1.40373,0.771997,1.01413,2.19388
-1.41536,0.78827,1.01403,2.19388
-1.42698,0.804542,1.01392,2.19388
-1.43861,0.820815,1.01381,2.19388
-1.45024,0.837087,1.0137,2.19388
-1.46187,0.85336,1.01359,2.19388
-1.47349,0.869632,1.01348,2.19388
-1.48512,0.885905,1.01337,2.19388
-1.49675,0.902177,1.01327,2.19388
-1.50838,0.91845,1.01316,2.19388
-1.52,0.934722,1.01305,2.19388
-1.53163,0.950995,1.01294,2.19388
-1.54326,0.967267,1.01283,2.19388
-1.55488,0.98354,1.01272,2.19388
-1.56651,0.999812,1.01261,2.19388
-1.57814,1.01609,1.01251,2.19388
-1.58977,1.03236,1.0124,2.19388
-1.60139,1.04863,1.01229,2.19388
-1.61302,1.0649,1.01218,2.19388
-1.62465,1.08118,1.01207,2.19388
-1.63628,1.09745,1.01196,2.19388
-1.6479,1.11372,1.01185,2.19388
-1.65953,1.12999,1.01175,2.19388
-1.67118,1.14625,1.01164,2.19388
-1.68283,1.16251,1.01154,2.19388
-1.69448,1.17876,1.01144,2.19388
-1.70613,1.19502,1.01133,2.19388
-1.71778,1.21128,1.01123,2.19388
-1.72942,1.22753,1.01113,2.19388
-1.74107,1.24379,1.01103,2.19388
-1.75272,1.26005,1.01092,2.19388
-1.76437,1.27631,1.01082,2.19388
-1.77602,1.29256,1.01072,2.19388
-1.78767,1.30882,1.01061,2.19388
-1.79932,1.32508,1.01051,2.19388
-1.81097,1.34133,1.01041,2.19388
-1.82262,1.35759,1.01031,2.19388
-1.83427,1.37385,1.0102,2.19388
-1.84592,1.3901,1.0101,2.19388
-1.85756,1.40636,1.01,2.19388
-1.86921,1.42262,1.00989,2.19388
-1.88086,1.43887,1.00979,2.19388
-1.89251,1.45513,1.00969,2.19388
-1.90416,1.47139,1.00959,2.19388
-1.91581,1.48765,1.00948,2.19388
-1.92746,1.5039,1.00938,2.19388
-1.93911,1.52016,1.00928,2.19388
-1.95076,1.53642,1.00917,2.19388
-1.96241,1.55267,1.00907,2.19388
-1.97406,1.56893,1.00897,2.19388
-1.9857,1.58519,1.00887,2.19388
-1.99735,1.60144,1.00876,2.19388
-2.009,1.6177,1.00866,2.19388
-2.02065,1.63396,1.00856,2.19388
-2.0323,1.65021,1.00845,2.19388
-2.04395,1.66647,1.00835,2.19388
-2.0556,1.68273,1.00825,2.19388
-2.06725,1.69899,1.00815,2.19388
-2.0789,1.71524,1.00804,2.19388
-2.09055,1.7315,1.00794,2.19388
-2.1022,1.74776,1.00784,2.19388
-2.11384,1.76401,1.00773,2.19388
-2.12549,1.78027,1.00763,2.19388
-2.13714,1.79653,1.00753,2.19388
-2.14879,1.81278,1.00743,2.19388
-2.16044,1.82904,1.00732,2.19388
-2.17209,1.8453,1.00722,2.19388
-2.18374,1.86156,1.00712,2.19388
-2.19539,1.87781,1.00701,2.19388
-2.20704,1.89407,1.00691,2.19388
-2.21869,1.91033,1.00681,2.19388
-2.23033,1.92658,1.00671,2.19388
-2.24198,1.94284,1.0066,2.19388
-2.25364,1.95909,1.0065,2.19386
-2.26529,1.97535,1.0064,2.19384
-2.27695,1.9916,1.0063,2.19382
-2.2886,2.00785,1.0062,2.1938
-2.30025,2.02411,1.0061,2.19378
-2.31191,2.04036,1.00599,2.19376
-2.32356,2.05661,1.00589,2.19374
-2.33522,2.07287,1.00579,2.19372
-2.34687,2.08912,1.00569,2.1937
-2.35853,2.10537,1.00559,2.19367
-2.37018,2.12163,1.00549,2.19365
-2.38183,2.13788,1.00538,2.19363
-2.39349,2.15413,1.00528,2.19361
-2.40514,2.17039,1.00518,2.19359
-2.4168,2.18664,1.00508,2.19357
-2.42845,2.20289,1.00498,2.19355
-2.4401,2.21915,1.00488,2.19353
-2.45176,2.2354,1.00478,2.19351
-2.46341,2.25165,1.00467,2.19349
-2.47507,2.26791,1.00457,2.19347
-2.48672,2.28416,1.00447,2.19345
-2.49837,2.30041,1.00437,2.19343
-2.51003,2.31667,1.00427,2.19341
-2.52168,2.33292,1.00417,2.19339
-2.53334,2.34917,1.00406,2.19337
-2.54499,2.36543,1.00396,2.19335
-2.55665,2.38168,1.00386,2.19332
-2.5683,2.39793,1.00376,2.1933
-2.57995,2.41419,1.00366,2.19328
-2.59161,2.43044,1.00356,2.19326
-2.60326,2.44669,1.00346,2.19324
-2.61492,2.46295,1.00335,2.19322
-2.62657,2.4792,1.00325,2.1932
-2.63822,2.49545,1.00315,2.19318
-2.64988,2.51171,1.00305,2.19316
-2.66153,2.52796,1.00295,2.19314
-2.67319,2.54421,1.00285,2.19312
-2.68484,2.56047,1.00275,2.1931
-2.6965,2.57672,1.00264,2.19308
-2.70815,2.59297,1.00254,2.19306
-2.7198,2.60923,1.00244,2.19304
-2.73146,2.62548,1.00234,2.19302
-2.74311,2.64173,1.00224,2.193
-2.75477,2.65799,1.00214,2.19298
-2.76642,2.67424,1.00203,2.19295
-2.77807,2.69049,1.00193,2.19293
-2.78973,2.70675,1.00183,2.19291
-2.80138,2.723,1.00173,2.19289
-2.81304,2.73925,1.00163,2.19287
-2.82469,2.75551,1.00153,2.19285
-2.81163,2.74036,1.00152,2.13181
-2.79857,2.72521,1.00152,2.07077
-2.78551,2.71007,1.00152,2.00973
-2.77245,2.69492,1.00151,1.94868
-2.75939,2.67977,1.00151,1.88764
-2.74633,2.66462,1.00151,1.8266
-2.73327,2.64948,1.0015,1.76556
-2.72021,2.63433,1.0015,1.70451
-2.70715,2.61918,1.0015,1.64347
-2.69409,2.60404,1.00149,1.58243
-2.68103,2.58889,1.00149,1.52139
-2.66797,2.57374,1.00149,1.46035
-2.65491,2.55859,1.00148,1.3993
-2.64185,2.54345,1.00148,1.33826
-2.62879,2.5283,1.00148,1.27722
-2.61573,2.51315,1.00147,1.21618
-2.60267,2.49801,1.00147,1.15514
-2.58961,2.48286,1.00147,1.09409
-2.57655,2.46771,1.00146,1.03305
-2.56349,2.45256,1.00146,0.972009
-2.55043,2.43742,1.00146,0.910967
-2.53737,2.42227,1.00145,0.849925
-2.52431,2.40712,1.00145,0.788883
-2.51125,2.39198,1.00144,0.727841
-2.49819,2.37683,1.00144,0.666799
-2.48513,2.36168,1.00144,0.605757
-2.47207,2.34653,1.00143,0.544715
-2.45901,2.33139,1.00143,0.483672
-2.44595,2.31624,1.00143,0.42263
-2.43289,2.30109,1.00142,0.361588
-2.41983,2.28595,1.00142,0.300546
-2.40677,2.2708,1.00142,0.239504
-2.39371,2.25565,1.00141,0.178462
-2.38065,2.2405,1.00141,0.11742
-2.36759,2.22536,1.00141,0.0563776
-2.35453,2.21021,1.0014,-0.00466453
-2.34147,2.19506,1.0014,-0.0657066
-2.32841,2.17992,1.0014,-0.126749
-2.31535,2.16477,1.00139,-0.187791
-2.30229,2.14962,1.00139,-0.248833
-2.28923,2.13447,1.00139,-0.309875
-2.27617,2.11933,1.00138,-0.370917
-2.26311,2.10418,1.00138,-0.431959
-2.25005,2.08903,1.00138,-0.493001
-2.23699,2.07389,1.00137,-0.554044
-2.22393,2.05874,1.00137,-0.615086
-2.21087,2.04359,1.00137,-0.676128
-2.19781,2.02845,1.00136,-0.73717
-2.18475,2.0133,1.00136,-0.798212
-2.17169,1.99815,1.00136,-0.859254
-2.15863,1.983,1.00135,-0.859254
-2.14557,1.96786,1.00135,-0.859254
-2.13251,1.95271,1.00135,-0.859254
-2.11945,1.93756,1.00134,-0.859254
-2.10639,1.92242,1.00134,-0.859254
-2.09333,1.90727,1.00134,-0.859254
-2.08027,1.89212,1.00133,-0.859254
-2.06721,1.87697,1.00133,-0.859254
-2.05415,1.86183,1.00133,-0.859254
-2.04109,1.84668,1.00132,-0.859254
-2.02803,1.83153,1.00132,-0.859254
-2.01497,1.81639,1.00131,-0.859254
-2.00191,1.80124,1.00131,-0.859254
-1.98885,1.78609,1.00131,-0.859254
-1.97579,1.77094,1.0013,-0.859254
-1.96273,1.7558,1.0013,-0.859254
-1.94967,1.74065,1.0013,-0.859254
-1.93661,1.7255,1.00129,-0.859254
-1.92355,1.71036,1.00129,-0.859254
-1.91049,1.69521,1.00129,-0.859254
-1.89743,1.68006,1.00128,-0.859254
-1.88437,1.66491,1.00128,-0.859254
-1.87131,1.64977,1.00128,-0.859254
-1.85825,1.63462,1.00127,-0.859254
-1.84519,1.61947,1.00127,-0.859254
-1.83213,1.60433,1.00127,-0.859254
-1.81907,1.58918,1.00126,-0.859254
-1.80601,1.57403,1.00126,-0.859254
-1.79295,1.55888,1.00126,-0.859254
-1.77989,1.54374,1.00125,-0.859254
-1.76683,1.52859,1.00125,-0.859254
-1.75377,1.51344,1.00125,-0.859254
-1.74071,1.4983,1.00124,-0.859254
-1.72765,1.48315,1.00124,-0.859254
-1.71459,1.468,1.00124,-0.859254
-1.70153,1.45285,1.00123,-0.859254
-1.68847,1.43771,1.00123,-0.859254
-1.67541,1.42256,1.00123,-0.859254
-1.66235,1.40741,1.00122,-0.859254
-1.64929,1.39227,1.00122,-0.859254
-1.63623,1.37712,1.00122,-0.859254
-1.62317,1.36197,1.00121,-0.859254
-1.61011,1.34682,1.00121,-0.859254
-1.59705,1.33168,1.00121,-0.859254
-1.58399,1.31653,1.0012,-0.859254
-1.57093,1.30138,1.0012,-0.859254
-1.55787,1.28624,1.00119,-0.859254
-1.54481,1.27109,1.00119,-0.859254
-1.53175,1.25594,1.00119,-0.859254
-1.51869,1.2408,1.00118,-0.859254
-1.50563,1.22565,1.00118,-0.859254
-1.49257,1.2105,1.00118,-0.859254
-1.47951,1.19535,1.00117,-0.859254
-1.46645,1.18021,1.00117,-0.859254
-1.45339,1.16506,1.00117,-0.859254
-1.44033,1.14991,1.00116,-0.859254
-1.42727,1.13477,1.00116,-0.859254
-1.41421,1.11962,1.00116,-0.859254
-1.40115,1.10447,1.00115,-0.859254
-1.38809,1.08932,1.00115,-0.859254
-1.37503,1.07418,1.00115,-0.859254
-1.36197,1.05903,1.00114,-0.859254
-1.34891,1.04388,1.00114,-0.859254
-1.33584,1.02874,1.00114,-0.859254
-1.32278,1.01359,1.00113,-0.859254
-1.30972,0.998441,1.00113,-0.859254
-1.29666,0.983294,1.00113,-0.859254
-1.2836,0.968147,1.00112,-0.859254
-1.27054,0.953,1.00112,-0.859254
-1.25748,0.937853,1.00112,-0.859254
-1.24442,0.922706,1.00111,-0.859254
-1.23136,0.907559,1.00111,-0.859254
-1.2183,0.892411,1.00111,-0.859254
-1.20524,0.877264,1.0011,-0.859254
-1.19218,0.862117,1.0011,-0.859254
-1.17912,0.84697,1.0011,-0.859254
-1.16606,0.831823,1.00109,-0.859254
-1.153,0.816676,1.00109,-0.859254
-1.13994,0.801529,1.00109,-0.859254
-1.12688,0.786382,1.00108,-0.859254
-1.11382,0.771235,1.00108,-0.859254
-1.10076,0.756087,1.00108,-0.859254
-1.0877,0.74094,1.00107,-0.859254
-1.07464,0.725793,1.00107,-0.859254
-1.06158,0.710646,1.00106,-0.859254
-1.04852,0.695499,1.00106,-0.859254
-1.03546,0.680352,1.00106,-0.859254
-1.0224,0.665205,1.00105,-0.859254
-1.00934,0.650058,1.00105,-0.859254
-0.996284,0.634911,1.00105,-0.859254
-0.983224,0.619763,1.00104,-0.859254
-0.970164,0.604616,1.00104,-0.859254
-0.957104,0.589469,1.00104,-0.859254
-0.944043,0.574322,1.00103,-0.859254
-0.930983,0.559175,1.00103,-0.859254
-0.917923,0.544028,1.00103,-0.859254
-0.904863,0.528881,1.00102,-0.859254
-0.891803,0.513734,1.00102,-0.859254
-0.878743,0.498586,1.00102,-0.859254
-0.865683,0.483439,1.00101,-0.859254
-0.852623,0.468292,1.00101,-0.859254
-0.839563,0.453145,1.00101,-0.859254
-0.826503,0.437998,1.001,-0.859254
-0.813443,0.422851,1.001,-0.859254
-0.800383,0.407704,1.001,-0.859254
-0.787323,0.392557,1.00099,-0.859254
-0.774263,0.37741,1.00099,-0.859254
-0.761203,0.362262,1.00099,-0.859254
-0.748143,0.347115,1.00098,-0.859254
-0.735083,0.331968,1.00098,-0.859254
-0.722023,0.316821,1.00098,-0.859254
-0.708963,0.301674,1.00097,-0.859254
-0.695903,0.286527,1.00097,-0.859254
-0.682842,0.27138,1.00097,-0.859254
-0.669782,0.256233,1.00096,-0.859254
-0.656722,0.241086,1.00096,-0.859254
-0.643662,0.225938,1.00096,-0.859254
-0.630602,0.210791,1.00095,-0.859254
-0.617542,0.195644,1.00095,-0.859254
-0.604482,0.180497,1.00094,-0.859254
-0.591422,0.16535,1.00094,-0.859254
-0.578362,0.150203,1.00094,-0.859254
-0.565302,0.135056,1.00093,-0.859254
-0.552242,0.119909,1.00093,-0.859254
-0.539182,0.104762,1.00093,-0.859254
-0.526122,0.0896144,1.00092,-0.859254
-0.513062,0.0744673,1.00092,-0.859254
-0.500002,0.0593202,1.00092,-0.859254
-0.486942,0.044173,1.00091,-0.859254
-0.473882,0.0290259,1.00091,-0.859254
-0.460822,0.0138788,1.00091,-0.859254
-0.447762,-0.00126829,1.0009,-0.859254
-0.434701,-0.0164154,1.0009,-0.859254
-0.421641,-0.0315625,1.0009,-0.859254
-0.408581,-0.0467096,1.00089,-0.859254
-0.395521,-0.0618568,1.00089,-0.859254
-0.382461,-0.0770039,1.00089,-0.859254
-0.369401,-0.092151,1.00088,-0.859254
-0.356341,-0.107298,1.00088,-0.859254
-0.343281,-0.122445,1.00088,-0.859254
-0.330221,-0.137592,1.00087,-0.859254
-0.317161,-0.152739,1.00087,-0.859254
-0.304101,-0.167887,1.00087,-0.859254
-0.291041,-0.183034,1.00086,-0.859254
-0.277981,-0.198181,1.00086,-0.859254
-0.264921,-0.213328,1.00086,-0.859254
-0.251861,-0.228475,1.00085,-0.859254
-0.238801,-0.243622,1.00085,-0.859254
-0.225741,-0.258769,1.00085,-0.859254
-0.212681,-0.273916,1.00084,-0.859254
-0.21554,-0.292583,1.00743,-0.876354
-0.218399,-0.311249,1.01402,-0.893454
-0.221258,-0.329915,1.0206,-0.910554
-0.224118,-0.348582,1.02719,-0.927654
-0.226977,-0.367248,1.03378,-0.944754
-0.229836,-0.385914,1.04037,-0.961854
-0.232695,-0.40458,1.04695,-0.978954
-0.235555,-0.423247,1.05354,-0.996053
-0.238414,-0.441913,1.06013,-1.01315
-0.241273,-0.460579,1.06672,-1.03025
-0.244132,-0.479246,1.0733,-1.04735
-0.246992,-0.497912,1.07989,-1.06445
-0.249851,-0.516578,1.08648,-1.08155
-0.25271,-0.535245,1.09307,-1.09865
-0.255569,-0.553911,1.09965,-1.11575
-0.258428,-0.572577,1.10624,-1.13285
-0.261288,-0.591244,1.11283,-1.14995
-0.264147,-0.60991,1.11942,-1.16705
-0.267006,-0.628576,1.126,-1.18415
-0.269865,-0.647242,1.13259,-1.20125
-0.272725,-0.665909,1.13918,-1.21835
-0.275584,-0.684575,1.14576,-1.23545
-0.278443,-0.703241,1.15235,-1.25255
-0.281302,-0.721908,1.15894,-1.26965
-0.284162,-0.740574,1.16553,-1.28675
-0.287021,-0.75924,1.17211,-1.30385
-0.28988,-0.777907,1.1787,-1.32095
-0.292739,-0.796573,1.18529,-1.33805
-0.295599,-0.815239,1.19188,-1.35515
-0.298458,-0.833906,1.19846,-1.37225
-0.301317,-0.852572,1.20505,-1.38935
-0.304176,-0.871238,1.21164,-1.40645
-0.307036,-0.889904,1.21823,-1.42355
-0.309895,-0.908571,1.22481,-1.44065
-0.312754,-0.927237,1.2314,-1.45775
-0.315613,-0.945903,1.23799,-1.47485
-0.318473,-0.96457,1.24458,-1.49195
-0.321332,-0.983236,1.25116,-1.50905
-0.324191,-1.0019,1.25775,-1.52615
-0.32705,-1.02057,1.26434,-1.54325
-0.32991,-1.03923,1.27093,-1.56035
-0.332769,-1.0579,1.27751,-1.57745
-0.335628,-1.07657,1.2841,-1.59455
-0.338487,-1.09523,1.29069,-1.61165
-0.341346,-1.1139,1.29727,-1.62875
-0.344206,-1.13257,1.30386,-1.64585
-0.347065,-1.15123,1.31045,-1.66295
-0.349924,-1.1699,1.31704,-1.68005
-0.352783,-1.18857,1.32362,-1.69715
-0.355643,-1.20723,1.33021,-1.71425
-0.349801,-1.22607,1.32689,-1.70545
-0.34396,-1.24491,1.32357,-1.69666
-0.338119,-1.26374,1.32025,-1.68786
-0.332278,-1.28258,1.31693,-1.67906
-0.326436,-1.30142,1.31361,-1.67027
-0.320595,-1.32026,1.31029,-1.66147
-0.314754,-1.3391,1.30697,-1.65267
-0.308912,-1.35793,1.30365,-1.64388
-0.303071,-1.37677,1.30033,-1.63508
-0.29723,-1.39561,1.29701,-1.62628
-0.291389,-1.41445,1.29369,-1.61749
-0.285547,-1.43328,1.29037,-1.60869
-0.279706,-1.45212,1.28705,-1.59989
-0.273865,-1.47096,1.28373,-1.5911
-0.268024,-1.4898,1.28041,-1.5823
-0.262182,-1.50863,1.27709,-1.5735
-0.256341,-1.52747,1.27377,-1.56471
-0.2505,-1.54631,1.27045,-1.55591
-0.244658,-1.56515,1.26713,-1.54711
-0.238817,-1.58398,1.26381,-1.53831
-0.232976,-1.60282,1.26049,-1.52952
-0.227135,-1.62166,1.25717,-1.52072
-0.221293,-1.6405,1.25385,-1.51192
-0.215452,-1.65934,1.25053,-1.50313
-0.209611,-1.67817,1.24721,-1.49433
-0.20377,-1.69701,1.24389,-1.48553
-0.197928,-1.71585,1.24057,-1.47674
-0.192087,-1.73469,1.23725,-1.46794
-0.186246,-1.75352,1.23393,-1.45914
-0.180404,-1.77236,1.23061,-1.45035
-0.174563,-1.7912,1.22729,-1.44155
-0.168722,-1.81004,1.22397,-1.43275
-0.162881,-1.82887,1.22065,-1.42396
-0.157039,-1.84771,1.21734,-1.41516
-0.151198,-1.86655,1.21402,-1.40636
-0.145357,-1.88539,1.2107,-1.39757
-0.139515,-1.90423,1.20738,-1.38877
-0.133674,-1.92306,1.20406,-1.37997
-0.127833,-1.9419,1.20074,-1.37118
-0.121992,-1.96074,1.19742,-1.36238
-0.11615,-1.97958,1.1941,-1.35358
-0.110309,-1.99841,1.19078,-1.34479
-0.104468,-2.01725,1.18746,-1.33599
-0.0986265,-2.03609,1.18414,-1.32719
-0.0927853,-2.05493,1.18082,-1.3184
-0.086944,-2.07376,1.1775,-1.3096
-0.0811027,-2.0926,1.17418,-1.3008
-0.0752614,-2.11144,1.17086,-1.29201
-0.0694202,-2.13028,1.16754,-1.28321
-0.0635789,-2.14912,1.16422,-1.27441
-0.0749322,-2.15504,1.17958,-1.29241
-0.0862855,-2.16097,1.19494,-1.31041
-0.0976388,-2.1669,1.2103,-1.32842
-0.108992,-2.17283,1.22566,-1.34642
-0.120345,-2.17875,1.24102,-1.36442
-0.131699,-2.18468,1.25638,-1.38242
-0.143052,-2.19061,1.27174,-1.40042
-0.154405,-2.19654,1.28711,-1.41842
-0.165759,-2.20247,1.30247,-1.43642
-0.177112,-2.20839,1.31783,-1.45442
-0.188465,-2.21432,1.33319,-1.47242
-0.199819,-2.22025,1.34855,-1.49042
-0.211172,-2.22618,1.36391,-1.50843
-0.222525,-2.23211,1.37927,-1.52643
-0.233878,-2.23803,1.39463,-1.54443
-0.245232,-2.24396,1.40999,-1.56243
-0.256585,-2.24989,1.42535,-1.58043
-0.267938,-2.25582,1.44072,-1.59843
-0.279292,-2.26175,1.45608,-1.61643
-0.290645,-2.26767,1.47144,-1.63443
-0.301998,-2.2736,1.4868,-1.65243
-0.313352,-2.27953,1.50216,-1.67043
-0.324705,-2.28546,1.51752,-1.68844
-0.336058,-2.29138,1.53288,-1.70644
-0.347411,-2.29731,1.54824,-1.72444
-0.358765,-2.30324,1.5636,-1.74244
-0.370118,-2.30917,1.57897,-1.76044
-0.381471,-2.3151,1.59433,-1.77844
-0.392825,-2.32102,1.60969,-1.79644
-0.404178,-2.32695,1.62505,-1.81444
-0.415531,-2.33288,1.64041,-1.83244
-0.426885,-2.33881,1.65577,-1.85044
-0.438238,-2.34474,1.67113,-1.86845
-0.449591,-2.35066,1.68649,-1.88645
-0.460944,-2.35659,1.70185,-1.90445
-0.472298,-2.36252,1.71721,-1.92245
-0.483651,-2.36845,1.73258,-1.94045
-0.495004,-2.37438,1.74794,-1.95845
-0.506358,-2.3803,1.7633,-1.97645
-0.517711,-2.38623,1.77866,-1.99445
-0.529064,-2.39216,1.79402,-2.01245
-0.540418,-2.39809,1.80938,-2.03046
-0.551771,-2.40402,1.82474,-2.04846
-0.563124,-2.40994,1.8401,-2.06646
-0.574478,-2.41587,1.85546,-2.08446
-0.585831,-2.4218,1.87083,-2.10246
-0.597184,-2.42773,1.88619,-2.12046
-0.608537,-2.43365,1.90155,-2.13846
-0.619891,-2.43958,1.91691,-2.15646
-0.631244,-2.44551,1.93227,-2.17446
-0.625331,-2.46457,1.93096,-2.15639
-0.619418,-2.48363,1.92965,-2.13831
-0.613505,-2.50269,1.92834,-2.12023
-0.607591,-2.52175,1.92703,-2.10216
-0.601678,-2.54081,1.92572,-2.08408
-0.595765,-2.55988,1.92441,-2.06601
-0.589852,-2.57894,1.92309,-2.04793
-0.583939,-2.598,1.92178,-2.02985
-0.578026,-2.61706,1.92047,-2.01178
-0.572112,-2.63612,1.91916,-1.9937
-0.566199,-2.65518,1.91785,-1.97562
-0.560286,-2.67424,1.91654,-1.95755
-0.554373,-2.6933,1.91523,-1.93947
-0.54846,-2.71236,1.91392,-1.9214
-0.542547,-2.73142,1.91261,-1.90332
-0.536634,-2.75048,1.9113,-1.88524
-0.53072,-2.76955,1.90999,-1.86717
-0.524807,-2.78861,1.90868,-1.84909
-0.518894,-2.80767,1.90737,-1.83102
-0.512981,-2.82673,1.90606,-1.81294
-0.507068,-2.84579,1.90475,-1.79486
-0.501155,-2.86485,1.90343,-1.77679
-0.495241,-2.88391,1.90212,-1.75871
-0.489328,-2.90297,1.90081,-1.74063
-0.483415,-2.92203,1.8995,-1.72256
-0.477502,-2.94109,1.89819,-1.70448
-0.471589,-2.96015,1.89688,-1.68641
-0.465676,-2.97921,1.89557,-1.66833
-0.459763,-2.99828,1.89426,-1.65025
-0.453849,-3.01734,1.89295,-1.63218
-0.447936,-3.0364,1.89164,-1.6141
-0.442023,-3.05546,1.89033,-1.59602
-0.43611,-3.07452,1.88902,-1.57795
-0.430197,-3.09358,1.88771,-1.55987
-0.424284,-3.11264,1.8864,-1.5418
-0.41837,-3.1317,1.88508,-1.52372
-0.412457,-3.15076,1.88377,-1.50564
-0.406544,-3.16982,1.88246,-1.48757
-0.400631,-3.18888,1.88115,-1.46949
-0.394718,-3.20795,1.87984,-1.45141
-0.388805,-3.22701,1.87853,-1.43334
-0.382891,-3.24607,1.87722,-1.41526
-0.376978,-3.26513,1.87591,-1.39719
-0.371065,-3.28419,1.8746,-1.37911
-0.365152,-3.30325,1.87329,-1.36103
-0.359239,-3.32231,1.87198,-1.34296
-0.353326,-3.34137,1.87067,-1.32488
-0.347413,-3.36043,1.86936,-1.3068
-0.341499,-3.37949,1.86805,-1.28873
-0.335586,-3.39855,1.86673,-1.27065
-0.329542,-3.41749,1.86899,-1.27051
-0.323497,-3.43642,1.87124,-1.27038
-0.317453,-3.45535,1.87349,-1.27024
-0.311409,-3.47428,1.87574,-1.2701
-0.305364,-3.49321,1.87799,-1.26996
-0.29932,-3.51214,1.88024,-1.26983
-0.293276,-3.53107,1.88249,-1.26969
-0.287231,-3.55,1.88475,-1.26955
-0.281187,-3.56894,1.887,-1.26941
-0.275142,-3.58787,1.88925,-1.26928
-0.269098,-3.6068,1.8915,-1.26914
-0.263054,-3.62573,1.89375,-1.269
-0.257009,-3.64466,1.896,-1.26886
-0.250965,-3.66359,1.89825,-1.26873
-0.244921,-3.68252,1.90051,-1.26859
-0.238876,-3.70146,1.90276,-1.26845
-0.232832,-3.72039,1.90501,-1.26831
-0.226788,-3.73932,1.90726,-1.26818
-0.220743,-3.75825,1.90951,-1.26804
-0.214699,-3.77718,1.91176,-1.2679
-0.208654,-3.79611,1.91401,-1.26776
-0.20261,-3.81504,1.91627,-1.26763
-0.196566,-3.83398,1.91852,-1.26749
-0.190521,-3.85291,1.92077,-1.26735
-0.184477,-3.87184,1.92302,-1.26721
-0.178433,-3.89077,1.92527,-1.26708
-0.172388,-3.9097,1.92752,-1.26694
-0.166344,-3.92863,1.92978,-1.2668
-0.160299,-3.94756,1.93203,-1.26666
-0.154255,-3.96649,1.93428,-1.26653
-0.148211,-3.98543,1.93653,-1.26639
-0.142166,-4.00436,1.93878,-1.26625
-0.136122,-4.02329,1.94103,-1.26611
-0.130078,-4.04222,1.94328,-1.26598
-0.124033,-4.06115,1.94554,-1.26584
-0.117989,-4.08008,1.94779,-1.2657
-0.111944,-4.09901,1.95004,-1.26556
-0.1059,-4.11795,1.95229,-1.26543
-0.0998557,-4.13688,1.95454,-1.26529
-0.0938113,-4.15581,1.95679,-1.26515
-0.087767,-4.17474,1.95904,-1.26501
-0.0817226,-4.19367,1.9613,-1.26488
-0.0756782,-4.2126,1.96355,-1.26474
-0.0696338,-4.23153,1.9658,-1.2646
-0.0635895,-4.25047,1.96805,-1.26446
-0.0575451,-4.2694,1.9703,-1.26433
-0.0515007,-4.28833,1.97255,-1.26419
-0.0454564,-4.30726,1.9748,-1.26405
-0.039412,-4.32619,1.97706,-1.26391
-0.0333676,-4.34512,1.97931,-1.26378
-0.0466619,-4.35562,1.96867,-1.28446
-0.0599563,-4.36612,1.95804,-1.30514
-0.0732506,-4.37662,1.94741,-1.32583
-0.0865449,-4.38712,1.93678,-1.34651
-0.0998392,-4.39761,1.92615,-1.36719
-0.113134,-4.40811,1.91551,-1.38787
-0.126428,-4.41861,1.90488,-1.40856
-0.139722,-4.42911,1.89425,-1.42924
-0.153017,-4.43961,1.88362,-1.44992
-0.166311,-4.45011,1.87299,-1.4706
-0.179605,-4.46061,1.86235,-1.49129
-0.1929,-4.4711,1.85172,-1.51197
-0.206194,-4.4816,1.84109,-1.53265
-0.219488,-4.4921,1.83046,-1.55333
-0.232783,-4.5026,1.81982,-1.57402
-0.246077,-4.5131,1.80919,-1.5947
-0.259371,-4.5236,1.79856,-1.61538
-0.272665,-4.5341,1.78793,-1.63607
-0.28596,-4.54459,1.7773,-1.65675
-0.299254,-4.55509,1.76666,-1.67743
-0.312548,-4.56559,1.75603,-1.69811
-0.325843,-4.57609,1.7454,-1.7188
-0.339137,-4.58659,1.73477,-1.73948
-0.352431,-4.59709,1.72414,-1.76016
-0.365726,-4.60758,1.7135,-1.78084
-0.37902,-4.61808,1.70287,-1.80153
-0.392314,-4.62858,1.69224,-1.82221
-0.405609,-4.63908,1.68161,-1.84289
-0.418903,-4.64958,1.67097,-1.86357
-0.432197,-4.66008,1.66034,-1.88426
-0.445492,-4.67058,1.64971,-1.90494
-0.458786,-4.68107,1.63908,-1.92562
-0.47208,-4.69157,1.62845,-1.94631
-0.485375,-4.70207,1.61781,-1.96699
-0.498669,-4.71257,1.60718,-1.98767
-0.511963,-4.72307,1.59655,-2.00835
-0.525258,-4.73357,1.58592,-2.02904
-0.538552,-4.74407,1.57529,-2.04972
-0.551846,-4.75456,1.56465,-2.0704
-0.565141,-4.76506,1.55402,-2.09108
-0.578435,-4.77556,1.54339,-2.11177
-0.591729,-4.78606,1.53276,-2.13245
-0.605024,-4.79656,1.52212,-2.15313
-0.618318,-4.80706,1.51149,-2.17381
-0.631612,-4.81755,1.50086,-2.1945
-0.644907,-4.82805,1.49023,-2.21518
-0.658201,-4.83855,1.4796,-2.23586
-0.671495,-4.84905,1.46896,-2.25655
-0.68479,-4.85955,1.45833,-2.27723
-0.698084,-4.87005,1.4477,-2.29791
-0.69373,-4.88802,1.45531,-2.27898
-0.689375,-4.906,1.46292,-2.26005
-0.685021,-4.92397,1.47053,-2.24111
-0.680666,-4.94195,1.47814,-2.22218
-0.676312,-4.95992,1.48576,-2.20325
-0.671958,-4.9779,1.49337,-2.18432
-0.667603,-4.99587,1.50098,-2.16539
-0.663249,-5.01385,1.50859,-2.14646
-0.658895,-5.03182,1.5162,-2.12752
-0.65454,-5.0498,1.52381,-2.10859
-0.650186,-5.06778,1.53142,-2.08966
-0.645832,-5.08575,1.53903,-2.07073
-0.641477,-5.10373,1.54664,-2.0518
-0.637123,-5.1217,1.55426,-2.03287
-0.632769,-5.13968,1.56187,-2.01393
-0.628414,-5.15765,1.56948,-1.995
-0.62406,-5.17563,1.57709,-1.97607
-0.619705,-5.1936,1.5847,-1.95714
-0.615351,-5.21158,1.59231,-1.93821
-0.610997,-5.22955,1.59992,-1.91927
-0.606642,-5.24753,1.60753,-1.90034
-0.602288,-5.2655,1.61514,-1.88141
-0.597934,-5.28348,1.62275,-1.86248
-0.593579,-5.30145,1.63037,-1.84355
-0.589225,-5.31943,1.63798,-1.82462
-0.584871,-5.3374,1.64559,-1.80568
-0.580516,-5.35538,1.6532,-1.78675
-0.576162,-5.37336,1.66081,-1.76782
-0.571807,-5.39133,1.66842,-1.74889
-0.567453,-5.40931,1.67603,-1.72996
-0.563099,-5.42728,1.68364,-1.71102
-0.558744,-5.44526,1.69125,-1.69209
-0.55439,-5.46323,1.69887,-1.67316
-0.550036,-5.48121,1.70648,-1.65423
-0.545681,-5.49918,1.71409,-1.6353
-0.541327,-5.51716,1.7217,-1.61637
-0.536973,-5.53513,1.72931,-1.59743
-0.532618,-5.55311,1.73692,-1.5785
-0.528264,-5.57108,1.74453,-1.55957
-0.52391,-5.58906,1.75214,-1.54064
-0.519555,-5.60703,1.75975,-1.52171
-0.515201,-5.62501,1.76737,-1.50277
-0.510846,-5.64298,1.77498,-1.48384
-0.506492,-5.66096,1.78259,-1.46491
-0.502138,-5.67894,1.7902,-1.44598
-0.497783,-5.69691,1.79781,-1.42705
-0.493429,-5.71489,1.80542,-1.40812
-0.489075,-5.73286,1.81303,-1.38918
-0.48472,-5.75084,1.82064,-1.37025
-0.480366,-5.76881,1.82825,-1.35132
-0.463623,-5.77735,1.82142,-1.33587
-0.446881,-5.7859,1.81459,-1.32042
-0.430139,-5.79444,1.80775,-1.30497
-0.413396,-5.80298,1.80092,-1.28952
-0.396654,-5.81153,1.79408,-1.27407
-0.379911,-5.82007,1.78725,-1.25862
-0.363169,-5.82861,1.78041,-1.24317
-0.346426,-5.83716,1.77358,-1.22772
-0.329684,-5.8457,1.76675,-1.21227
-0.312941,-5.85424,1.75991,-1.19682
-0.296199,-5.86278,1.75308,-1.18136
-0.279456,-5.87133,1.74624,-1.16591
-0.262714,-5.87987,1.73941,-1.15046
-0.245971,-5.88841,1.73257,-1.13501
-0.229229,-5.89696,1.72574,-1.11956
-0.212487,-5.9055,1.71891,-1.10411
-0.195744,-5.91404,1.71207,-1.08866
-0.179002,-5.92259,1.70524,-1.07321
-0.162259,-5.93113,1.6984,-1.05776
-0.145517,-5.93967,1.69157,-1.04231
-0.128774,-5.94821,1.68473,-1.02686
-0.112032,-5.95676,1.6779,-1.01141
-0.0952893,-5.9653,1.67107,-0.995958
-0.0785469,-5.97384,1.66423,-0.980508
-0.0618044,-5.98239,1.6574,-0.965057
-0.0450619,-5.99093,1.65056,-0.949607
-0.0283195,-5.99947,1.64373,-0.934156
-0.011577,-6.00802,1.63689,-0.918706
0.00516544,-6.01656,1.63006,-0.903255
0.0219079,-6.0251,1.62323,-0.887805
0.0386504,-6.03364,1.61639,-0.872354
0.0553928,-6.04219,1.60956,-0.856903
0.0721353,-6.05073,1.60272,-0.841453
0.0888777,-6.05927,1.59589,-0.826002
0.10562,-6.06782,1.58905,-0.810552
0.122363,-6.07636,1.58222,-0.795101
0.139105,-6.0849,1.57539,-0.779651
0.155848,-6.09345,1.56855,-0.7642
0.17259,-6.10199,1.56172,-0.74875
0.189333,-6.11053,1.55488,-0.733299
0.206075,-6.11907,1.54805,-0.717849
0.222817,-6.12762,1.54121,-0.702398
0.23956,-6.13616,1.53438,-0.686948
0.256302,-6.1447,1.52755,-0.671497
0.273045,-6.15325,1.52071,-0.656046
0.289787,-6.16179,1.51388,-0.640596
0.30653,-6.17033,1.50704,-0.625145
0.323272,-6.17887,1.50021,-0.609695
0.340015,-6.18742,1.49337,-0.594244
0.356757,-6.19596,1.48654,-0.578794
0.37613,-6.20038,1.4888,-0.572238
0.395504,-6.20481,1.49106,-0.565683
0.414877,-6.20923,1.49333,-0.559127
0.43425,-6.21365,1.49559,-0.552571
0.453623,-6.21807,1.49785,-0.546016
0.472996,-6.2225,1.50011,-0.53946
0.49237,-6.22692,1.50238,-0.532905
0.511743,-6.23134,1.50464,-0.526349
0.531116,-6.23577,1.5069,-0.519794
0.550489,-6.24019,1.50916,-0.513238
0.569863,-6.24461,1.51143,-0.506682
0.589236,-6.24903,1.51369,-0.500127
0.608609,-6.25346,1.51595,-0.493571
0.627982,-6.25788,1.51821,-0.487016
0.647355,-6.2623,1.52047,-0.48046
0.666729,-6.26672,1.52274,-0.473905
0.686102,-6.27115,1.525,-0.467349
0.705475,-6.27557,1.52726,-0.460793
0.724848,-6.27999,1.52952,-0.454238
0.744221,-6.28441,1.53179,-0.447682
0.763595,-6.28884,1.53405,-0.441127
0.782968,-6.29326,1.53631,-0.434571
0.802341,-6.29768,1.53857,-0.428016
0.821714,-6.30211,1.54084,-0.42146
0.841088,-6.30653,1.5431,-0.414904
0.860461,-6.31095,1.54536,-0.408349
0.879834,-6.31537,1.54762,-0.401793
0.899207,-6.3198,1.54989,-0.395238
0.91858,-6.32422,1.55215,-0.388682
0.937954,-6.32864,1.55441,-0.382127
0.957327,-6.33306,1.55667,-0.375571
0.9767,-6.33749,1.55893,-0.369015
0.996073,-6.34191,1.5612,-0.36246
1.01545,-6.34633,1.56346,-0.355904
1.03482,-6.35076,1.56572,-0.349349
1.05419,-6.35518,1.56798,-0.342793
1.07357,-6.3596,1.57025,-0.336238
1.09294,-6.36402,1.57251,-0.329682
1.11231,-6.36845,1.57477,-0.323126
1.13169,-6.37287,1.57703,-0.316571
1.15106,-6.37729,1.5793,-0.310015
1.17043,-6.38171,1.58156,-0.30346
1.18981,-6.38614,1.58382,-0.296904
1.20918,-6.39056,1.58608,-0.290348
1.22855,-6.39498,1.58835,-0.283793
1.24793,-6.39941,1.59061,-0.277237
1.2673,-6.40383,1.59287,-0.270682
1.28667,-6.40825,1.59513,-0.264126
1.30604,-6.41267,1.59739,-0.257571
1.32542,-6.4171,1.59966,-0.251015
1.34239,-6.40679,1.60206,-0.23484
1.35936,-6.39648,1.60446,-0.218665
1.37633,-6.38617,1.60686,-0.202491
1.39329,-6.37586,1.60926,-0.186316
1.41026,-6.36555,1.61166,-0.170141
1.42723,-6.35524,1.61406,-0.153966
1.4442,-6.34493,1.61645,-0.137791
1.46117,-6.33462,1.61885,-0.121617
1.47814,-6.32431,1.62125,-0.105442
1.49511,-6.314,1.62365,-0.0892671
1.51208,-6.30369,1.62605,-0.0730923
1.52905,-6.29338,1.62845,-0.0569175
1.54602,-6.28307,1.63085,-0.0407427
1.56299,-6.27276,1.63325,-0.0245679
1.57996,-6.26245,1.63565,-0.00839309
1.59693,-6.25214,1.63805,0.0077817
1.61389,-6.24183,1.64045,0.0239565
1.63086,-6.23152,1.64285,0.0401313
1.64783,-6.22121,1.64525,0.0563061
1.6648,-6.2109,1.64765,0.0724809
1.68177,-6.2006,1.65005,0.0886557
1.69874,-6.19029,1.65245,0.10483
1.71571,-6.17998,1.65485,0.121005
1.73268,-6.16967,1.65725,0.13718
1.74965,-6.15936,1.65965,0.153355
1.76662,-6.14905,1.66205,0.16953
1.78359,-6.13874,1.66445,0.185704
1.80056,-6.12843,1.66685,0.201879
1.81753,-6.11812,1.66925,0.218054
1.83449,-6.10781,1.67165,0.234229
1.85146,-6.0975,1.67405,0.250404
1.86843,-6.08719,1.67645,0.266578
1.8854,-6.07688,1.67885,0.282753
1.90237,-6.06657,1.68125,0.298928
1.91934,-6.05626,1.68365,0.315103
1.93631,-6.04595,1.68605,0.331278
1.95328,-6.03564,1.68845,0.347452
1.97025,-6.02533,1.69085,0.363627
1.98722,-6.01502,1.69325,0.379802
2.00419,-6.00471,1.69564,0.395977
2.02116,-5.9944,1.69804,0.412152
2.03813,-5.98409,1.70044,0.428326
2.05509,-5.97379,1.70284,0.444501
2.07206,-5.96348,1.70524,0.460676
2.08903,-5.95317,1.70764,0.476851
2.106,-5.94286,1.71004,0.493026
2.12297,-5.93255,1.71244,0.5092
2.13994,-5.92224,1.71484,0.525375
2.15691,-5.91193,1.71724,0.54155
2.17388,-5.90162,1.71964,0.557725
2.19317,-5.89676,1.72171,0.551914
2.21246,-5.8919,1.72379,0.546104
2.23175,-5.88705,1.72586,0.540294
2.25104,-5.88219,1.72793,0.534483
2.27033,-5.87733,1.73001,0.528673
2.28962,-5.87248,1.73208,0.522863
2.30891,-5.86762,1.73415,0.517052
2.3282,-5.86276,1.73623,0.511242
2.34749,-5.85791,1.7383,0.505432
2.36678,-5.85305,1.74037,0.499621
2.38607,-5.84819,1.74245,0.493811
2.40536,-5.84334,1.74452,0.488001
2.42465,-5.83848,1.74659,0.48219
2.44394,-5.83362,1.74866,0.47638
2.46323,-5.82877,1.75074,0.47057
2.48252,-5.82391,1.75281,0.464759
2.50181,-5.81905,1.75488,0.458949
2.5211,-5.81419,1.75696,0.453139
2.54039,-5.80934,1.75903,0.447328
2.55968,-5.80448,1.7611,0.441518
2.57897,-5.79962,1.76318,0.435708
2.59826,-5.79477,1.76525,0.429897
2.61755,-5.78991,1.76732,0.424087
2.63685,-5.78505,1.76939,0.418276
2.65614,-5.7802,1.77147,0.412466
2.67543,-5.77534,1.77354,0.406656
2.69472,-5.77048,1.77561,0.400845
2.71401,-5.76563,1.77769,0.395035
2.7333,-5.76077,1.77976,0.389225
2.75259,-5.75591,1.78183,0.383414
2.77188,-5.75106,1.78391,0.377604
2.79117,-5.7462,1.78598,0.371794
2.81046,-5.74134,1.78805,0.365983
2.82975,-5.73648,1.79012,0.360173
2.84904,-5.73163,1.7922,0.354363
2.86833,-5.72677,1.79427,0.348552
2.88762,-5.72191,1.79634,0.342742
2.90691,-5.71706,1.79842,0.336932
2.9262,-5.7122,1.80049,0.331121
2.94549,-5.70734,1.80256,0.325311
2.96478,-5.70249,1.80464,0.319501
2.98407,-5.69763,1.80671,0.31369
3.00336,-5.69277,1.80878,0.30788
3.02265,-5.68792,1.81086,0.30207
3.04194,-5.68306,1.81293,0.296259
3.06123,-5.6782,1.815,0.290449
3.08052,-5.67335,1.81707,0.284639
3.09981,-5.66849,1.81915,0.278828
3.1191,-5.66363,1.82122,0.273018
3.13839,-5.65877,1.82329,0.267207
3.15489,-5.64911,1.81743,0.273875
3.17139,-5.63944,1.81158,0.280542
3.18789,-5.62978,1.80572,0.287209
3.20439,-5.62011,1.79986,0.293876
3.22089,-5.61045,1.794,0.300543
3.23739,-5.60078,1.78814,0.30721
3.25389,-5.59112,1.78228,0.313877
3.27039,-5.58145,1.77643,0.320544
3.28689,-5.57179,1.77057,0.327211
3.3034,-5.56212,1.76471,0.333878
3.3199,-5.55246,1.75885,0.340545
3.3364,-5.54279,1.75299,0.347212
3.3529,-5.53313,1.74713,0.353879
3.3694,-5.52346,1.74128,0.360546
3.3859,-5.5138,1.73542,0.367213
3.4024,-5.50413,1.72956,0.37388
3.4189,-5.49447,1.7237,0.380547
3.4354,-5.4848,1.71784,0.387214
3.4519,-5.47514,1.71198,0.393881
3.4684,-5.46547,1.70613,0.400548
3.4849,-5.4558,1.70027,0.407215
3.5014,-5.44614,1.69441,0.413883
3.5179,-5.43647,1.68855,0.42055
3.5344,-5.42681,1.68269,0.427217
3.5509,-5.41714,1.67683,0.433884
3.5674,-5.40748,1.67098,0.440551
3.5839,-5.39781,1.66512,0.447218
3.6004,-5.38815,1.65926,0.453885
3.6169,-5.37848,1.6534,0.460552
3.6334,-5.36882,1.64754,0.467219
3.6499,-5.35915,1.64168,0.473886
3.6664,-5.34949,1.63583,0.480553
3.6829,-5.33982,1.62997,0.48722
3.6994,-5.33016,1.62411,0.493887
3.7159,-5.32049,1.61825,0.500554
3.73241,-5.31083,1.61239,0.507221
3.74891,-5.30116,1.60653,0.513888
3.76541,-5.2915,1.60068,0.520555
3.78191,-5.28183,1.59482,0.527222
3.79841,-5.27216,1.58896,0.533889
3.81491,-5.2625,1.5831,0.540556
3.83141,-5.25283,1.57724,0.547223
3.84791,-5.24317,1.57138,0.553891
3.86441,-5.2335,1.56553,0.560558
3.88091,-5.22384,1.55967,0.567225
3.89741,-5.21417,1.55381,0.573892
3.91391,-5.20451,1.54795,0.580559
3.93041,-5.19484,1.54209,0.587226
3.94691,-5.18518,1.53623,0.593893
3.96341,-5.17551,1.53038,0.60056
3.95144,-5.16091,1.52379,0.632797
3.93947,-5.1463,1.5172,0.665034
3.9275,-5.1317,1.51061,0.697271
3.91553,-5.11709,1.50402,0.729508
3.90356,-5.10249,1.49743,0.761744
3.89159,-5.08788,1.49084,0.793981
3.87962,-5.07328,1.48425,0.826218
3.86765,-5.05867,1.47766,0.858455
3.85568,-5.04407,1.47107,0.890692
3.84371,-5.02946,1.46448,0.922929
3.83174,-5.01486,1.45789,0.955166
3.81977,-5.00025,1.4513,0.987403
3.8078,-4.98565,1.44471,1.01964
3.79583,-4.97104,1.43812,1.05188
3.78387,-4.95644,1.43153,1.08411
3.7719,-4.94183,1.42494,1.11635
3.75993,-4.92723,1.41835,1.14859
3.74796,-4.91262,1.41176,1.18082
3.73599,-4.89802,1.40517,1.21306
3.72402,-4.88341,1.39859,1.2453
3.71205,-4.86881,1.392,1.27754
3.70008,-4.8542,1.38541,1.30977
3.68811,-4.8396,1.37882,1.34201
3.67614,-4.82499,1.37223,1.37425
3.66417,-4.81039,1.36564,1.40648
3.6522,-4.79578,1.35905,1.43872
3.64023,-4.78118,1.35246,1.47096
3.62826,-4.76657,1.34587,1.50319
3.61629,-4.75197,1.33928,1.53543
3.60432,-4.73736,1.33269,1.56767
3.59235,-4.72276,1.3261,1.5999
3.58038,-4.70815,1.31951,1.63214
3.56841,-4.69355,1.31292,1.66438
3.55644,-4.67895,1.30633,1.69661
3.54447,-4.66434,1.29974,1.72885
3.5325,-4.64974,1.29315,1.76109
3.52053,-4.63513,1.28656,1.79333
3.50856,-4.62053,1.27997,1.82556
3.49659,-4.60592,1.27338,1.8578
3.48462,-4.59132,1.26679,1.89004
3.47265,-4.57671,1.2602,1.92227
3.46068,-4.56211,1.25361,1.95451
3.44871,-4.5475,1.24703,1.98675
3.43674,-4.5329,1.24044,2.01898
3.42477,-4.51829,1.23385,2.05122
3.4128,-4.50369,1.22726,2.08346
3.40083,-4.48908,1.22067,2.11569
3.38886,-4.47448,1.21408,2.14793
3.3769,-4.45987,1.20749,2.18017
3.36493,-4.44527,1.2009,2.21241
3.35059,-4.43172,1.19757,2.21556
3.33626,-4.41818,1.19423,2.21871
3.32192,-4.40464,1.1909,2.22186
3.30759,-4.3911,1.18757,2.22501
3.29325,-4.37755,1.18424,2.22816
3.27892,-4.36401,1.18091,2.23131
3.26458,-4.35047,1.17758,2.23446
3.25025,-4.33692,1.17424,2.23761
3.23591,-4.32338,1.17091,2.24076
3.22157,-4.30984,1.16758,2.24391
3.20724,-4.2963,1.16425,2.24706
3.1929,-4.28275,1.16092,2.25021
3.17857,-4.26921,1.15758,2.25336
3.16423,-4.25567,1.15425,2.25651
3.1499,-4.24213,1.15092,2.25966
3.13556,-4.22858,1.14759,2.26281
3.12123,-4.21504,1.14426,2.26596
3.10689,-4.2015,1.14092,2.26911
3.09256,-4.18795,1.13759,2.27226
3.07822,-4.17441,1.13426,2.27542
3.06389,-4.16087,1.13093,2.27857
3.04955,-4.14733,1.1276,2.28172
3.03522,-4.13378,1.12427,2.28487
3.02088,-4.12024,1.12093,2.28802
3.00655,-4.1067,1.1176,2.29117
2.99221,-4.09316,1.11427,2.29432
2.97788,-4.07961,1.11094,2.29747
2.96354,-4.06607,1.10761,2.30062
2.94921,-4.05253,1.10427,2.30377
2.93487,-4.03898,1.10094,2.30692
2.92054,-4.02544,1.09761,2.31007
2.9062,-4.0119,1.09428,2.31322
2.89187,-3.99836,1.09095,2.31637
2.87753,-3.98481,1.08762,2.31952
2.8632,-3.97127,1.08428,2.32267
2.84886,-3.95773,1.08095,2.32582
2.83453,-3.94419,1.07762,2.32897
2.82019,-3.93064,1.07429,2.33212
2.80586,-3.9171,1.07096,2.33527
2.79152,-3.90356,1.06762,2.33842
2.77719,-3.89001,1.06429,2.34158
2.76285,-3.87647,1.06096,2.34473
2.74852,-3.86293,1.05763,2.34788
2.73418,-3.84939,1.0543,2.35103
2.71985,-3.83584,1.05096,2.35418
2.70551,-3.8223,1.04763,2.35733
2.69118,-3.80876,1.0443,2.36048
2.67684,-3.79522,1.04097,2.36363
2.66251,-3.78167,1.03764,2.36678
2.64817,-3.76813,1.03431,2.36993
2.64908,-3.74815,1.03422,2.35304
2.64998,-3.72817,1.03413,2.33615
2.65089,-3.70819,1.03404,2.31927
2.65179,-3.68821,1.03395,2.30238
2.6527,-3.66823,1.03386,2.28549
2.6536,-3.64825,1.03378,2.2686
2.65451,-3.62827,1.03369,2.25171
2.65541,-3.6083,1.0336,2.23483
2.65632,-3.58832,1.03351,2.21794
2.65722,-3.56834,1.03342,2.20105
2.65813,-3.54836,1.03333,2.18416
2.65903,-3.52838,1.03325,2.16728
2.65994,-3.5084,1.03316,2.15039
2.66084,-3.48842,1.03307,2.1335
2.66175,-3.46844,1.03298,2.11661
2.66265,-3.44846,1.03289,2.09972
2.66356,-3.42848,1.03281,2.08284
2.66446,-3.4085,1.03272,2.06595
2.66537,-3.38852,1.03263,2.04906
2.66627,-3.36854,1.03254,2.03217
2.66718,-3.34856,1.03245,2.01528
2.66808,-3.32858,1.03236,1.9984
2.66899,-3.30861,1.03228,1.98151
2.66989,-3.28863,1.03219,1.96462
2.6708,-3.26865,1.0321,1.94773
2.6717,-3.24867,1.03201,1.93085
2.67261,-3.22869,1.03192,1.91396
2.67351,-3.20871,1.03184,1.89707
2.67442,-3.18873,1.03175,1.88018
2.67532,-3.16875,1.03166,1.86329
2.67622,-3.14877,1.03157,1.84641
2.67713,-3.12879,1.03148,1.82952
2.67803,-3.10881,1.03139,1.81263
2.67894,-3.08883,1.03131,1.79574
2.67984,-3.06885,1.03122,1.77885
2.68075,-3.04887,1.03113,1.76197
2.68165,-3.02889,1.03104,1.74508
2.68256,-3.00892,1.03095,1.72819
2.68346,-2.98894,1.03086,1.7113
2.68437,-2.96896,1.03078,1.69442
2.68527,-2.94898,1.03069,1.67753
2.68618,-2.929,1.0306,1.66064
2.68708,-2.90902,1.03051,1.64375
2.68799,-2.88904,1.03042,1.62686
2.68889,-2.86906,1.03034,1.60998
2.6898,-2.84908,1.03025,1.59309
2.6907,-2.8291,1.03016,1.5762
2.69161,-2.80912,1.03007,1.55931
2.69251,-2.78914,1.02998,1.54242
2.69342,-2.76916,1.02989,1.52554
2.69432,-2.74918,1.02981,1.52554
2.69523,-2.72921,1.02972,1.52554
2.69613,-2.70923,1.02963,1.52554
2.69704,-2.68925,1.02954,1.52554
2.69794,-2.66927,1.02945,1.52554
2.69885,-2.64929,1.02936,1.52554
2.69975,-2.62931,1.02928,1.52554
2.70066,-2.60933,1.02919,1.52554
2.70156,-2.58935,1.0291,1.52554
2.70247,-2.56937,1.02901,1.52554
2.70337,-2.54939,1.02892,1.52554
2.70428,-2.52941,1.02884,1.52554
2.70518,-2.50943,1.02875,1.52554
2.70609,-2.48945,1.02866,1.52554
2.70699,-2.46947,1.02857,1.52554
2.7079,-2.44949,1.02848,1.52554
2.7088,-2.42952,1.02839,1.52554
2.70971,-2.40954,1.02831,1.52554
2.71061,-2.38956,1.02822,1.52554
2.71152,-2.36958,1.02813,1.52554
2.71242,-2.3496,1.02804,1.52554
2.71333,-2.32962,1.02795,1.52554
2.71423,-2.30964,1.02786,1.52554
2.71513,-2.28966,1.02778,1.52554
2.71604,-2.26968,1.02769,1.52554
2.71694,-2.2497,1.0276,1.52554
2.71785,-2.22972,1.02751,1.52554
2.71875,-2.20974,1.02742,1.52554
2.71966,-2.18976,1.02734,1.52554
2.72056,-2.16978,1.02725,1.52554
2.72147,-2.1498,1.02716,1.52554
2.72237,-2.12983,1.02707,1.52554
2.72328,-2.10985,1.02698,1.52554
2.72418,-2.08987,1.02689,1.52554
2.72509,-2.06989,1.02681,1.52554
2.72599,-2.04991,1.02672,1.52554
2.7269,-2.02993,1.02663,1.52554
2.7278,-2.00995,1.02654,1.52554
2.72871,-1.98997,1.02645,1.52554
2.72961,-1.96999,1.02636,1.52554
2.73052,-1.95001,1.02628,1.52554
2.73142,-1.93003,1.02619,1.52554
2.73233,-1.91005,1.0261,1.52554
2.73323,-1.89007,1.02601,1.52554
2.73414,-1.87009,1.02592,1.52554
2.73504,-1.85011,1.02584,1.52554
2.73595,-1.83014,1.02575,1.52554
2.73685,-1.81016,1.02566,1.52554
2.73776,-1.79018,1.02557,1.52554
2.73866,-1.7702,1.02548,1.52554
2.75696,-1.76306,1.02925,1.50333
2.77526,-1.75592,1.03301,1.48113
2.79356,-1.74878,1.03678,1.45893
2.81186,-1.74164,1.04054,1.43673
2.83016,-1.7345,1.04431,1.41453
2.84846,-1.72736,1.04807,1.39232
2.86675,-1.72022,1.05184,1.37012
2.88505,-1.71308,1.0556,1.34792
2.90335,-1.70594,1.05937,1.32572
2.92165,-1.6988,1.06313,1.30352
2.93995,-1.69166,1.0669,1.28131
2.95825,-1.68452,1.07066,1.25911
2.97655,-1.67738,1.07443,1.23691
2.99485,-1.67024,1.07819,1.21471
3.01314,-1.6631,1.08196,1.1925
3.03144,-1.65596,1.08572,1.1703
3.04974,-1.64882,1.08949,1.1481
3.06804,-1.64168,1.09325,1.1259
3.08634,-1.63454,1.09702,1.1037
3.10464,-1.6274,1.10078,1.08149
3.12294,-1.62026,1.10455,1.05929
3.14124,-1.61312,1.10831,1.03709
3.15954,-1.60598,1.11208,1.01489
3.17783,-1.59884,1.11584,0.992685
3.19613,-1.5917,1.11961,0.970483
3.21443,-1.58456,1.12337,0.948281
3.23273,-1.57742,1.12714,0.926078
3.25103,-1.57029,1.1309,0.903876
3.26933,-1.56315,1.13467,0.881674
3.28763,-1.55601,1.13843,0.859472
3.30593,-1.54887,1.1422,0.83727
3.32423,-1.54173,1.14596,0.815068
3.34252,-1.53459,1.14973,0.792865
3.36082,-1.52745,1.15349,0.770663
3.37912,-1.52031,1.15726,0.748461
3.39742,-1.51317,1.16102,0.726259
3.41572,-1.50603,1.16479,0.704057
3.43402,-1.49889,1.16855,0.681855
3.45232,-1.49175,1.17232,0.659653
3.47062,-1.48461,1.17609,0.63745
3.48892,-1.47747,1.17985,0.615248
3.50721,-1.47033,1.18362,0.593046
3.52551,-1.46319,1.18738,0.570844
3.54381,-1.45605,1.19115,0.548642
3.56211,-1.44891,1.19491,0.52644
3.58041,-1.44177,1.19868,0.504237
3.59871,-1.43463,1.20244,0.482035
3.61701,-1.42749,1.20621,0.459833
3.63531,-1.42035,1.20997,0.437631
3.65361,-1.41321,1.21374,0.415429
3.63608,-1.42282,1.21435,0.354338
3.61855,-1.43244,1.21497,0.293247
3.60102,-1.44205,1.21559,0.232157
3.58349,-1.45166,1.21621,0.171066
3.56597,-1.46127,1.21683,0.109975
3.54844,-1.47088,1.21745,0.0488842
3.53091,-1.4805,1.21807,-0.0122066
3.51338,-1.49011,1.21869,-0.0732973
3.49586,-1.49972,1.2193,-0.134388
3.47833,-1.50933,1.21992,-0.195479
3.4608,-1.51895,1.22054,-0.25657
3.44327,-1.52856,1.22116,-0.31766
3.42574,-1.53817,1.22178,-0.378751
3.40822,-1.54778,1.2224,-0.439842
3.39069,-1.55739,1.22302,-0.500933
3.37316,-1.56701,1.22363,-0.562023
3.35563,-1.57662,1.22425,-0.623114
3.33811,-1.58623,1.22487,-0.684205
3.32058,-1.59584,1.22549,-0.745296
3.30305,-1.60545,1.22611,-0.806387
3.28552,-1.61507,1.22673,-0.867477
3.26799,-1.62468,1.22735,-0.928568
3.25047,-1.63429,1.22797,-0.989659
3.23294,-1.6439,1.22858,-1.05075
3.21541,-1.65352,1.2292,-1.11184
3.19788,-1.66313,1.22982,-1.17293
3.18035,-1.67274,1.23044,-1.23402
3.16283,-1.68235,1.23106,-1.29511
3.1453,-1.69196,1.23168,-1.3562
3.12777,-1.70158,1.2323,-1.41729
3.11024,-1.71119,1.23291,-1.47838
3.09272,-1.7208,1.23353,-1.53948
3.07519,-1.73041,1.23415,-1.60057
3.05766,-1.74003,1.23477,-1.66166
3.04013,-1.74964,1.23539,-1.72275
3.0226,-1.75925,1.23601,-1.78384
3.00508,-1.76886,1.23663,-1.84493
2.98755,-1.77847,1.23725,-1.90602
2.97002,-1.78809,1.23786,-1.96711
2.95249,-1.7977,1.23848,-2.0282
2.93497,-1.80731,1.2391,-2.08929
2.91744,-1.81692,1.23972,-2.15038
2.89991,-1.82653,1.24034,-2.21147
2.88238,-1.83615,1.24096,-2.27256
2.86485,-1.84576,1.24158,-2.33366
2.84733,-1.85537,1.24219,-2.39475
2.8298,-1.86498,1.24281,-2.45584
2.81227,-1.8746,1.24343,-2.51693
2.79474,-1.88421,1.24405,-2.57802
2.77722,-1.89382,1.24467,-2.63911
2.79523,-1.88619,1.24883,-2.57734
2.81325,-1.87857,1.25299,-2.51557
2.83126,-1.87094,1.25715,-2.4538
2.84928,-1.86332,1.26131,-2.39204
2.86729,-1.85569,1.26547,-2.33027
2.88531,-1.84806,1.26963,-2.2685
2.90332,-1.84044,1.27379,-2.20673
2.92133,-1.83281,1.27795,-2.14496
2.93935,-1.82519,1.28211,-2.08319
2.95736,-1.81756,1.28628,-2.02142
2.97538,-1.80993,1.29044,-1.95966
2.99339,-1.80231,1.2946,-1.89789
3.01141,-1.79468,1.29876,-1.83612
3.02942,-1.78706,1.30292,-1.77435
3.04744,-1.77943,1.30708,-1.71258
3.06545,-1.77181,1.31124,-1.65081
3.08347,-1.76418,1.3154,-1.58904
3.10148,-1.75655,1.31956,-1.52728
3.1195,-1.74893,1.32372,-1.46551
3.13751,-1.7413,1.32788,-1.40374
3.15553,-1.73368,1.33204,-1.34197
3.17354,-1.72605,1.3362,-1.2802
3.19156,-1.71842,1.34036,-1.21843
3.20957,-1.7108,1.34452,-1.15666
3.22759,-1.70317,1.34868,-1.0949
3.2456,-1.69555,1.35284,-1.03313
3.26362,-1.68792,1.357,-0.971358
3.28163,-1.68029,1.36117,-0.90959
3.29965,-1.67267,1.36533,-0.847821
3.31766,-1.66504,1.36949,-0.786053
3.33568,-1.65742,1.37365,-0.724284
3.35369,-1.64979,1.37781,-0.662516
3.37171,-1.64217,1.38197,-0.600747
3.38972,-1.63454,1.38613,-0.538978
3.40774,-1.62691,1.39029,-0.47721
3.42575,-1.61929,1.39445,-0.415441
3.44377,-1.61166,1.39861,-0.353673
3.46178,-1.60404,1.40277,-0.291904
3.4798,-1.59641,1.40693,-0.230136
3.49781,-1.58878,1.41109,-0.168367
3.51583,-1.58116,1.41525,-0.106599
3.53384,-1.57353,1.41941,-0.04483
3.55186,-1.56591,1.42357,0.0169386
3.56987,-1.55828,1.42773,0.0787072
3.58788,-1.55065,1.43189,0.140476
3.6059,-1.54303,1.43606,0.202244
3.62391,-1.5354,1.44022,0.264013
3.64193,-1.52778,1.44438,0.325781
3.65994,-1.52015,1.44854,0.38755
3.67796,-1.51252,1.4527,0.449319
3.65841,-1.50834,1.45226,0.49892
3.63886,-1.50415,1.45182,0.548521
3.61931,-1.49996,1.45138,0.598122
3.59975,-1.49577,1.45094,0.647724
3.5802,-1.49158,1.4505,0.697325
3.56065,-1.48739,1.45006,0.746926
3.5411,-1.4832,1.44963,0.796528
3.52155,-1.47901,1.44919,0.846129
3.502,-1.47482,1.44875,0.89573
3.48245,-1.47063,1.44831,0.945332
3.46289,-1.46644,1.44787,0.994933
3.44334,-1.46225,1.44743,1.04453
3.42379,-1.45806,1.44699,1.09414
3.40424,-1.45387,1.44655,1.14374
3.38469,-1.44968,1.44612,1.19334
3.36514,-1.44549,1.44568,1.24294
3.34559,-1.4413,1.44524,1.29254
3.32603,-1.43711,1.4448,1.34214
3.30648,-1.43292,1.44436,1.39174
3.28693,-1.42874,1.44392,1.44134
3.26738,-1.42455,1.44348,1.49095
3.24783,-1.42036,1.44304,1.54055
3.22828,-1.41617,1.44261,1.59015
3.20873,-1.41198,1.44217,1.63975
3.18918,-1.40779,1.44173,1.68935
3.16962,-1.4036,1.44129,1.73895
3.15007,-1.39941,1.44085,1.78855
3.13052,-1.39522,1.44041,1.83816
3.11097,-1.39103,1.43997,1.88776
3.09142,-1.38684,1.43953,1.93736
3.07187,-1.38265,1.4391,1.98696
3.05232,-1.37846,1.43866,2.03656
3.03276,-1.37427,1.43822,2.08616
3.01321,-1.37008,1.43778,2.13576
2.99366,-1.36589,1.43734,2.18536
2.97411,-1.3617,1.4369,2.23497
2.95456,-1.35751,1.43646,2.28457
2.93501,-1.35332,1.43602,2.33417
2.91546,-1.34913,1.43559,2.38377
2.8959,-1.34495,1.43515,2.43337
2.87635,-1.34076,1.43471,2.48297
2.8568,-1.33657,1.43427,2.53257
2.83725,-1.33238,1.43383,2.58217
2.8177,-1.32819,1.43339,2.63178
2.79815,-1.324,1.43295,2.68138
2.7786,-1.31981,1.43251,2.73098
2.75905,-1.31562,1.43208,2.78058
2.73949,-1.31143,1.43164,2.83018
2.71994,-1.30724,1.4312,2.87978
2.70039,-1.30305,1.43076,2.92938
2.71573,-1.31577,1.43249,2.98253
2.73107,-1.32848,1.43422,3.03567
2.74641,-1.3412,1.43595,3.08881
2.76175,-1.35391,1.43768,-3.14123
2.77709,-1.36663,1.43941,-3.08808
2.79243,-1.37934,1.44113,-3.03494
2.80777,-1.39206,1.44286,-2.9818
2.82311,-1.40478,1.44459,-2.92865
2.83845,-1.41749,1.44632,-2.87551
2.85379,-1.43021,1.44805,-2.82237
2.86913,-1.44292,1.44978,-2.76922
2.88447,-1.45564,1.45151,-2.71608
2.89981,-1.46835,1.45324,-2.66294
2.91515,-1.48107,1.45497,-2.60979
2.93049,-1.49378,1.4567,-2.55665
2.94584,-1.5065,1.45843,-2.5035
2.96118,-1.51922,1.46016,-2.45036
2.97652,-1.53193,1.46189,-2.39722
2.99186,-1.54465,1.46362,-2.34407
3.0072,-1.55736,1.46535,-2.29093
3.02254,-1.57008,1.46707,-2.23779
3.03788,-1.58279,1.4688,-2.18464
3.05322,-1.59551,1.47053,-2.1315
3.06856,-1.60823,1.47226,-2.07836
3.0839,-1.62094,1.47399,-2.02521
3.09924,-1.63366,1.47572,-1.97207
3.11458,-1.64637,1.47745,-1.91893
3.12992,-1.65909,1.47918,-1.86578
3.14526,-1.6718,1.48091,-1.81264
3.1606,-1.68452,1.48264,-1.7595
3.17594,-1.69723,1.48437,-1.70635
3.19128,-1.70995,1.4861,-1.65321
3.20662,-1.72267,1.48783,-1.60006
3.22196,-1.73538,1.48956,-1.54692
3.2373,-1.7481,1.49128,-1.49378
3.25264,-1.76081,1.49301,-1.44063
3.26798,-1.77353,1.49474,-1.38749
3.28332,-1.78624,1.49647,-1.33435
3.29866,-1.79896,1.4982,-1.2812
3.314,-1.81167,1.49993,-1.22806
3.32934,-1.82439,1.50166,-1.17492
3.34468,-1.83711,1.50339,-1.12177
3.36002,-1.84982,1.50512,-1.06863
3.37536,-1.86254,1.50685,-1.01549
3.3907,-1.87525,1.50858,-0.962342
3.40604,-1.88797,1.51031,-0.909199
3.42138,-1.90068,1.51204,-0.856055
3.43672,-1.9134,1.51377,-0.802912
3.45206,-1.92611,1.51549,-0.749768
3.4674,-1.93883,1.51722,-0.696625
3.47601,-1.92694,1.53081,-0.66017
3.48461,-1.91506,1.5444,-0.623716
3.49321,-1.90317,1.55799,-0.587261
3.50182,-1.89128,1.57158,-0.550807
3.51042,-1.8794,1.58517,-0.514353
3.51903,-1.86751,1.59876,-0.477898
3.52763,-1.85562,1.61235,-0.441444
3.53623,-1.84374,1.62594,-0.404989
3.54484,-1.83185,1.63953,-0.368535
3.55344,-1.81996,1.65312,-0.33208
3.56204,-1.80808,1.66671,-0.295626
3.57065,-1.79619,1.6803,-0.259172
3.57925,-1.7843,1.69389,-0.222717
3.58786,-1.77242,1.70748,-0.186263
3.59646,-1.76053,1.72107,-0.149808
3.60506,-1.74864,1.73466,-0.113354
3.61367,-1.73676,1.74825,-0.0768994
3.62227,-1.72487,1.76184,-0.040445
3.63087,-1.71298,1.77543,-0.00399058
3.63948,-1.70109,1.78902,0.0324638
3.64808,-1.68921,1.80261,0.0689183
3.65669,-1.67732,1.8162,0.105373
3.66529,-1.66543,1.82979,0.141827
3.67389,-1.65355,1.84338,0.178282
3.6825,-1.64166,1.85697,0.214736
3.6911,-1.62977,1.87056,0.25119
3.6997,-1.61789,1.88415,0.287645
3.70831,-1.606,1.89774,0.324099
3.71691,-1.59411,1.91133,0.360554
3.72552,-1.58223,1.92492,0.397008
3.73412,-1.57034,1.93851,0.433463
3.74272,-1.55845,1.95209,0.469917
3.75133,-1.54657,1.96568,0.506371
3.75993,-1.53468,1.97927,0.542826
3.76853,-1.52279,1.99286,0.57928
3.77714,-1.51091,2.00645,0.615735
3.78574,-1.49902,2.02004,0.652189
3.79435,-1.48713,2.03363,0.688643
3.80295,-1.47525,2.04722,0.725098
3.81155,-1.46336,2.06081,0.761552
3.82016,-1.45147,2.0744,0.798007
3.82876,-1.43959,2.08799,0.834461
3.83736,-1.4277,2.10158,0.870916
3.84597,-1.41581,2.11517,0.90737
3.85457,-1.40393,2.12876,0.943824
3.86318,-1.39204,2.14235,0.980279
3.87178,-1.38015,2.15594,1.01673
3.88038,-1.36827,2.16953,1.05319
3.88899,-1.35638,2.18312,1.08964
3.89759,-1.34449,2.19671,1.1261
3.88456,-1.35965,2.19739,1.18363
3.87153,-1.37481,2.19807,1.24117
3.8585,-1.38997,2.19874,1.29871
3.84548,-1.40513,2.19942,1.35624
3.83245,-1.42029,2.2001,1.41378
3.81942,-1.43545,2.20078,1.47131
3.80639,-1.4506,2.20146,1.52885
3.79336,-1.46576,2.20213,1.58639
3.78033,-1.48092,2.20281,1.64392
3.7673,-1.49608,2.20349,1.70146
3.75427,-1.51124,2.20417,1.759
3.74125,-1.5264,2.20485,1.81653
3.72822,-1.54156,2.20553,1.87407
3.71519,-1.55672,2.2062,1.93161
3.70216,-1.57188,2.20688,1.98914
3.68913,-1.58703,2.20756,2.04668
3.6761,-1.60219,2.20824,2.10422
3.66307,-1.61735,2.20892,2.16175
3.65005,-1.63251,2.20959,2.21929
3.63702,-1.64767,2.21027,2.27682
3.62399,-1.66283,2.21095,2.33436
3.61096,-1.67799,2.21163,2.3919
3.59793,-1.69315,2.21231,2.44943
3.5849,-1.70831,2.21299,2.50697
3.57187,-1.72347,2.21366,2.56451
3.55884,-1.73862,2.21434,2.62204
3.54582,-1.75378,2.21502,2.67958
3.53279,-1.76894,2.2157,2.73712
3.51976,-1.7841,2.21638,2.79465
3.50673,-1.79926,2.21705,2.85219
3.4937,-1.81442,2.21773,2.90972
3.48067,-1.82958,2.21841,2.96726
3.46764,-1.84474,2.21909,3.0248
3.45462,-1.8599,2.21977,3.08233
3.44159,-1.87505,2.22045,3.13987
3.42856,-1.89021,2.22112,-3.08578
3.41553,-1.90537,2.2218,-3.02824
3.4025,-1.92053,2.22248,-2.97071
3.38947,-1.93569,2.22316,-2.91317
3.37644,-1.95085,2.22384,-2.85563
3.36341,-1.96601,2.22451,-2.7981
3.35039,-1.98117,2.22519,-2.74056
3.33736,-1.99633,2.22587,-2.68302
3.32433,-2.01149,2.22655,-2.62549
3.3113,-2.02664,2.22723,-2.56795
3.29827,-2.0418,2.2279,-2.51041
3.28524,-2.05696,2.22858,-2.45288
3.27221,-2.07212,2.22926,-2.39534
3.25918,-2.08728,2.22994,-2.33781
3.24616,-2.10244,2.23062,-2.28027
3.2351,-2.08578,2.23077,-2.31719
3.22404,-2.06911,2.23093,-2.35412
3.21298,-2.05245,2.23109,-2.39104
3.20192,-2.03578,2.23125,-2.42797
3.19086,-2.01912,2.2314,-2.46489
3.1798,-2.00246,2.23156,-2.50182
3.16874,-1.98579,2.23172,-2.53874
3.15768,-1.96913,2.23187,-2.57567
3.14663,-1.95247,2.23203,-2.61259
3.13557,-1.9358,2.23219,-2.64951
3.12451,-1.91914,2.23235,-2.68644
3.11345,-1.90248,2.2325,-2.72336
3.10239,-1.88581,2.23266,-2.76029
3.09133,-1.86915,2.23282,-2.79721
3.08027,-1.85248,2.23297,-2.83414
3.06921,-1.83582,2.23313,-2.87106
3.05815,-1.81916,2.23329,-2.90799
3.0471,-1.80249,2.23344,-2.94491
3.03604,-1.78583,2.2336,-2.98183
3.02498,-1.76917,2.23376,-3.01876
3.01392,-1.7525,2.23392,-3.05568
3.00286,-1.73584,2.23407,-3.09261
2.9918,-1.71918,2.23423,-3.12953
2.98074,-1.70251,2.23439,3.11673
2.96968,-1.68585,2.23454,3.0798
2.95862,-1.66918,2.2347,3.04288
2.94757,-1.65252,2.23486,3.00595
2.93651,-1.63586,2.23502,2.96903
2.92545,-1.61919,2.23517,2.93211
2.91439,-1.60253,2.23533,2.89518
2.90333,-1.58587,2.23549,2.85826
2.89227,-1.5692,2.23564,2.82133
2.88121,-1.55254,2.2358,2.78441
2.87015,-1.53588,2.23596,2.74748
2.85909,-1.51921,2.23611,2.71056
2.84804,-1.50255,2.23627,2.67363
2.83698,-1.48589,2.23643,2.63671
2.82592,-1.46922,2.23659,2.59978
2.81486,-1.45256,2.23674,2.56286
2.8038,-1.43589,2.2369,2.52594
2.79274,-1.41923,2.23706,2.48901
2.78168,-1.40257,2.23721,2.45209
2.77062,-1.3859,2.23737,2.41516
2.75956,-1.36924,2.23753,2.37824
2.74851,-1.35258,2.23769,2.34131
2.73745,-1.33591,2.23784,2.30439
2.72639,-1.31925,2.238,2.26746
2.71533,-1.30259,2.23816,2.23054
2.70427,-1.28592,2.23831,2.19362
2.69321,-1.26926,2.23847,2.15669
2.69958,-1.28819,2.23736,2.21428
2.70594,-1.30711,2.23624,2.27188
2.71231,-1.32604,2.23513,2.32947
2.71868,-1.34497,2.23402,2.38706
2.72504,-1.36389,2.2329,2.44465
2.73141,-1.38282,2.23179,2.50225
2.73777,-1.40175,2.23068,2.55984
2.74414,-1.42067,2.22956,2.61743
2.75051,-1.4396,2.22845,2.67503
2.75687,-1.45853,2.22733,2.73262
2.76324,-1.47746,2.22622,2.79021
2.7696,-1.49638,2.22511,2.8478
2.77597,-1.51531,2.22399,2.9054
2.78234,-1.53424,2.22288,2.96299
2.7887,-1.55316,2.22177,3.02058
2.79507,-1.57209,2.22065,3.07817
2.80143,-1.59102,2.21954,3.13577
2.8078,-1.60994,2.21843,-3.08983
2.81417,-1.62887,2.21731,-3.03223
2.82053,-1.6478,2.2162,-2.97464
2.8269,-1.66673,2.21508,-2.91705
2.83326,-1.68565,2.21397,-2.85945
2.83963,-1.70458,2.21286,-2.80186
2.846,-1.72351,2.21174,-2.74427
2.85236,-1.74243,2.21063,-2.68668
2.85873,-1.76136,2.20952,-2.62908
2.86509,-1.78029,2.2084,-2.57149
2.87146,-1.79922,2.20729,-2.5139
2.87783,-1.81814,2.20617,-2.45631
2.88419,-1.83707,2.20506,-2.39871
2.89056,-1.856,2.20395,-2.34112
2.89692,-1.87492,2.20283,-2.28353
2.90329,-1.89385,2.20172,-2.22593
2.90966,-1.91278,2.20061,-2.16834
2.91602,-1.9317,2.19949,-2.11075
2.92239,-1.95063,2.19838,-2.05316
2.92876,-1.96956,2.19727,-1.99556
2.93512,-1.98849,2.19615,-1.93797
2.94149,-2.00741,2.19504,-1.88038
2.94785,-2.02634,2.19392,-1.82279
2.95422,-2.04527,2.19281,-1.76519
2.96059,-2.06419,2.1917,-1.7076
2.96695,-2.08312,2.19058,-1.65001
2.97332,-2.10205,2.18947,-1.59241
2.97968,-2.12098,2.18836,-1.53482
2.98605,-2.1399,2.18724,-1.47723
2.99242,-2.15883,2.18613,-1.41964
2.99878,-2.17776,2.18502,-1.36204
3.00515,-2.19668,2.1839,-1.30445
3.01151,-2.21561,2.18279,-1.24686
3.00953,-2.23537,2.18518,-1.25532
3.00755,-2.25513,2.18756,-1.26379
3.00556,-2.27488,2.18995,-1.27225
3.00358,-2.29464,2.19234,-1.28072
3.0016,-2.3144,2.19472,-1.28918
2.99962,-2.33416,2.19711,-1.29765
2.99763,-2.35391,2.1995,-1.30611
2.99565,-2.37367,2.20189,-1.31458
2.99367,-2.39343,2.20427,-1.32304
2.99168,-2.41319,2.20666,-1.33151
2.9897,-2.43295,2.20905,-1.33997
2.98772,-2.4527,2.21143,-1.34844
2.98573,-2.47246,2.21382,-1.35691
2.98375,-2.49222,2.21621,-1.36537
2.98177,-2.51198,2.2186,-1.37384
2.97978,-2.53173,2.22098,-1.3823
2.9778,-2.55149,2.22337,-1.39077
2.97582,-2.57125,2.22576,-1.39923
2.97383,-2.59101,2.22814,-1.4077
2.97185,-2.61077,2.23053,-1.41616
2.96987,-2.63052,2.23292,-1.42463
2.96789,-2.65028,2.23531,-1.43309
2.9659,-2.67004,2.23769,-1.44156
2.96392,-2.6898,2.24008,-1.45002
2.96194,-2.70955,2.24247,-1.45849
2.95995,-2.72931,2.24485,-1.46695
2.95797,-2.74907,2.24724,-1.47542
2.95599,-2.76883,2.24963,-1.48388
2.954,-2.78859,2.25201,-1.49235
2.95202,-2.80834,2.2544,-1.50081
2.95004,-2.8281,2.25679,-1.50928
2.94805,-2.84786,2.25918,-1.51774
2.94607,-2.86762,2.26156,-1.52621
2.94409,-2.88737,2.26395,-1.53467
2.9421,-2.90713,2.26634,-1.54314
2.94012,-2.92689,2.26872,-1.5516
2.93814,-2.94665,2.27111,-1.56007
2.93616,-2.96641,2.2735,-1.56853
2.93417,-2.98616,2.27589,-1.577
2.93219,-3.00592,2.27827,-1.58546
2.93021,-3.02568,2.28066,-1.59393
2.92822,-3.04544,2.28305,-1.60239
2.92624,-3.06519,2.28543,-1.61086
2.92426,-3.08495,2.28782,-1.61932
2.92227,-3.10471,2.29021,-1.62779
2.92029,-3.12447,2.2926,-1.63626
2.91831,-3.14422,2.29498,-1.64472
2.91632,-3.16398,2.29737,-1.65319
2.91434,-3.18374,2.29976,-1.66165
2.91236,-3.2035,2.30214,-1.67012
2.9004,-3.2183,2.29599,-1.68095
2.88844,-3.2331,2.28983,-1.69178
2.87649,-3.24791,2.28367,-1.70261
2.86453,-3.26271,2.27752,-1.71344
2.85257,-3.27751,2.27136,-1.72427
2.84061,-3.29231,2.2652,-1.7351
2.82866,-3.30712,2.25905,-1.74593
2.8167,-3.32192,2.25289,-1.75676
2.80474,-3.33672,2.24673,-1.76759
2.79279,-3.35153,2.24058,-1.77842
2.78083,-3.36633,2.23442,-1.78925
2.76887,-3.38113,2.22826,-1.80008
2.75692,-3.39593,2.22211,-1.81091
2.74496,-3.41074,2.21595,-1.82174
2.733,-3.42554,2.20979,-1.83257
2.72104,-3.44034,2.20364,-1.8434
2.70909,-3.45514,2.19748,-1.85423
2.69713,-3.46995,2.19132,-1.86506
2.68517,-3.48475,2.18516,-1.87589
2.67322,-3.49955,2.17901,-1.88672
2.66126,-3.51436,2.17285,-1.89755
2.6493,-3.52916,2.16669,-1.90838
2.63734,-3.54396,2.16054,-1.91921
2.62539,-3.55876,2.15438,-1.93004
2.61343,-3.57357,2.14822,-1.94087
2.60147,-3.58837,2.14207,-1.9517
2.58952,-3.60317,2.13591,-1.96253
2.57756,-3.61797,2.12975,-1.97336
2.5656,-3.63278,2.1236,-1.98419
2.55364,-3.64758,2.11744,-1.99502
2.54169,-3.66238,2.11128,-2.00585
2.52973,-3.67719,2.10513,-2.01668
2.51777,-3.69199,2.09897,-2.02751
2.50582,-3.70679,2.09281,-2.03834
2.49386,-3.72159,2.08666,-2.04917
2.4819,-3.7364,2.0805,-2.06
2.46994,-3.7512,2.07434,-2.07083
2.45799,-3.766,2.06819,-2.08166
2.44603,-3.7808,2.06203,-2.09249
2.43407,-3.79561,2.05587,-2.10332
2.42212,-3.81041,2.04971,-2.11415
2.41016,-3.82521,2.04356,-2.12498
2.3982,-3.84002,2.0374,-2.13581
2.38624,-3.85482,2.03124,-2.14664
2.37429,-3.86962,2.02509,-2.15747
2.36233,-3.88442,2.01893,-2.1683
2.35037,-3.89923,2.01277,-2.17913
2.33842,-3.91403,2.00662,-2.18996
2.32646,-3.92883,2.00046,-2.20079
2.3145,-3.94364,1.9943,-2.21162
2.32532,-3.95895,1.98734,-2.18738
2.33613,-3.97427,1.98038,-2.16313
2.34695,-3.98958,1.97342,-2.13889
2.35776,-4.0049,1.96646,-2.11465
2.36858,-4.02021,1.9595,-2.0904
2.37939,-4.03553,1.95254,-2.06616
2.39021,-4.05085,1.94558,-2.04191
2.40103,-4.06616,1.93862,-2.01767
2.41184,-4.08148,1.93166,-1.99343
2.42266,-4.09679,1.9247,-1.96918
2.43347,-4.11211,1.91774,-1.94494
2.44429,-4.12743,1.91078,-1.9207
2.4551,-4.14274,1.90381,-1.89645
2.46592,-4.15806,1.89685,-1.87221
2.47673,-4.17337,1.88989,-1.84797
2.48755,-4.18869,1.88293,-1.82372
2.49836,-4.204,1.87597,-1.79948
2.50918,-4.21932,1.86901,-1.77524
2.52,-4.23464,1.86205,-1.75099
2.53081,-4.24995,1.85509,-1.72675
2.54163,-4.26527,1.84813,-1.70251
2.55244,-4.28058,1.84117,-1.67826
2.56326,-4.2959,1.83421,-1.65402
2.57407,-4.31122,1.82725,-1.62977
2.58489,-4.32653,1.82029,-1.60553
2.5957,-4.34185,1.81333,-1.58129
2.60652,-4.35716,1.80637,-1.55704
2.61733,-4.37248,1.7994,-1.5328
2.62815,-4.3878,1.79244,-1.50856
2.63896,-4.40311,1.78548,-1.48431
2.64978,-4.41843,1.77852,-1.46007
2.6606,-4.43374,1.77156,-1.43583
2.67141,-4.44906,1.7646,-1.41158
2.68223,-4.46437,1.75764,-1.38734
2.69304,-4.47969,1.75068,-1.3631
2.70386,-4.49501,1.74372,-1.33885
2.71467,-4.51032,1.73676,-1.31461
2.72549,-4.52564,1.7298,-1.29037
2.7363,-4.54095,1.72284,-1.26612
2.74712,-4.55627,1.71588,-1.24188
2.75793,-4.57159,1.70892,-1.21763
2.76875,-4.5869,1.70196,-1.19339
2.77957,-4.60222,1.69499,-1.16915
2.79038,-4.61753,1.68803,-1.1449
2.8012,-4.63285,1.68107,-1.12066
2.81201,-4.64817,1.67411,-1.09642
2.82283,-4.66348,1.66715,-1.07217
2.83364,-4.6788,1.66019,-1.04793
2.84446,-4.69411,1.65323,-1.02369
2.85527,-4.70943,1.64627,-0.999443
2.87037,-4.72,1.6385,-0.993768
2.88546,-4.73057,1.63072,-0.988094
2.90055,-4.74115,1.62295,-0.982419
2.91564,-4.75172,1.61518,-0.976745
2.93074,-4.76229,1.6074,-0.97107
2.94583,-4.77287,1.59963,-0.965395
2.96092,-4.78344,1.59186,-0.959721
2.97601,-4.79401,1.58408,-0.954046
2.99111,-4.80459,1.57631,-0.948372
3.0062,-4.81516,1.56853,-0.942697
3.02129,-4.82573,1.56076,-0.937022
3.03638,-4.8363,1.55299,-0.931348
3.05148,-4.84688,1.54521,-0.925673
3.06657,-4.85745,1.53744,-0.919999
3.08166,-4.86802,1.52967,-0.914324
3.09675,-4.8786,1.52189,-0.908649
3.11185,-4.88917,1.51412,-0.902975
3.12694,-4.89974,1.50635,-0.8973
3.14203,-4.91032,1.49857,-0.891626
3.15712,-4.92089,1.4908,-0.885951
3.17222,-4.93146,1.48303,-0.880276
3.18731,-4.94204,1.47525,-0.874602
3.2024,-4.95261,1.46748,-0.868927
3.21749,-4.96318,1.45971,-0.863253
3.23259,-4.97375,1.45193,-0.857578
3.24768,-4.98433,1.44416,-0.851903
3.26277,-4.9949,1.43639,-0.846229
3.27786,-5.00547,1.42861,-0.840554
3.29296,-5.01605,1.42084,-0.83488
3.30805,-5.02662,1.41306,-0.829205
3.32314,-5.03719,1.40529,-0.82353
3.33823,-5.04777,1.39752,-0.817856
3.35333,-5.05834,1.38974,-0.812181
3.36842,-5.06891,1.38197,-0.806507
3.38351,-5.07948,1.3742,-0.800832
3.3986,-5.09006,1.36642,-0.795157
3.4137,-5.10063,1.35865,-0.789483
3.42879,-5.1112,1.35088,-0.783808
3.44388,-5.12178,1.3431,-0.778134
3.45897,-5.13235,1.33533,-0.772459
3.47407,-5.14292,1.32756,-0.766784
3.48916,-5.1535,1.31978,-0.76111
3.50425,-5.16407,1.31201,-0.755435
3.51934,-5.17464,1.30424,-0.749761
3.53444,-5.18521,1.29646,-0.744086
3.54953,-5.19579,1.28869,-0.738411
3.56462,-5.20636,1.28092,-0.732737
3.57971,-5.21693,1.27314,-0.727062
3.59481,-5.22751,1.26537,-0.721388
3.6099,-5.23808,1.25759,-0.715713
3.60377,-5.22201,1.24738,-0.661617
3.59764,-5.20595,1.23717,-0.607521
3.59151,-5.18988,1.22695,-0.553425
3.58538,-5.17382,1.21674,-0.499328
3.57925,-5.15775,1.20652,-0.445232
3.57312,-5.14169,1.19631,-0.391136
3.56699,-5.12562,1.18609,-0.33704
3.56087,-5.10956,1.17588,-0.282944
3.55474,-5.09349,1.16567,-0.228847
3.54861,-5.07742,1.15545,-0.174751
3.54248,-5.06136,1.14524,-0.120655
3.53635,-5.04529,1.13502,-0.0665589
3.53022,-5.02923,1.12481,-0.0124627
3.52409,-5.01316,1.11459,0.0416335
3.51796,-4.9971,1.10438,0.0957297
3.51183,-4.98103,1.09416,0.149826
3.5057,-4.96497,1.08395,0.203922
3.49957,-4.9489,1.07374,0.258018
3.49345,-4.93284,1.06352,0.312114
3.48732,-4.91677,1.05331,0.366211
3.48119,-4.9007,1.04309,0.420307
3.47506,-4.88464,1.03288,0.474403
3.46893,-4.86857,1.02266,0.528499
3.4628,-4.85251,1.01245,0.582595
3.45667,-4.83644,1.00224,0.636692
3.45054,-4.82038,0.992021,0.690788
3.44441,-4.80431,0.981806,0.744884
3.43828,-4.78825,0.971592,0.79898
3.43215,-4.77218,0.961378,0.853076
3.42603,-4.75611,0.951163,0.907172
3.4199,-4.74005,0.940949,0.961269
3.41377,-4.72398,0.930734,1.01536
3.40764,-4.70792,0.92052,1.06946
3.40151,-4.69185,0.910306,1.12356
3.39538,-4.67579,0.900091,1.17765
3.38925,-4.65972,0.889877,1.23175
3.38312,-4.64366,0.879662,1.28585
3.37699,-4.62759,0.869448,1.33994
3.37086,-4.61153,0.859234,1.39404
3.36473,-4.59546,0.849019,1.44813
3.35861,-4.57939,0.838805,1.50223
3.35248,-4.56333,0.828591,1.55633
3.34635,-4.54726,0.818376,1.61042
3.34022,-4.5312,0.808162,1.66452
3.33409,-4.51513,0.797947,1.71862
3.32796,-4.49907,0.787733,1.77271
3.32183,-4.483,0.777519,1.82681
3.3157,-4.46694,0.767304,1.8809
3.31555,-4.46653,0.767047,1.88226
3.30485,-4.48254,0.761656,1.92757
3.29414,-4.49856,0.756265,1.97288
3.28344,-4.51457,0.750874,2.0182
3.27274,-4.53058,0.745482,2.06351
3.26204,-4.5466,0.740091,2.10882
3.25134,-4.56261,0.7347,2.15413
3.24064,-4.57862,0.729309,2.19944
3.22994,-4.59464,0.723917,2.24475
3.21924,-4.61065,0.718526,2.29006
3.20853,-4.62666,0.713135,2.33537
3.19783,-4.64267,0.707744,2.38068
3.18713,-4.65869,0.702352,2.42599
3.17643,-4.6747,0.696961,2.4713
3.16573,-4.69071,0.69157,2.51661
3.15503,-4.70673,0.686179,2.56192
3.14433,-4.72274,0.680787,2.60724
3.13362,-4.73875,0.675396,2.65255
3.12292,-4.75477,0.670005,2.69786
3.11222,-4.77078,0.664614,2.74317
3.10152,-4.78679,0.659222,2.78848
3.09082,-4.8028,0.653831,2.83379
3.08012,-4.81882,0.64844,2.8791
3.06942,-4.83483,0.643049,2.92441
3.05872,-4.85084,0.637657,2.96972
3.04801,-4.86686,0.632266,3.01503
3.03731,-4.88287,0.626875,3.06034
3.02661,-4.89888,0.621484,3.10565
3.01591,-4.9149,0.616092,-3.13222
3.00521,-4.93091,0.610701,-3.08691
2.99451,-4.94692,0.60531,-3.0416
2.98381,-4.96293,0.599919,-2.99629
2.9731,-4.97895,0.594527,-2.95098
2.9624,-4.99496,0.589136,-2.90567
2.9517,-5.01097,0.583745,-2.86036
2.941,-5.02699,0.578354,-2.81505
2.9303,-5.043,0.572962,-2.76973
2.9196,-5.05901,0.567571,-2.72442
2.9089,-5.07503,0.56218,-2.67911
2.8982,-5.09104,0.556788,-2.6338
2.88749,-5.10705,0.551397,-2.58849
2.87679,-5.12306,0.546006,-2.54318
2.86609,-5.13908,0.540615,-2.49787
2.85539,-5.15509,0.535223,-2.45256
2.84469,-5.1711,0.529832,-2.40725
2.83399,-5.18712,0.524441,-2.36194
2.82329,-5.20313,0.51905,-2.31663
2.81258,-5.21914,0.513658,-2.27132
2.80188,-5.23516,0.508267,-2.22601
2.79118,-5.25117,0.502876,-2.18069
2.78048,-5.26718,0.497485,-2.13538
2.76854,-5.27986,0.507322,-2.13688
2.75661,-5.29254,0.51716,-2.13838
2.74467,-5.30521,0.526998,-2.13988
2.73273,-5.31789,0.536835,-2.14138
2.7208,-5.33057,0.546673,-2.14288
2.70886,-5.34325,0.556511,-2.14438
2.69692,-5.35593,0.566349,-2.14588
2.68498,-5.3686,0.576186,-2.14738
2.67305,-5.38128,0.586024,-2.14888
2.66111,-5.39396,0.595862,-2.15038
2.64917,-5.40664,0.605699,-2.15188
2.63724,-5.41932,0.615537,-2.15338
2.6253,-5.43199,0.625375,-2.15488
2.61336,-5.44467,0.635212,-2.15638
2.60143,-5.45735,0.64505,-2.15788
2.58949,-5.47003,0.654888,-2.15938
2.57755,-5.48271,0.664725,-2.16088
2.56562,-5.49538,0.674563,-2.16238
2.55368,-5.50806,0.684401,-2.16388
2.54174,-5.52074,0.694238,-2.16538
2.5298,-5.53342,0.704076,-2.16688
2.51787,-5.54609,0.713914,-2.16837
2.50593,-5.55877,0.723752,-2.16987
2.49399,-5.57145,0.733589,-2.17137
2.48206,-5.58413,0.743427,-2.17287
2.47012,-5.59681,0.753265,-2.17437
2.45818,-5.60948,0.763102,-2.17587
2.44625,-5.62216,0.77294,-2.17737
2.43431,-5.63484,0.782778,-2.17887
2.42237,-5.64752,0.792615,-2.18037
2.41043,-5.6602,0.802453,-2.18187
2.3985,-5.67287,0.812291,-2.18337
2.38656,-5.68555,0.822128,-2.18487
2.37462,-5.69823,0.831966,-2.18637
2.36269,-5.71091,0.841804,-2.18787
2.35075,-5.72358,0.851642,-2.18937
2.33881,-5.73626,0.861479,-2.19087
2.32688,-5.74894,0.871317,-2.19237
2.31494,-5.76162,0.881155,-2.19387
2.303,-5.7743,0.890992,-2.19537
2.29106,-5.78697,0.90083,-2.19687
2.27913,-5.79965,0.910668,-2.19837
2.26719,-5.81233,0.920505,-2.19987
2.25525,-5.82501,0.930343,-2.20137
2.24332,-5.83769,0.940181,-2.20287
2.23138,-5.85036,0.950018,-2.20437
2.21944,-5.86304,0.959856,-2.20586
2.20751,-5.87572,0.969694,-2.20736
2.19557,-5.8884,0.979531,-2.20886
2.18363,-5.90108,0.989369,-2.21036
2.16457,-5.90313,0.995064,-2.22284
2.14551,-5.90519,1.00076,-2.23531
2.12645,-5.90724,1.00645,-2.24778
2.10739,-5.9093,1.01215,-2.26026
2.08832,-5.91136,1.01784,-2.27273
2.06926,-5.91341,1.02354,-2.2852
2.0502,-5.91547,1.02923,-2.29768
2.03114,-5.91752,1.03493,-2.31015
2.01208,-5.91958,1.04062,-2.32262
1.99302,-5.92163,1.04632,-2.3351
1.97396,-5.92369,1.05201,-2.34757
1.95489,-5.92575,1.05771,-2.36004
1.93583,-5.9278,1.0634,-2.37252
1.91677,-5.92986,1.0691,-2.38499
1.89771,-5.93191,1.07479,-2.39747
1.87865,-5.93397,1.08049,-2.40994
1.85959,-5.93603,1.08618,-2.42241
1.84052,-5.93808,1.09188,-2.43489
1.82146,-5.94014,1.09757,-2.44736
1.8024,-5.94219,1.10327,-2.45983
1.78334,-5.94425,1.10896,-2.47231
1.76428,-5.94631,1.11466,-2.48478
1.74522,-5.94836,1.12035,-2.49725
1.72616,-5.95042,1.12605,-2.50973
1.70709,-5.95247,1.13174,-2.5222
1.68803,-5.95453,1.13744,-2.53467
1.66897,-5.95659,1.14313,-2.54715
1.64991,-5.95864,1.14883,-2.55962
1.63085,-5.9607,1.15452,-2.57209
1.61179,-5.96275,1.16022,-2.58457
1.59273,-5.96481,1.16591,-2.59704
1.57366,-5.96687,1.17161,-2.60951
1.5546,-5.96892,1.1773,-2.62199
1.53554,-5.97098,1.183,-2.63446
1.51648,-5.97303,1.18869,-2.64693
1.49742,-5.97509,1.19438,-2.65941
1.47836,-5.97715,1.20008,-2.67188
1.45929,-5.9792,1.20577,-2.68435
1.44023,-5.98126,1.21147,-2.69683
1.42117,-5.98331,1.21716,-2.7093
1.40211,-5.98537,1.22286,-2.72177
1.38305,-5.98743,1.22855,-2.73425
1.36399,-5.98948,1.23425,-2.74672
1.34493,-5.99154,1.23994,-2.75919
1.32586,-5.99359,1.24564,-2.77167
1.3068,-5.99565,1.25133,-2.78414
1.28774,-5.9977,1.25703,-2.79661
1.26868,-5.99976,1.26272,-2.80909
1.24962,-6.00182,1.26842,-2.82156
1.23056,-6.00387,1.27411,-2.83404
1.21102,-6.00763,1.2721,-2.83589
1.19148,-6.0114,1.2701,-2.83774
1.17194,-6.01516,1.26809,-2.8396
1.1524,-6.01892,1.26608,-2.84145
1.13286,-6.02268,1.26407,-2.8433
1.11332,-6.02644,1.26206,-2.84516
1.09378,-6.0302,1.26005,-2.84701
1.07424,-6.03397,1.25804,-2.84886
1.0547,-6.03773,1.25603,-2.85072
1.03516,-6.04149,1.25402,-2.85257
1.01562,-6.04525,1.25201,-2.85443
0.996075,-6.04901,1.25001,-2.85628
0.976535,-6.05277,1.248,-2.85813
0.956995,-6.05654,1.24599,-2.85999
0.937455,-6.0603,1.24398,-2.86184
0.917915,-6.06406,1.24197,-2.86369
0.898375,-6.06782,1.23996,-2.86555
0.878835,-6.07158,1.23795,-2.8674
0.859295,-6.07534,1.23594,-2.86925
0.839755,-6.07911,1.23393,-2.87111
0.820215,-6.08287,1.23192,-2.87296
0.800675,-6.08663,1.22992,-2.87482
0.781135,-6.09039,1.22791,-2.87667
0.761595,-6.09415,1.2259,-2.87852
0.742055,-6.09791,1.22389,-2.88038
0.722515,-6.10168,1.22188,-2.88223
0.702975,-6.10544,1.21987,-2.88408
0.683434,-6.1092,1.21786,-2.88594
0.663894,-6.11296,1.21585,-2.88779
0.644354,-6.11672,1.21384,-2.88965
0.624814,-6.12048,1.21183,-2.8915
0.605274,-6.12424,1.20983,-2.89335
0.585734,-6.12801,1.20782,-2.89521
0.566194,-6.13177,1.20581,-2.89706
0.546654,-6.13553,1.2038,-2.89891
0.527114,-6.13929,1.20179,-2.90077
0.507574,-6.14305,1.19978,-2.90262
0.488034,-6.14681,1.19777,-2.90447
0.468494,-6.15058,1.19576,-2.90633
0.448954,-6.15434,1.19375,-2.90818
0.429414,-6.1581,1.19174,-2.91004
0.409874,-6.16186,1.18974,-2.91189
0.390333,-6.16562,1.18773,-2.91374
0.370793,-6.16938,1.18572,-2.9156
0.351253,-6.17315,1.18371,-2.91745
0.331713,-6.17691,1.1817,-2.9193
0.312173,-6.18067,1.17969,-2.92116
0.292633,-6.18443,1.17768,-2.92301
0.273093,-6.18819,1.17567,-2.92486
0.253553,-6.19195,1.17366,-2.92672
0.237527,-6.18011,1.17538,-2.94384
0.2215,-6.16827,1.1771,-2.96096
0.205474,-6.15643,1.17881,-2.97809
0.189447,-6.14459,1.18053,-2.99521
0.173421,-6.13275,1.18224,-3.01233
0.157394,-6.12091,1.18396,-3.02946
0.141368,-6.10907,1.18568,-3.04658
0.125341,-6.09723,1.18739,-3.0637
0.109315,-6.08539,1.18911,-3.08083
0.093288,-6.07355,1.19082,-3.09795
0.0772615,-6.0617,1.19254,-3.11507
0.061235,-6.04986,1.19426,-3.1322
0.0452085,-6.03802,1.19597,3.13386
0.029182,-6.02618,1.19769,3.11674
0.0131555,-6.01434,1.1994,3.09962
-0.00287098,-6.0025,1.20112,3.08249
-0.0188975,-5.99066,1.20284,3.06537
-0.034924,-5.97882,1.20455,3.04825
-0.0509505,-5.96698,1.20627,3.03112
-0.066977,-5.95514,1.20798,3.014
-0.0830035,-5.9433,1.2097,2.99688
-0.09903,-5.93145,1.21142,2.97975
-0.115056,-5.91961,1.21313,2.96263
-0.131083,-5.90777,1.21485,2.94551
-0.147109,-5.89593,1.21657,2.92839
-0.163136,-5.88409,1.21828,2.91126
-0.179162,-5.87225,1.22,2.89414
-0.195189,-5.86041,1.22171,2.87702
-0.211215,-5.84857,1.22343,2.85989
-0.227242,-5.83673,1.22515,2.84277
-0.243268,-5.82489,1.22686,2.82565
-0.259295,-5.81305,1.22858,2.80852
-0.275321,-5.80121,1.23029,2.7914
-0.291348,-5.78936,1.23201,2.77428
-0.307374,-5.77752,1.23373,2.75715
-0.323401,-5.76568,1.23544,2.74003
-0.339427,-5.75384,1.23716,2.72291
-0.355454,-5.742,1.23887,2.70578
-0.37148,-5.73016,1.24059,2.68866
-0.387507,-5.71832,1.24231,2.67154
-0.403533,-5.70648,1.24402,2.65441
-0.41956,-5.69464,1.24574,2.63729
-0.435586,-5.6828,1.24745,2.62017
-0.451613,-5.67096,1.24917,2.60304
-0.467639,-5.65911,1.25089,2.58592
-0.483666,-5.64727,1.2526,2.5688
-0.499692,-5.63543,1.25432,2.55167
-0.515719,-5.62359,1.25603,2.53455
-0.531745,-5.61175,1.25775,2.51743
-0.547772,-5.59991,1.25947,2.5003
-0.559671,-5.5839,1.25802,2.49446
-0.571571,-5.56789,1.25656,2.48861
-0.58347,-5.55188,1.25511,2.48277
-0.59537,-5.53587,1.25366,2.47692
-0.607269,-5.51986,1.25221,2.47108
-0.619169,-5.50385,1.25076,2.46523
-0.631068