3.80962e-08,-1.15627e-07,0.1417,-8.95523e-05
-1.27781e-07,-0.000122355,0.141769,-0.000130902
1.56682e-07,-1.26902e-07,0.1417,-0.000172324
5.00356e-07,0.000122101,0.140651,-0.000213617
5.83727e-07,0.000122096,0.141769,-0.000252346
3.17056e-07,-1.43989e-07,0.1417,-0.00029336
-1.0633e-08,-0.000122383,0.140652,-0.00033428
1.13005e-08,-0.000122389,0.141769,-0.000372764
4.85203e-07,-1.62047e-07,0.1417,-0.00041366
1.01751e-06,0.000122065,0.140652,-0.000454429
1.09906e-06,0.000122059,0.141769,-0.000492666
6.41143e-07,-1.80924e-07,0.1417,-0.000533158
1.22996e-07,-0.00012242,0.140652,-0.00057356
1.43912e-07,-0.000122427,0.141769,-0.000611555
8.04779e-07,-2.01013e-07,0.1417,-0.000651931
8.55142e-07,-2.07668e-07,0.1417,-0.000689774
1.60317e-06,0.000122017,0.141769,-0.000729939
9.56658e-07,-2.22166e-07,0.1417,-0.000769919
8.57951e-07,-1.00464e-05,0.141553,-0.0008093
-1.07338e-05,-0.000857744,0.232167,-0.000810051
-1.62026e-05,-0.000341291,0.427854,-0.000742881
-1.20253e-05,-9.17378e-05,0.628817,-0.000640939
-8.30151e-06,0.000103549,0.791486,-0.000526667
-5.45003e-06,9.63625e-05,0.898164,-0.000423141
-3.10758e-06,6.20083e-05,0.976748,-0.000313721
-1.62941e-06,2.82542e-05,1.01594,-0.000228011
-7.20842e-07,7.7879e-06,1.03404,-0.000158339
-2.49427e-07,4.65174e-07,1.0397,-0.00010393
-6.15819e-08,-3.6151e-07,1.03896,-6.30637e-05
-1.47155e-08,4.086e-07,1.03562,-3.36174e-05
-1.41338e-08,8.90824e-07,1.03185,-1.33651e-05
-1.69876e-08,8.37024e-07,1.02862,-2.31106e-07
-1.37356e-08,5.45375e-07,1.02625,7.57985e-06
-7.63567e-09,2.71179e-07,1.02471,1.15493e-05
-2.61852e-09,1.04612e-07,1.02382,1.29185e-05
5.05545e-11,3.19734e-08,1.02338,1.26422e-05
8.55362e-10,1.08006e-08,1.02321,1.14144e-05
7.53472e-10,8.17721e-09,1.02319,9.7306e-06
4.33727e-10,8.35054e-09,1.02324,7.92139e-06
2.01221e-10,7.15304e-09,1.0233,6.25593e-06
8.03864e-11,4.81112e-09,1.02336,4.64929e-06
4.52521e-11,2.7014e-09,1.0234,3.35096e-06
3.94699e-11,1.29251e-09,1.02343,2.3044e-06
3.72566e-11,5.60208e-10,1.02345,1.49344e-06
3.18108e-11,2.54058e-10,1.02346,8.89115e-07
2.47027e-11,1.44523e-10,1.02346,4.57167e-07
1.85036e-11,1.00611e-10,1.02356,-0.000139288
1.50438e-11,7.15645e-11,1.02721,-0.0278967
1.45354e-11,4.56616e-11,1.02975,-0.0910487
1.2977e-11,2.43016e-11,1.03077,-0.170748
1.06379e-11,1.05746e-11,1.03054,-0.254477
9.34131e-12,3.33375e-12,1.02954,-0.33424
9.04135e-12,-1.18988e-13,1.0282,-0.405435
9.02933e-12,-1.78998e-12,1.02683,-0.465872
8.92605e-12,-2.70522e-12,1.02567,-0.513287
8.61545e-12,-3.53774e-12,1.02814,-0.576695
7.79474e-12,-4.85483e-12,1.03001,-0.664946
6.6421e-12,-6.0243e-12,1.03057,-0.763192
5.76044e-12,-6.7634e-12,1.03009,-0.860466
5.3215e-12,-7.24055e-12,1.02901,-0.949914
5.11463e-12,-7.58481e-12,1.02769,-1.02783
4.9336e-12,-7.84206e-12,1.02638,-1.09271
4.70084e-12,-8.03884e-12,1.02532,-1.14468
4.25816e-12,-8.28052e-12,1.02808,-1.20971
2.98344e-12,-8.73993e-12,1.03,-1.29976
1.51135e-12,-8.90751e-12,1.03054,-1.39859
4.87655e-13,-8.92542e-12,1.03003,-1.49563
-6.26635e-14,-9.02089e-12,1.02893,-1.58442
-3.86458e-13,-9.16125e-12,1.0276,-1.66145
-6.51537e-13,-9.25073e-12,1.02635,-1.72308
-9.57521e-13,-9.26861e-12,1.02523,-1.77639
-1.41215e-12,-9.20593e-12,1.02787,-1.83711
-2.66798e-12,-8.84475e-12,1.02995,-1.92439
-3.9592e-12,-8.11001e-12,1.03061,-2.02194
-4.81043e-12,-7.50068e-12,1.03018,-2.1186
-5.32431e-12,-7.24722e-12,1.0291,-2.20754
-5.67866e-12,-7.174e-12,1.02776,-2.28505
-5.96143e-12,-7.09363e-12,1.02644,-2.34965
-6.21042e-12,-6.94006e-12,1.02536,-2.40141
-6.57033e-12,-6.59814e-12,1.02811,-2.46628
-7.38557e-12,-5.54007e-12,1.03,-2.5562
-7.9898e-12,-4.2004e-12,1.03054,-2.65504
-8.32187e-12,-3.23583e-12,1.03003,-2.75209
-8.58817e-12,-2.73939e-12,1.02893,-2.8409
-8.82657e-12,-2.46976e-12,1.0276,-2.91795
-9.00189e-12,-2.23164e-12,1.0263,-2.98191
-9.10907e-12,-1.95453e-12,1.02526,-3.03297
-9.19737e-12,-1.45564e-12,1.02812,-3.09731
-9.23245e-12,-6.91705e-14,1.03009,3.0965
-8.91592e-12,1.38974e-12,1.03063,2.99818
-8.61112e-12,2.34707e-12,1.03011,2.90153
-8.54205e-12,2.8787e-12,1.02899,2.81306
-8.58424e-12,3.21682e-12,1.02764,2.73627
-8.59107e-12,3.48994e-12,1.02637,2.67481
-8.51464e-12,3.7824e-12,1.02543,2.62135
-8.27245e-12,4.27362e-12,1.02827,2.55376
-7.47509e-12,5.39984e-12,1.03004,2.46261
-6.38662e-12,6.36855e-12,1.03048,2.36363
-5.60557e-12,6.96031e-12,1.02992,2.26708
-5.2393e-12,7.35495e-12,1.0288,2.17913
-5.06312e-12,7.65516e-12,1.02748,2.10309
-4.8883e-12,7.88881e-12,1.0262,2.04018
-4.6638e-12,8.06551e-12,1.02522,1.99186
-4.18607e-12,8.31494e-12,1.02812,1.92485
-2.89773e-12,8.75554e-12,1.02997,1.83509
-1.4382e-12,8.90446e-12,1.03049,1.73682
-4.42652e-13,8.91825e-12,1.02998,1.64057
9.06005e-14,9.01926e-12,1.02888,1.55269
4.08535e-13,9.16084e-12,1.02755,1.47654
6.84083e-13,9.2502e-12,1.02626,1.41342
9.78576e-13,9.26364e-12,1.02529,1.36299
1.49547e-12,9.18856e-12,1.02813,1.29763
2.79204e-12,8.79087e-12,1.02997,1.20776
4.05332e-12,8.05553e-12,1.03048,1.10937
4.86955e-12,7.48251e-12,1.02996,1.01294
5.36584e-12,7.24758e-12,1.02886,0.924857
5.70994e-12,7.17267e-12,1.02754,0.84856
5.98739e-12,7.08279e-12,1.02625,0.785322
6.2343e-12,6.9207e-12,1.02539,0.734642
6.62297e-12,6.54078e-12,1.02823,0.667524
7.4345e-12,5.45051e-12,1.02997,0.576785
8.03089e-12,4.11651e-12,1.03042,0.47808
8.35728e-12,3.18169e-12,1.02988,0.381718
8.61812e-12,2.70436e-12,1.02878,0.293915
8.84704e-12,2.44226e-12,1.02747,0.218
9.01376e-12,2.20495e-12,1.02619,0.155168
9.11525e-12,1.92682e-12,1.02516,0.105177
9.16995e-12,1.61561e-12,1.02447,0.0668965
9.19494e-12,1.30192e-12,1.0241,0.0387013
9.20021e-12,1.01241e-12,1.02393,0.0188013
9.19202e-12,7.61735e-13,1.02389,0.00546407
9.17569e-12,5.54621e-13,1.02389,-0.00288356
9.15549e-12,3.89559e-13,1.02389,-0.00758268
9.13483e-12,2.61898e-13,1.02388,-0.00972761
9.117e-12,1.72595e-13,1.02385,-0.010196
9.09895e-12,9.60239e-14,1.0238,-0.00961278
9.08568e-12,4.69811e-14,1.02374,-0.00847434
9.07536e-12,1.43205e-14,1.02368,-0.0070976
9.06765e-12,-6.07216e-15,1.02362,-0.0056943
9.06208e-12,-1.75419e-14,1.02357,-0.00439119
9.05834e-12,-2.27887e-14,1.02353,-0.00325546
9.05594e-12,-2.40433e-14,1.0235,-0.00234713
9.05435e-12,-2.28003e-14,1.02348,-0.00156365
9.05357e-12,-2.00522e-14,1.02347,-0.00099032
9.05315e-12,-1.67316e-14,1.02346,-0.000569003
9.0532e-12,-1.33775e-14,1.02346,-0.000272566
1.83514e-07,2.44952e-07,1.02349,-7.61669e-05
-0.0159853,-0.0199878,1.02943,-0.0207802
-0.124573,-0.128484,1.0299,-0.00704683
-0.272598,-0.26713,1.0249,-0.00093328
-0.382327,-0.378919,1.02269,0.00115163
-0.4439,-0.446243,1.02147,0.00386392
-0.472513,-0.477955,1.02066,0.0052438
-0.484958,-0.48995,1.02056,0.00525603
-0.490008,-0.493331,1.02091,0.0048257
-0.494434,-0.495424,1.02172,0.00394424
-0.496704,-0.49671,1.02236,0.00317292
-0.498096,-0.497848,1.02284,0.0024802
-0.498986,-0.498811,1.02318,0.00182357
-0.499444,-0.499388,1.03301,0.00138552
-0.500251,-0.498255,1.0848,0.00473581
-0.50585,-0.488973,1.14917,0.0187245
-0.519955,-0.468498,1.20586,0.0466545
-0.541552,-0.438743,1.24801,0.0897902
-0.567856,-0.403215,1.27568,0.146797
-0.594615,-0.366723,1.29131,0.212671
-0.623529,-0.326233,1.29983,0.294583
-0.651376,-0.286224,1.30279,0.381809
-0.679761,-0.245386,1.30295,0.475806
-0.708711,-0.204243,1.30183,0.574796
-0.737709,-0.163528,1.30038,0.677201
-0.766529,-0.122841,1.29901,0.782694
-0.795607,-0.0814315,1.29784,0.890355
-0.824958,-0.0401376,1.29692,0.998992
-0.853866,0.000122024,1.29624,1.10779
-0.88214,0.0398221,1.29579,1.217
-0.910372,0.0800916,1.29542,1.32649
-0.939245,0.121133,1.29507,1.43649
-0.968611,0.162427,1.29474,1.54665
-0.997824,0.203069,1.2945,1.65651
-1.02538,0.241585,1.29429,1.75922
-1.05525,0.283746,1.29385,1.86104
-1.08452,0.32503,1.29323,1.94584
-1.11402,0.366262,1.29257,2.01634
-1.14324,0.406978,1.29192,2.07269
-1.17254,0.447808,1.29137,2.11606
-1.20164,0.488432,1.29093,2.14817
-1.23053,0.52879,1.29061,2.17097
-1.25712,0.565944,1.29036,2.18537
-1.28854,0.609864,1.29006,2.1961
-1.31752,0.650405,1.28976,2.20167
-1.34659,0.691068,1.28951,2.20432
-1.3757,0.731812,1.28921,2.20502
-1.4053,0.773221,1.28889,2.20451
-1.43487,0.814596,1.28856,2.20333
-1.46377,0.855048,1.28822,2.20184
-1.49046,0.892403,1.28795,2.20043
-1.52201,0.936563,1.28764,2.19886
-1.55077,0.976809,1.28734,2.1976
-1.57936,1.01683,1.28707,2.19654
-1.60745,1.05614,1.28679,2.19569
-1.63508,1.09481,1.28653,2.19504
-1.66338,1.13437,1.28626,2.19456
-1.69125,1.1733,1.286,2.19423
-1.72137,1.21535,1.28573,2.19399
-1.7502,1.25559,1.28549,2.19385
-1.77957,1.29657,1.28525,2.19377
-1.80913,1.33782,1.285,2.19373
-1.83841,1.37868,1.28473,2.19372
-1.86699,1.41857,1.28447,2.19373
-1.89561,1.4585,1.28424,2.19375
-1.92346,1.49738,1.28399,2.19377
-1.95409,1.54012,1.28371,2.19379
-1.98311,1.58063,1.28345,2.19381
-2.0118,1.62065,1.28319,2.19383
-2.04096,1.66135,1.28292,2.19385
-2.07045,1.70251,1.28267,2.19386
-2.09968,1.7433,1.28244,2.19387
-2.12897,1.78417,1.28219,2.19388
-2.1583,1.8251,1.28193,2.19388
-2.18695,1.86508,1.28167,2.19389
-2.21555,1.90499,1.2814,2.19388
-2.24204,1.94196,1.28116,2.19387
-2.27305,1.98522,1.28087,2.19385
-2.30243,2.02619,1.28061,2.19383
-2.33175,2.06709,1.28036,2.19379
-2.36065,2.10739,1.28012,2.19376
-2.38964,2.14781,1.27991,2.19371
-2.41867,2.1883,1.27966,2.19367
-2.44825,2.22956,1.2794,2.19362
-2.4778,2.27077,1.27914,2.19357
-2.50646,2.31073,1.27886,2.19352
-2.53513,2.35072,1.27861,2.19347
-2.56411,2.39114,1.27836,2.19342
-2.59301,2.43145,1.2781,2.19337
-2.62248,2.47256,1.27784,2.19331
-2.65192,2.5136,1.2776,2.19326
-2.68107,2.55425,1.27734,2.19321
-2.70981,2.59434,1.27708,2.19316
-2.73853,2.63439,1.27681,2.19311
-2.76622,2.67301,1.27652,2.19306
-2.78745,2.70264,1.27622,2.19301
-2.80021,2.72051,1.27587,2.19297
-2.80674,2.72975,1.27555,2.19294
-2.80979,2.73418,1.27532,2.19292
-2.81122,2.73636,1.27517,2.1929
-2.81198,2.73755,1.27509,2.19289
-2.81241,2.73825,1.27506,2.19288
-2.81268,2.73868,1.27505,2.19287
-2.81284,2.73894,1.27506,2.19287
-2.81293,2.73908,1.27506,2.19287
-2.81298,2.73916,1.27507,2.19287
-2.81301,2.7392,1.27507,2.19287
-2.81302,2.73922,1.27508,2.19287
-2.81303,2.73924,1.27508,2.19287
-2.81303,2.73924,1.27508,2.19287
-2.81303,2.73925,1.27508,2.19287
-2.81303,2.73925,1.27508,2.19287
-2.81304,2.73925,1.27508,2.19287
-2.81304,2.73925,1.27508,2.19287
-2.81304,2.73925,1.27508,2.19287
-2.81304,2.73925,1.27508,2.19287
-2.81304,2.73925,1.27508,2.19287
-2.81304,2.73925,1.27508,2.19287
-2.81304,2.73925,1.27508,2.19287
-2.81304,2.73925,1.27508,2.19287
-2.81304,2.73925,1.27508,2.19287
-2.81304,2.73925,1.27508,2.19287
-2.81304,2.73925,1.27508,2.19287
-2.81304,2.73925,1.27508,2.19287
-2.81304,2.73925,1.27508,2.19287
-2.81304,2.73925,1.27508,2.19287
-2.81304,2.73925,1.27508,2.19287
-2.81313,2.73939,1.27535,2.1923
-2.81315,2.73942,1.27537,2.19219
-2.81317,2.73945,1.27539,2.19208
-2.81319,2.73948,1.27542,2.19196
-2.81321,2.73951,1.27545,2.19182
-2.81323,2.73955,1.27548,2.19166
-2.81325,2.73959,1.27551,2.1915
-2.81336,2.74019,1.27619,2.1858
-2.80807,2.73606,1.27738,2.16345
-2.79256,2.71983,1.27829,2.122
-2.76997,2.6932,1.27899,2.06057
-2.74277,2.66013,1.27937,1.98062
-2.7129,2.62419,1.27944,1.88478
-2.68145,2.58746,1.27939,1.7759
-2.6489,2.55049,1.27928,1.65652
-2.61551,2.513,1.2791,1.52867
-2.58231,2.47506,1.2789,1.39484
-2.55122,2.43904,1.27872,1.26236
-2.51736,2.40047,1.27868,1.11469
-2.48415,2.36278,1.27865,0.96971
-2.45095,2.32435,1.27859,0.822628
-2.4181,2.28582,1.27848,0.674051
-2.38576,2.24788,1.27836,0.524948
-2.35395,2.21083,1.27827,0.375355
-2.32134,2.17375,1.27818,0.224745
-2.28945,2.13743,1.2781,0.0799538
-2.18478,2.01334,1.27543,-0.812282
-2.18478,2.01334,1.27543,-0.812296
-2.18478,2.01334,1.27542,-0.812308
-2.18478,2.01334,1.27542,-0.812317
-2.18477,2.01334,1.27542,-0.812323
-2.18477,2.01333,1.27541,-0.812327
-2.18477,2.01333,1.27541,-0.812329
-2.18477,2.01333,1.27541,-0.812328
-2.18477,2.01333,1.2754,-0.812324
-2.18477,2.01333,1.2754,-0.812318
-2.18471,2.01326,1.2756,-0.812742
-2.18469,2.01324,1.27561,-0.812826
-2.18467,2.01322,1.27563,-0.812917
-2.18464,2.01319,1.27565,-0.813014
-2.18461,2.01316,1.27566,-0.813117
-2.18242,2.01071,1.27598,-0.815997
-2.1719,1.99879,1.27622,-0.821598
-2.15223,1.97614,1.27626,-0.828046
-2.12658,1.94637,1.27623,-0.834448
-2.09728,1.91236,1.27617,-0.840294
-2.06596,1.87607,1.27608,-0.845327
-2.03406,1.83914,1.27602,-0.849461
-2.00194,1.80198,1.27598,-0.852719
-1.97008,1.76509,1.27595,-0.855188
-1.93811,1.72805,1.27592,-0.856987
-1.90574,1.69052,1.27589,-0.858239
-1.87308,1.65265,1.27592,-0.859064
-1.84041,1.61476,1.27591,-0.859566
-1.80737,1.57645,1.27588,-0.859837
-1.77433,1.53813,1.27587,-0.859948
-1.74169,1.50029,1.27587,-0.859956
-1.70939,1.46282,1.27586,-0.859902
-1.67923,1.42784,1.27584,-0.859823
-1.64387,1.38684,1.27581,-0.859716
-1.53175,1.25596,1.27464,-0.859248
-1.53175,1.25595,1.27464,-0.859248
-1.53175,1.25595,1.27464,-0.859248
-1.53175,1.25595,1.27464,-0.859248
-1.53175,1.25595,1.27464,-0.859248
-1.53175,1.25595,1.27464,-0.859248
-1.53175,1.25595,1.27464,-0.859248
-1.53175,1.25595,1.27464,-0.859248
-1.53175,1.25595,1.27464,-0.859248
-1.53175,1.25595,1.27464,-0.859248
-1.53171,1.2559,1.2747,-0.859249
-1.5317,1.25589,1.27471,-0.859249
-1.53168,1.25587,1.27472,-0.859249
-1.53166,1.25585,1.27472,-0.859249
-1.53164,1.25582,1.27473,-0.85925
-1.53161,1.25579,1.27474,-0.85925
-1.53158,1.25575,1.27475,-0.85925
-1.53085,1.2549,1.27486,-0.85925
-1.52357,1.24647,1.27517,-0.859251
-1.50689,1.22718,1.27539,-0.859252
-1.48305,1.19964,1.27558,-0.859252
-1.45465,1.16685,1.27573,-0.859251
-1.42378,1.13121,1.27583,-0.859251
-1.39205,1.09454,1.27586,-0.85925
-1.35986,1.0573,1.27589,-0.859249
-1.32745,1.01978,1.27588,-0.859248
-1.29482,0.981961,1.27584,-0.859248
-1.26238,0.944354,1.27579,-0.859247
-1.23017,0.907009,1.27579,-0.859247
-1.20032,0.872388,1.27579,-0.859246
-1.16515,0.831601,1.27575,-0.859246
-1.13254,0.793779,1.27571,-0.859246
-1.09985,0.755875,1.2757,-0.859246
-1.06692,0.717683,1.27569,-0.859246
-1.0337,0.679152,1.27568,-0.859246
-1.00059,0.640754,1.27567,-0.859246
-0.878917,0.498823,1.27445,-0.859254
-0.878913,0.498817,1.27445,-0.859254
-0.878909,0.498811,1.27445,-0.859254
-0.878905,0.498806,1.27445,-0.859254
-0.878901,0.498801,1.27445,-0.859254
-0.878897,0.498796,1.27445,-0.859254
-0.878893,0.498791,1.27445,-0.859254
-0.87889,0.498786,1.27445,-0.859254
-0.878886,0.498781,1.27445,-0.859254
-0.878882,0.498777,1.27445,-0.859254
-0.878835,0.498715,1.27448,-0.859254
-0.878831,0.498709,1.27448,-0.859254
-0.878702,0.498557,1.27455,-0.859254
-0.874245,0.493387,1.27488,-0.859254
-0.85997,0.476859,1.27513,-0.859254
-0.837297,0.450656,1.27532,-0.859253
-0.809575,0.418651,1.27546,-0.859252
-0.779571,0.384015,1.27554,-0.859251
-0.748043,0.347589,1.27559,-0.85925
-0.71572,0.310203,1.27564,-0.85925
-0.683392,0.272775,1.27568,-0.859249
-0.650931,0.235165,1.2757,-0.859248
-0.618525,0.197601,1.27566,-0.859247
-0.585849,0.159714,1.27565,-0.859247
-0.553217,0.121875,1.27564,-0.859246
-0.520642,0.0840985,1.2756,-0.859246
-0.489137,0.0475613,1.27556,-0.859246
-0.45523,0.00823881,1.27552,-0.859246
-0.423247,-0.0288551,1.27549,-0.859246
-0.390611,-0.0667086,1.27548,-0.859246
-0.357593,-0.105004,1.27545,-0.859246
-0.225859,-0.258607,1.27428,-0.859254
-0.225856,-0.258611,1.27428,-0.859254
-0.225853,-0.258614,1.27428,-0.859254
-0.22585,-0.258618,1.27428,-0.859254
-0.225848,-0.258622,1.27428,-0.859254
-0.225845,-0.258625,1.27428,-0.859254
-0.225843,-0.258629,1.27428,-0.859254
-0.22584,-0.258632,1.27428,-0.859254
-0.225838,-0.258635,1.27428,-0.859254
-0.225835,-0.258638,1.27428,-0.859254
-0.225803,-0.25868,1.27432,-0.859254
-0.225798,-0.258686,1.27432,-0.859254
-0.225774,-0.258715,1.27435,-0.859263
-0.225528,-0.259066,1.27465,-0.859439
-0.223353,-0.265795,1.27747,-0.861949
-0.221537,-0.284988,1.28408,-0.869401
-0.222524,-0.316544,1.29407,-0.882681
-0.226528,-0.355671,1.30679,-0.901733
-0.232435,-0.398686,1.3214,-0.926118
-0.239128,-0.443511,1.33725,-0.955217
-0.245958,-0.489375,1.35377,-0.988333
-0.252808,-0.535921,1.37052,-1.02457
-0.259692,-0.582279,1.38712,-1.06298
-0.266619,-0.628213,1.40377,-1.10317
-0.273588,-0.674996,1.42055,-1.14479
-0.28066,-0.722087,1.43709,-1.1871
-0.287776,-0.76818,1.45343,-1.22974
-0.294808,-0.814087,1.46982,-1.27269
-0.301794,-0.860379,1.48619,-1.31578
-0.3089,-0.907044,1.50269,-1.35901
-0.31603,-0.953817,1.51921,-1.40223
-0.323196,-1.00058,1.53572,-1.44544
-0.352772,-1.18852,1.59726,-1.70149
-0.352773,-1.18852,1.59725,-1.70147
-0.352773,-1.18853,1.59725,-1.70145
-0.352773,-1.18853,1.59725,-1.70144
-0.352773,-1.18853,1.59725,-1.70142
-0.352774,-1.18853,1.59724,-1.7014
-0.352774,-1.18853,1.59724,-1.70138
-0.352774,-1.18853,1.59724,-1.70136
-0.352774,-1.18853,1.59724,-1.70133
-0.352774,-1.18853,1.59723,-1.70131
-0.352789,-1.18865,1.59755,-1.70112
-0.352792,-1.18868,1.59759,-1.70112
-0.352795,-1.18871,1.59763,-1.70113
-0.352799,-1.18875,1.59767,-1.70113
-0.352802,-1.1888,1.59771,-1.70114
-0.352805,-1.18886,1.59775,-1.70115
-0.352692,-1.1918,1.59834,-1.70118
-0.350424,-1.20652,1.59799,-1.69996
-0.344306,-1.23427,1.5954,-1.6962
-0.334252,-1.27167,1.59073,-1.68942
-0.321653,-1.31423,1.58445,-1.67961
-0.307738,-1.3593,1.57715,-1.667
-0.293402,-1.4053,1.5692,-1.65195
-0.279091,-1.45151,1.56095,-1.63495
-0.264863,-1.49759,1.55256,-1.61639
-0.250574,-1.54398,1.54416,-1.59661
-0.236087,-1.59094,1.53567,-1.57583
-0.221369,-1.6386,1.52722,-1.55439
-0.206605,-1.68615,1.51881,-1.53253
-0.192034,-1.73301,1.51057,-1.51054
-0.178893,-1.77525,1.50303,-1.49022
-0.16343,-1.82524,1.4942,-1.46631
-0.148897,-1.87223,1.4859,-1.44405
-0.13414,-1.9199,1.47761,-1.42181
-0.119541,-1.9668,1.46937,-1.39967
-0.0694299,-2.13022,1.44105,-1.28088
-0.0694297,-2.13022,1.44105,-1.28088
-0.0694294,-2.13022,1.44105,-1.28089
-0.0694292,-2.13022,1.44105,-1.2809
-0.0694289,-2.13023,1.44105,-1.28091
-0.0694287,-2.13023,1.44105,-1.28092
-0.0694285,-2.13023,1.44105,-1.28093
-0.0694283,-2.13023,1.44105,-1.28093
-0.0694281,-2.13023,1.44105,-1.28094
-0.0694279,-2.13023,1.44105,-1.28095
-0.0694191,-2.13027,1.44104,-1.28105
-0.0694161,-2.13027,1.44105,-1.28105
-0.0694124,-2.13029,1.44105,-1.28105
-0.0694079,-2.1303,1.44107,-1.28105
-0.0694026,-2.13032,1.44108,-1.28106
-0.0694346,-2.13273,1.44349,-1.28195
-0.0734876,-2.14122,1.45376,-1.28684
-0.0855126,-2.15354,1.47255,-1.29719
-0.104728,-2.16732,1.49861,-1.31354
-0.128469,-2.18145,1.53003,-1.33574
-0.154543,-2.19575,1.56536,-1.36341
-0.182174,-2.21056,1.60323,-1.39589
-0.210409,-2.22558,1.64208,-1.43213
-0.238482,-2.24041,1.68089,-1.47112
-0.266264,-2.25504,1.71963,-1.51223
-0.294335,-2.26986,1.75879,-1.55519
-0.321745,-2.28434,1.79633,-1.59757
-0.351612,-2.29996,1.83673,-1.64425
-0.380014,-2.31474,1.87554,-1.68966
-0.408568,-2.32966,1.91417,-1.7353
-0.436894,-2.34447,1.95242,-1.78092
-0.465044,-2.35916,1.99069,-1.82655
-0.493207,-2.3739,2.02885,-1.87203
-0.521426,-2.38862,2.06713,-1.91746
-0.619775,-2.43955,2.19114,-2.16112
-0.619778,-2.43955,2.19113,-2.16115
-0.619781,-2.43955,2.19111,-2.16117
-0.619784,-2.43955,2.1911,-2.16119
-0.619786,-2.43955,2.19108,-2.16121
-0.619789,-2.43955,2.19107,-2.16123
-0.619792,-2.43955,2.19105,-2.16125
-0.619794,-2.43955,2.19104,-2.16127
-0.619797,-2.43955,2.19103,-2.16129
-0.619799,-2.43955,2.19101,-2.1613
-0.619831,-2.43956,2.1911,-2.1615
-0.619836,-2.43956,2.19114,-2.16153
-0.619842,-2.43957,2.1912,-2.16155
-0.620611,-2.44068,2.19355,-2.16158
-0.621064,-2.45026,2.19669,-2.1584
-0.617876,-2.47333,2.19874,-2.14963
-0.609944,-2.50756,2.19926,-2.13466
-0.598202,-2.5487,2.19839,-2.11355
-0.584515,-2.59312,2.19649,-2.08699
-0.570361,-2.63829,2.1939,-2.05575
-0.555987,-2.68471,2.19092,-2.02043
-0.541637,-2.73174,2.18771,-1.98211
-0.527199,-2.77861,2.18433,-1.9414
-0.51389,-2.82195,2.18116,-1.9024
-0.498135,-2.87308,2.17746,-1.85521
-0.483445,-2.92068,2.17406,-1.81046
-0.468521,-2.96899,2.17068,-1.76502
-0.453505,-3.01735,2.16732,-1.71923
-0.438619,-3.06512,2.16401,-1.67342
-0.42392,-3.11235,2.16071,-1.62756
-0.409748,-3.15827,2.15756,-1.58343
-0.394853,-3.20643,2.15427,-1.53747
-0.341567,-3.37922,2.14164,-1.28494
-0.341565,-3.37923,2.14164,-1.28488
-0.341564,-3.37923,2.14164,-1.28482
-0.341562,-3.37924,2.14165,-1.28477
-0.34156,-3.37925,2.14165,-1.28472
-0.341558,-3.37925,2.14165,-1.28467
-0.341556,-3.37926,2.14165,-1.28462
-0.341555,-3.37926,2.14165,-1.28457
-0.341553,-3.37927,2.14165,-1.28453
-0.341551,-3.37927,2.14165,-1.28448
-0.341534,-3.37933,2.14169,-1.28402
-0.341532,-3.37934,2.14169,-1.28398
-0.341353,-3.37992,2.14181,-1.28314
-0.33895,-3.38763,2.14271,-1.2814
-0.332012,-3.40957,2.14481,-1.27942
-0.32136,-3.44285,2.14803,-1.27744
-0.309025,-3.48117,2.1521,-1.27567
-0.294392,-3.52659,2.15726,-1.27396
-0.27962,-3.57253,2.16266,-1.27256
-0.264649,-3.6192,2.16828,-1.27137
-0.24962,-3.66615,2.17397,-1.27039
-0.234708,-3.71279,2.17973,-1.26958
-0.219544,-3.76025,2.1855,-1.26891
-0.204274,-3.80806,2.1912,-1.26835
-0.189236,-3.85515,2.19683,-1.26787
-0.174794,-3.90037,2.20227,-1.26747
-0.159139,-3.9494,2.20809,-1.26708
-0.14419,-3.99623,2.21365,-1.26673
-0.12918,-4.04324,2.21929,-1.2664
-0.114079,-4.09054,2.22497,-1.26608
-0.0988854,-4.13813,2.2306,-1.26576
-0.0394189,-4.32615,2.25051,-1.26388
-0.0394187,-4.32615,2.25051,-1.26388
-0.0394186,-4.32616,2.25051,-1.26388
-0.0394184,-4.32616,2.25051,-1.26388
-0.0394182,-4.32616,2.25051,-1.26388
-0.0394181,-4.32616,2.25051,-1.26388
-0.0394179,-4.32616,2.25051,-1.26388
-0.0394178,-4.32616,2.25051,-1.26388
-0.0394177,-4.32616,2.25051,-1.26388
-0.0394175,-4.32616,2.25051,-1.26388
-0.0393973,-4.32623,2.25064,-1.26389
-0.0393912,-4.32625,2.25065,-1.26389
-0.0393839,-4.32627,2.25067,-1.2639
-0.0393753,-4.3263,2.25068,-1.2639
-0.0393653,-4.32633,2.25069,-1.26392
-0.039354,-4.32637,2.25069,-1.26393
-0.039189,-4.32747,2.25038,-1.26447
-0.0419911,-4.33575,2.24597,-1.26911
-0.0533002,-4.35179,2.23539,-1.27991
-0.0737415,-4.37285,2.21909,-1.29764
-0.100647,-4.3965,2.1983,-1.32237
-0.131181,-4.42152,2.17433,-1.35351
-0.163514,-4.44742,2.14851,-1.39012
-0.196105,-4.47345,2.12194,-1.43105
-0.228604,-4.4994,2.09506,-1.4754
-0.261322,-4.52558,2.06804,-1.52242
-0.294447,-4.55201,2.04078,-1.57156
-0.327996,-4.57866,2.01356,-1.62216
-0.36155,-4.60516,1.98664,-1.67363
-0.394709,-4.63132,1.9599,-1.72559
-0.427909,-4.65753,1.93328,-1.7778
-0.46084,-4.68358,1.90676,-1.8301
-0.494024,-4.70981,1.88037,-1.88236
-0.526985,-4.73582,1.85393,-1.93455
-0.560233,-4.76206,1.82723,-1.98684
-0.684397,-4.85933,1.73101,-2.27878
-0.684406,-4.85934,1.73103,-2.27892
-0.684415,-4.85934,1.73104,-2.27905
-0.684424,-4.85935,1.73106,-2.27919
-0.684433,-4.85935,1.73108,-2.27931
-0.684441,-4.85936,1.73109,-2.27944
-0.68445,-4.85936,1.73111,-2.27956
-0.684458,-4.85937,1.73113,-2.27968
-0.684466,-4.85937,1.73114,-2.2798
-0.684474,-4.85937,1.73116,-2.27991
-0.684576,-4.85943,1.73126,-2.28135
-0.684901,-4.85973,1.73113,-2.28248
-0.686725,-4.8653,1.73236,-2.28236
-0.687465,-4.88222,1.73719,-2.27712
-0.684535,-4.91023,1.74643,-2.26532
-0.677695,-4.94685,1.75963,-2.24653
-0.668281,-4.9884,1.77566,-2.22121
-0.658163,-5.03031,1.79271,-2.19161
-0.647035,-5.07611,1.81198,-2.15492
-0.636515,-5.11976,1.83091,-2.11602
-0.626079,-5.16379,1.85025,-2.07408
-0.615464,-5.20896,1.86963,-2.02995
-0.604623,-5.25411,1.88895,-1.98431
-0.59376,-5.29891,1.90803,-1.9378
-0.583002,-5.3432,1.92711,-1.89059
-0.572619,-5.38647,1.9456,-1.84466
-0.56124,-5.43386,1.96538,-1.79484
-0.55031,-5.47859,1.98452,-1.74677
-0.539397,-5.52387,2.00365,-1.6987
-0.528526,-5.56874,2.02268,-1.65075
-0.48472,-5.75084,2.0941,-1.37027
-0.48472,-5.75084,2.0941,-1.37027
-0.48472,-5.75084,2.0941,-1.37027
-0.48472,-5.75084,2.0941,-1.37028
-0.48472,-5.75084,2.0941,-1.37028
-0.48472,-5.75084,2.0941,-1.37028
-0.48472,-5.75084,2.0941,-1.37028
-0.48472,-5.75084,2.0941,-1.37028
-0.48472,-5.75084,2.0941,-1.37029
-0.48472,-5.75084,2.0941,-1.37029
-0.483877,-5.75243,2.09495,-1.36832
-0.483755,-5.75261,2.09496,-1.36817
-0.483622,-5.7528,2.09495,-1.36802
-0.483476,-5.75301,2.09495,-1.36786
-0.483318,-5.75322,2.09493,-1.36769
-0.483146,-5.75345,2.09492,-1.36751
-0.482961,-5.75369,2.09489,-1.36733
-0.482762,-5.75394,2.09487,-1.36714
-0.482548,-5.7542,2.09484,-1.36694
-0.48232,-5.75447,2.0948,-1.36674
-0.482077,-5.75476,2.09476,-1.36653
-0.481818,-5.75506,2.09471,-1.36631
-0.481543,-5.75537,2.09466,-1.36608
-0.481253,-5.75569,2.0946,-1.36585
-0.480947,-5.75603,2.09453,-1.36561
-0.480624,-5.75637,2.09446,-1.36536
-0.480285,-5.75673,2.09438,-1.3651
-0.479929,-5.7571,2.0943,-1.36484
-0.479556,-5.75748,2.09421,-1.36456
-0.469779,-5.76603,2.09137,-1.35821
-0.446326,-5.78216,2.0838,-1.34477
-0.413646,-5.80112,2.07237,-1.32599
-0.375444,-5.82135,2.0582,-1.30243
-0.334794,-5.84208,2.04238,-1.27484
-0.293978,-5.86284,2.02589,-1.24423
-0.253731,-5.8834,2.00885,-1.21105
-0.212594,-5.90469,1.99155,-1.17583
-0.17123,-5.92605,1.97425,-1.13925
-0.129766,-5.94725,1.95691,-1.10162
-0.088014,-5.96862,1.93971,-1.06334
-0.0460701,-5.99003,1.92236,-1.02445
-0.00359244,-6.01176,1.90498,-0.98521
0.0388111,-6.03337,1.88786,-0.946021
0.0801696,-6.05436,1.8709,-0.906938
0.121382,-6.07537,1.85399,-0.867954
0.163064,-6.09667,1.83684,-0.828874
0.205331,-6.11829,1.81971,-0.789865
0.340015,-6.18742,1.76683,-0.594196
0.340015,-6.18742,1.76683,-0.594199
0.340015,-6.18742,1.76683,-0.594201
0.340015,-6.18742,1.76683,-0.594204
0.340015,-6.18742,1.76683,-0.594207
0.340015,-6.18742,1.76683,-0.59421
0.340015,-6.18742,1.76683,-0.594212
0.340015,-6.18742,1.76683,-0.594215
0.340015,-6.18742,1.76683,-0.594217
0.340015,-6.18742,1.76683,-0.59422
0.341796,-6.18812,1.76627,-0.592936
0.342021,-6.1882,1.76626,-0.592844
0.342264,-6.18829,1.76624,-0.592749
0.342527,-6.18838,1.76623,-0.592649
0.342809,-6.18848,1.76622,-0.592546
0.343112,-6.18859,1.76621,-0.59244
0.343436,-6.1887,1.76621,-0.592329
0.343782,-6.18882,1.7662,-0.592215
0.34415,-6.18894,1.7662,-0.592098
0.34454,-6.18908,1.76619,-0.591976
0.344952,-6.18922,1.76619,-0.591851
0.345387,-6.18936,1.76619,-0.591722
0.345845,-6.18951,1.76619,-0.59159
0.346326,-6.18967,1.76619,-0.591453
0.34683,-6.18984,1.7662,-0.591312
0.347357,-6.19001,1.7662,-0.591168
0.347908,-6.19019,1.76621,-0.59102
0.362627,-6.19474,1.76676,-0.587468
0.393213,-6.20304,1.76877,-0.580697
0.432728,-6.21275,1.77204,-0.571754
0.476904,-6.22293,1.77626,-0.560956
0.52294,-6.23331,1.78119,-0.548596
0.569791,-6.24393,1.78653,-0.534996
0.613203,-6.25384,1.7917,-0.521602
0.665187,-6.26579,1.79795,-0.505026
0.71385,-6.27697,1.80373,-0.489151
0.761681,-6.2879,1.80943,-0.473012
0.809027,-6.29869,1.81508,-0.456696
0.856786,-6.30963,1.82074,-0.440215
0.905312,-6.32076,1.82641,-0.423635
0.95406,-6.33189,1.83206,-0.407052
1.00247,-6.34291,1.83779,-0.390449
1.05097,-6.35399,1.84353,-0.373841
1.10004,-6.3652,1.84927,-0.357213
1.14893,-6.37636,1.855,-0.340604
1.306,-6.41266,1.87091,-0.25592
1.306,-6.41266,1.87091,-0.255927
1.30601,-6.41266,1.87091,-0.255935
1.30601,-6.41266,1.87091,-0.255943
1.30601,-6.41266,1.87091,-0.255951
1.30601,-6.41266,1.87091,-0.25596
1.30601,-6.41266,1.8709,-0.255968
1.30601,-6.41266,1.8709,-0.255976
1.30601,-6.41266,1.8709,-0.255985
1.30601,-6.41266,1.8709,-0.255993
1.30605,-6.41267,1.871,-0.256098
1.30607,-6.41268,1.87102,-0.256094
1.30608,-6.41268,1.87104,-0.256087
1.3061,-6.41268,1.87106,-0.256078
1.30612,-6.41269,1.87108,-0.256065
1.30699,-6.41276,1.87157,-0.255615
1.31639,-6.41071,1.87375,-0.251803
1.33875,-6.4022,1.87711,-0.24287
1.37043,-6.38653,1.88154,-0.228353
1.40791,-6.3654,1.88673,-0.208434
1.44742,-6.34173,1.89236,-0.183715
1.48687,-6.31774,1.89807,-0.155879
1.53041,-6.29144,1.90434,-0.122302
1.57236,-6.266,1.91045,-0.0872856
1.61451,-6.24061,1.91657,-0.0501674
1.65728,-6.21483,1.92269,-0.0114371
1.70017,-6.18891,1.92876,0.0282988
1.74251,-6.16318,1.93477,0.0685819
1.78467,-6.13758,1.94086,0.109404
1.82752,-6.11167,1.94695,0.150563
1.86875,-6.08663,1.95273,0.190079
1.91304,-6.05964,1.95899,0.232968
1.95566,-6.03375,1.96492,0.273947
1.99707,-6.00853,1.9708,0.314612
2.15691,-5.91193,1.99072,0.542771
2.15691,-5.91193,1.99072,0.542754
2.15691,-5.91193,1.99072,0.542738
2.15691,-5.91193,1.99072,0.542722
2.15691,-5.91193,1.99072,0.542706
2.15691,-5.91193,1.99072,0.54269
2.15691,-5.91193,1.99072,0.542674
2.15691,-5.91193,1.99072,0.542658
2.15691,-5.91193,1.99072,0.542643
2.15691,-5.91193,1.99072,0.542628
2.15737,-5.91167,1.99116,0.542819
2.15745,-5.91163,1.9912,0.542846
2.15754,-5.91158,1.99124,0.542874
2.15764,-5.91152,1.99129,0.542902
2.15776,-5.91147,1.99134,0.54293
2.15788,-5.9114,1.99138,0.542958
2.15802,-5.91133,1.99144,0.542986
2.15818,-5.91126,1.99149,0.543015
2.15835,-5.91118,1.99155,0.543042
2.15853,-5.91109,1.9916,0.54307
2.15874,-5.911,1.99166,0.543096
2.15945,-5.91068,1.99186,0.543172
2.1724,-5.90592,1.99405,0.543244
2.20101,-5.89678,1.99746,0.54168
2.23853,-5.88606,2.00156,0.538204
2.28153,-5.87464,2.00621,0.532663
2.32695,-5.86296,2.01112,0.525196
2.3731,-5.85125,2.01619,0.516011
2.42009,-5.83932,2.0214,0.505324
2.46594,-5.82764,2.02648,0.493912
2.51638,-5.81485,2.032,0.480533
2.56529,-5.80247,2.03732,0.466917
2.61405,-5.79016,2.04259,0.452855
2.66205,-5.77808,2.04785,0.438449
2.71026,-5.76591,2.05305,0.423857
2.75815,-5.75384,2.05818,0.409194
2.80583,-5.74184,2.06331,0.394489
2.85366,-5.72978,2.06843,0.379782
2.90173,-5.71768,2.07362,0.365044
2.95056,-5.70537,2.0789,0.350278
3.1191,-5.66363,2.09468,0.27253
3.1191,-5.66363,2.09468,0.272536
3.1191,-5.66363,2.09468,0.272542
3.1191,-5.66363,2.09468,0.272549
3.1191,-5.66363,2.09468,0.272555
3.1191,-5.66363,2.09468,0.272561
3.1191,-5.66363,2.09468,0.272567
3.1191,-5.66363,2.09468,0.272573
3.1191,-5.66363,2.09468,0.272579
3.1191,-5.66363,2.09468,0.272585
3.11948,-5.66352,2.09482,0.272607
3.11955,-5.6635,2.09481,0.272607
3.11964,-5.66347,2.09481,0.272608
3.11973,-5.66344,2.0948,0.27261
3.11984,-5.6634,2.09478,0.272613
3.11996,-5.66336,2.09477,0.272617
3.12009,-5.66331,2.09475,0.272622
3.12023,-5.66326,2.09473,0.272628
3.12039,-5.6632,2.0947,0.272635
3.12056,-5.66314,2.09467,0.272644
3.12075,-5.66307,2.09464,0.272654
3.12775,-5.66005,2.09311,0.273263
3.14998,-5.6491,2.08746,0.276003
3.18061,-5.63258,2.0789,0.280832
3.2164,-5.61222,2.0678,0.287919
3.25486,-5.58979,2.05501,0.297111
3.29432,-5.56662,2.04108,0.308196
3.33462,-5.54299,2.02664,0.320823
3.37505,-5.51931,2.01185,0.334725
3.4162,-5.49527,1.9969,0.349639
3.45734,-5.47124,1.98208,0.365249
3.49827,-5.44727,1.96735,0.381344
3.53932,-5.42324,1.9525,0.397838
3.58101,-5.39885,1.93766,0.414594
3.62262,-5.37446,1.92298,0.431451
3.6638,-5.35031,1.90828,0.448398
3.70537,-5.32596,1.8936,0.465358
3.74648,-5.30188,1.87898,0.482265
3.78764,-5.27779,1.86425,0.499186
3.82924,-5.25345,1.84945,0.516112
3.87046,-5.22924,1.83523,0.53304
3.905,-5.20504,1.82143,0.553344
3.92185,-5.17806,1.80722,0.580435
3.9195,-5.14829,1.79237,0.615644
3.90375,-5.11659,1.77712,0.659046
3.88075,-5.08322,1.76155,0.710242
3.85648,-5.05113,1.74682,0.763592
3.82623,-5.01233,1.72925,0.832495
3.79736,-4.97579,1.71283,0.901274
3.76803,-4.93901,1.69615,0.974047
3.73805,-4.90167,1.67933,1.04988
3.70781,-4.86444,1.66261,1.12774
3.67795,-4.82799,1.64611,1.20676
3.64827,-4.79166,1.62954,1.28685
3.62086,-4.7579,1.61424,1.36121
3.58846,-4.71822,1.59645,1.44869
3.55865,-4.68199,1.5801,1.52971
3.52888,-4.64566,1.56358,1.61106
3.49878,-4.60876,1.54705,1.69248
3.4685,-4.57187,1.53053,1.77381
3.43863,-4.53563,1.5143,1.85441
3.41038,-4.50178,1.4997,1.92835
3.37882,-4.46586,1.48568,2.00075
3.34674,-4.43188,1.47389,2.06084
3.31286,-4.39802,1.4634,2.11121
3.27788,-4.36421,1.45395,2.15232
3.24269,-4.33076,1.44517,2.18522
3.20718,-4.29716,1.43682,2.2112
3.17172,-4.26362,1.42861,2.23158
3.1361,-4.22993,1.42043,2.2476
3.10021,-4.19599,1.41222,2.26039
3.06423,-4.16196,1.40399,2.27085
3.02822,-4.12794,1.39576,2.2797
2.99278,-4.09445,1.38753,2.28751
2.95728,-4.06091,1.37928,2.29471
2.92184,-4.02743,1.37097,2.3016
2.88585,-3.99342,1.3625,2.30846
2.85209,-3.96151,1.35471,2.31479
2.81284,-3.92448,1.34569,2.32233
2.7773,-3.89092,1.33742,2.32943
2.74204,-3.85761,1.32935,2.33657
2.71012,-3.82747,1.32252,2.3433
2.6877,-3.80634,1.31748,2.34923
2.67498,-3.79428,1.3141,2.3542
2.66889,-3.78835,1.31214,2.35805
2.66582,-3.78523,1.31104,2.36126
2.66441,-3.78372,1.31062,2.36353
2.66363,-3.78288,1.31054,2.36514
2.66316,-3.78237,1.31063,2.36623
2.66288,-3.78207,1.31077,2.36692
2.66271,-3.78189,1.3109,2.36732
2.66262,-3.78179,1.31099,2.36751
2.66257,-3.78174,1.31106,2.36756
2.66254,-3.78171,1.3111,2.36752
2.66253,-3.78169,1.31111,2.36744
2.66252,-3.78168,1.31112,2.36734
2.66251,-3.78168,1.31112,2.36723
2.66251,-3.78168,1.31111,2.36713
2.66251,-3.78167,1.31111,2.36704
2.66251,-3.78167,1.3111,2.36697
2.66251,-3.78167,1.3111,2.36691
2.66251,-3.78167,1.31109,2.36686
2.66251,-3.78167,1.31109,2.36683
2.66251,-3.78167,1.31109,2.3668
2.66251,-3.78167,1.31109,2.36679
2.66251,-3.78167,1.31109,2.36678
2.66251,-3.78167,1.31109,2.36677
2.66251,-3.78167,1.31109,2.36677
2.66251,-3.78167,1.31109,2.36677
2.66251,-3.78167,1.31109,2.36677
2.66251,-3.78167,1.31109,2.36677
2.66251,-3.78167,1.31109,2.36677
2.66251,-3.78167,1.31109,2.36677
2.66251,-3.78167,1.31109,2.36677
2.66251,-3.78167,1.31109,2.36678
2.66251,-3.78167,1.31109,2.36678
2.66251,-3.78167,1.31109,2.36678
2.66251,-3.78167,1.31109,2.36678
2.66251,-3.78167,1.31109,2.36678
2.66251,-3.78167,1.31109,2.36678
2.66251,-3.78167,1.31109,2.36678
2.66251,-3.78167,1.31109,2.36678
2.66251,-3.78167,1.31109,2.36678
2.66251,-3.78167,1.31109,2.36678
2.66251,-3.78167,1.31109,2.36678
2.66251,-3.78167,1.31109,2.36678
2.66251,-3.78167,1.31109,2.36678
2.66251,-3.78167,1.31109,2.36678
2.66251,-3.78167,1.31109,2.36678
2.66251,-3.78167,1.31109,2.36678
2.66251,-3.78167,1.31109,2.36678
2.66251,-3.78167,1.31109,2.36678
2.66251,-3.78167,1.31109,2.36678
2.66251,-3.78167,1.31109,2.36678
2.66251,-3.78167,1.31109,2.36678
2.66251,-3.78167,1.31109,2.36678
2.66251,-3.78167,1.31109,2.36678
2.66251,-3.78167,1.31109,2.36678
2.66251,-3.78167,1.31109,2.36678
2.66251,-3.78167,1.31109,2.36678
2.66251,-3.78167,1.31109,2.36678
2.66251,-3.78167,1.31109,2.36678
2.66251,-3.78167,1.31109,2.36678
2.66251,-3.78167,1.31109,2.36678
2.66251,-3.78167,1.31109,2.36678
2.66251,-3.78167,1.31109,2.36678
2.66251,-3.78167,1.31109,2.36678
2.66251,-3.78167,1.31109,2.36678
2.66251,-3.78167,1.31109,2.36678
2.66251,-3.78167,1.31109,2.36678
2.66195,-3.78108,1.31093,2.36668
2.66188,-3.78098,1.31093,2.36665
2.6618,-3.78087,1.31092,2.36661
2.66172,-3.78076,1.31091,2.36657
2.66163,-3.78062,1.3109,2.36652
2.66153,-3.78048,1.31089,2.36647
2.66143,-3.78032,1.31088,2.36641
2.66133,-3.78014,1.31087,2.36635
2.66122,-3.77995,1.31086,2.36628
2.66111,-3.77974,1.31085,2.36621
2.66099,-3.77951,1.31084,2.36613
2.66087,-3.77927,1.31083,2.36604
2.66075,-3.77901,1.31082,2.36595
2.66062,-3.77872,1.31081,2.36585
2.66049,-3.77842,1.3108,2.36574
2.65952,-3.77568,1.31073,2.36479
2.65585,-3.75646,1.31031,2.35812
2.65346,-3.72423,1.30982,2.34578
2.65326,-3.683,1.30937,2.32762
2.65463,-3.63653,1.30899,2.30389
2.65661,-3.58771,1.30865,2.27536
2.65873,-3.53829,1.30834,2.24303
2.6608,-3.4895,1.30806,2.20783
2.66282,-3.44077,1.30781,2.17006
2.66472,-3.39081,1.30758,2.13047
2.66685,-3.34097,1.30733,2.08974
2.66908,-3.29174,1.30709,2.04827
2.67131,-3.24219,1.30684,2.00606
2.67348,-3.19185,1.30662,1.96352
2.6758,-3.14167,1.30644,1.92077
2.67809,-3.09168,1.30626,1.87796
2.68037,-3.04149,1.30604,1.83512
2.68263,-2.99158,1.30581,1.79246
2.69251,-2.78914,1.30344,1.54245
2.69251,-2.78914,1.30344,1.54245
2.69251,-2.78914,1.30344,1.54245
2.69251,-2.78914,1.30344,1.54245
2.69251,-2.78914,1.30344,1.54245
2.69251,-2.78914,1.30344,1.54245
2.69251,-2.78914,1.30344,1.54245
2.69251,-2.78914,1.30344,1.54245
2.69251,-2.78914,1.30344,1.54245
2.69251,-2.78914,1.30344,1.54245
2.69266,-2.78526,1.30381,1.54085
2.69268,-2.78489,1.30382,1.54078
2.69269,-2.78449,1.30384,1.54071
2.69271,-2.78408,1.30385,1.54063
2.69273,-2.78364,1.30386,1.54055
2.69274,-2.78318,1.30387,1.54048
2.69276,-2.78269,1.30388,1.5404
2.69278,-2.78218,1.30389,1.54032
2.69281,-2.78165,1.3039,1.54024
2.69283,-2.7811,1.30391,1.54016
2.69285,-2.78052,1.30392,1.54007
2.69288,-2.77992,1.30393,1.53999
2.6929,-2.77929,1.30394,1.53991
2.69293,-2.77864,1.30395,1.53982
2.69295,-2.77797,1.30396,1.53974
2.69298,-2.77727,1.30397,1.53965
2.69301,-2.77655,1.30398,1.53957
2.69304,-2.7758,1.30399,1.53948
2.69308,-2.77503,1.304,1.53939
2.69311,-2.77424,1.30401,1.53931
2.69314,-2.77342,1.30402,1.53922
2.69318,-2.77258,1.30402,1.53913
2.69321,-2.77171,1.30403,1.53904
2.69325,-2.77082,1.30404,1.53895
2.69329,-2.76991,1.30404,1.53886
2.69333,-2.76897,1.30405,1.53877
2.69337,-2.76801,1.30406,1.53868
2.69341,-2.76703,1.30406,1.53858
2.6945,-2.74179,1.30411,1.53662
2.69619,-2.7033,1.30408,1.53432
2.69812,-2.65927,1.30398,1.53223
2.70021,-2.6115,1.3038,1.53044
2.70236,-2.56242,1.3036,1.52898
2.70456,-2.51275,1.30342,1.52782
2.70676,-2.46323,1.30323,1.52695
2.709,-2.4135,1.30299,1.52632
2.71124,-2.36365,1.30274,1.52588
2.7135,-2.31377,1.30252,1.52559
2.71576,-2.26371,1.30229,1.52542
2.71803,-2.21358,1.30204,1.52533
2.72029,-2.16363,1.30181,1.52529
2.72256,-2.11352,1.30161,1.52529
2.72483,-2.06328,1.30138,1.52531
2.72708,-2.01361,1.30115,1.52534
2.72931,-1.96443,1.30092,1.52538
2.73776,-1.79018,1.29902,1.52554
2.73776,-1.79018,1.29902,1.52554
2.73776,-1.79018,1.29902,1.52554
2.73776,-1.79018,1.29902,1.52554
2.73776,-1.79018,1.29902,1.52554
2.73776,-1.79018,1.29902,1.52554
2.73776,-1.79018,1.29902,1.52554
2.73776,-1.79018,1.29902,1.52554
2.73776,-1.79018,1.29902,1.52554
2.73776,-1.79018,1.29902,1.52554
2.73918,-1.78763,1.30033,1.52371
2.73938,-1.78739,1.30042,1.52354
2.73959,-1.78713,1.30051,1.52336
2.73982,-1.78686,1.30061,1.52318
2.74007,-1.78658,1.30071,1.52299
2.74033,-1.78628,1.30081,1.52279
2.74061,-1.78597,1.30092,1.52258
2.74092,-1.78565,1.30102,1.52236
2.74124,-1.78531,1.30114,1.52213
2.74157,-1.78496,1.30125,1.52188
2.74193,-1.7846,1.30137,1.52163
2.74231,-1.78423,1.30149,1.52138
2.7427,-1.78385,1.30161,1.52111
2.74311,-1.78345,1.30174,1.52083
2.74354,-1.78305,1.30186,1.52054
2.74399,-1.78263,1.30199,1.52025
2.74446,-1.7822,1.30213,1.51994
2.74495,-1.78177,1.30227,1.51962
2.74545,-1.78132,1.30241,1.51929
2.74597,-1.78087,1.30255,1.51896
2.74651,-1.78041,1.3027,1.51861
2.74707,-1.77994,1.30285,1.51825
2.74764,-1.77946,1.303,1.51788
2.74823,-1.77897,1.30315,1.5175
2.74884,-1.77848,1.30331,1.51711
2.74947,-1.77798,1.30347,1.51671
2.7704,-1.76433,1.30847,1.50342
2.8033,-1.74786,1.31533,1.48209
2.84283,-1.73085,1.32335,1.45346
2.88598,-1.71349,1.33212,1.41833
2.93071,-1.69581,1.34141,1.37758
2.97563,-1.67798,1.35077,1.33266
3.02024,-1.66035,1.36021,1.2843
3.06532,-1.6424,1.36972,1.23335
3.11055,-1.6245,1.37924,1.18051
3.15604,-1.60666,1.38872,1.12631
3.20211,-1.58864,1.39821,1.07106
3.2482,-1.57063,1.40765,1.01529
3.29026,-1.55424,1.41632,0.963666
3.33995,-1.53479,1.42654,0.902786
3.386,-1.51678,1.436,0.846312
3.43195,-1.49884,1.44538,0.790068
3.4775,-1.48111,1.45486,0.733769
3.63531,-1.42035,1.48343,0.437631
3.63531,-1.42035,1.48343,0.437631
3.63531,-1.42035,1.48343,0.437631
3.63531,-1.42035,1.48343,0.437631
3.63531,-1.42035,1.48343,0.437631
3.63531,-1.42035,1.48343,0.437631
3.63531,-1.42035,1.48343,0.437631
3.63531,-1.42035,1.48343,0.437631
3.63531,-1.42035,1.48343,0.437631
3.63531,-1.42035,1.48343,0.437631
3.63665,-1.42019,1.48575,0.428464
3.63665,-1.42024,1.48585,0.42782
3.63665,-1.42029,1.48595,0.427148
3.63663,-1.42035,1.48605,0.426449
3.6366,-1.42042,1.48615,0.425722
3.63655,-1.42051,1.48625,0.424968
3.63649,-1.4206,1.48635,0.424188
3.63641,-1.4207,1.48645,0.423381
3.63632,-1.42082,1.48655,0.422545
3.63621,-1.42095,1.48665,0.421678
3.63608,-1.42108,1.48675,0.42078
3.63594,-1.42124,1.48686,0.41985
3.63577,-1.4214,1.48696,0.418889
3.63559,-1.42157,1.48707,0.417896
3.63538,-1.42176,1.48717,0.416874
3.63516,-1.42197,1.48728,0.415821
3.63491,-1.42218,1.48738,0.414738
3.63464,-1.42241,1.48748,0.413626
3.63435,-1.42265,1.48758,0.412487
3.63403,-1.4229,1.48769,0.411321
3.6337,-1.42317,1.48779,0.410128
3.63334,-1.42345,1.48789,0.408906
3.63296,-1.42375,1.488,0.407654
3.63255,-1.42405,1.4881,0.406371
3.63212,-1.42437,1.48821,0.405058
3.63167,-1.4247,1.48831,0.403715
3.63119,-1.42505,1.48841,0.402343
3.63069,-1.42541,1.48851,0.40094
3.63017,-1.42577,1.48861,0.399509
3.62962,-1.42616,1.48871,0.398045
3.62905,-1.42655,1.48881,0.396548
3.62846,-1.42695,1.48891,0.395017
3.62784,-1.42736,1.48901,0.393452
3.6272,-1.42779,1.48911,0.391853
3.62654,-1.42822,1.48921,0.390222
3.62585,-1.42867,1.48931,0.388558
3.62514,-1.42913,1.48941,0.386863
3.62441,-1.42959,1.48951,0.385135
3.62366,-1.43007,1.48961,0.383374
3.62288,-1.43055,1.48971,0.381578
3.62208,-1.43105,1.48981,0.379747
3.62126,-1.43155,1.4899,0.377881
3.62042,-1.43207,1.49,0.37598
3.61956,-1.43259,1.4901,0.374047
3.61868,-1.43312,1.4902,0.372081
3.61777,-1.43366,1.4903,0.370084
3.61684,-1.43421,1.4904,0.368057
3.60871,-1.43891,1.49117,0.350815
3.57669,-1.45603,1.49344,0.284435
3.53842,-1.47591,1.49546,0.200086
3.49712,-1.49769,1.4972,0.100963
3.45509,-1.52065,1.49874,-0.0102369
3.41259,-1.54472,1.50031,-0.131416
3.36912,-1.56948,1.50176,-0.260362
3.3253,-1.5938,1.50309,-0.395047
3.28178,-1.61784,1.5045,-0.533932
3.23858,-1.6418,1.50604,-0.676052
3.19529,-1.66594,1.50752,-0.820799
3.15173,-1.68999,1.50892,-0.967321
3.10798,-1.71396,1.51033,-1.11522
3.06447,-1.73769,1.51178,-1.26392
3.02116,-1.76143,1.51324,-1.41373
2.97719,-1.78593,1.51467,-1.56446
2.93268,-1.81036,1.51618,-1.71562
2.79474,-1.88421,1.51751,-2.57781
2.79474,-1.88421,1.51751,-2.57781
2.79474,-1.88421,1.51751,-2.57781
2.79474,-1.88421,1.51751,-2.57781
2.79474,-1.88421,1.51751,-2.57781
2.79474,-1.88421,1.51751,-2.57781
2.79474,-1.88421,1.51751,-2.57781
2.79474,-1.88421,1.51751,-2.57781
2.79474,-1.88421,1.51751,-2.57781
2.79474,-1.88421,1.51751,-2.57781
2.79364,-1.88503,1.51976,-2.57873
2.79361,-1.88507,1.51989,-2.57858
2.79358,-1.88512,1.52001,-2.57841
2.79357,-1.88516,1.52014,-2.57823
2.79356,-1.8852,1.52028,-2.57802
2.79357,-1.88523,1.52042,-2.57779
2.79358,-1.88526,1.52057,-2.57753
2.79361,-1.88529,1.52072,-2.57725
2.79365,-1.88532,1.52087,-2.57694
2.79371,-1.88534,1.52103,-2.57661
2.79378,-1.88535,1.52119,-2.57626
2.79387,-1.88536,1.52136,-2.57589
2.79398,-1.88537,1.52153,-2.57549
2.7941,-1.88536,1.52169,-2.57507
2.79425,-1.88535,1.52187,-2.57462
2.79441,-1.88534,1.52205,-2.57414
2.7946,-1.88531,1.52223,-2.57364
2.7948,-1.88528,1.52242,-2.57311
2.79503,-1.88524,1.52261,-2.57255
2.79528,-1.88519,1.5228,-2.57196
2.79555,-1.88513,1.523,-2.57134
2.79585,-1.88507,1.5232,-2.57069
2.80528,-1.88211,1.52736,-2.55375
2.83043,-1.87203,1.53467,-2.5123
2.86517,-1.85642,1.54323,-2.45087
2.90429,-1.83849,1.55277,-2.37071
2.94601,-1.82021,1.56286,-2.27445
2.98996,-1.80203,1.57331,-2.16454
3.03529,-1.78338,1.58381,-2.04379
3.08064,-1.76437,1.59414,-1.91526
3.12492,-1.74566,1.60433,-1.78105
3.16892,-1.72757,1.61459,-1.64214
3.21347,-1.7094,1.62485,-1.49953
3.25856,-1.69057,1.6351,-1.35414
3.30368,-1.67127,1.64541,-1.20654
3.34866,-1.65199,1.65585,-1.05709
3.39423,-1.63283,1.66638,-0.906142
3.44004,-1.61352,1.67682,-0.754186
3.4853,-1.59417,1.68716,-0.601839
3.65994,-1.52015,1.72199,0.387549
3.65994,-1.52015,1.72199,0.387549
3.65994,-1.52015,1.72199,0.38755
3.65994,-1.52015,1.72199,0.38755
3.65994,-1.52015,1.72199,0.38755
3.65994,-1.52015,1.72199,0.38755
3.65994,-1.52015,1.72199,0.38755
3.65994,-1.52015,1.72199,0.38755
3.65994,-1.52015,1.72199,0.38755
3.65994,-1.52015,1.72199,0.38755
3.66097,-1.519,1.7239,0.396524
3.66099,-1.51888,1.72397,0.397134
3.66101,-1.51876,1.72404,0.397766
3.66101,-1.51862,1.72411,0.398419
3.661,-1.51848,1.72418,0.399093
3.66099,-1.51833,1.72425,0.399788
3.66095,-1.51817,1.72432,0.400505
3.66091,-1.51801,1.72438,0.401247
3.66085,-1.51784,1.72445,0.402013
3.66077,-1.51766,1.72452,0.402803
3.66068,-1.51747,1.72459,0.403617
3.66057,-1.51728,1.72466,0.404455
3.66044,-1.51708,1.72473,0.405314
3.66029,-1.51687,1.72479,0.406196
3.66013,-1.51666,1.72486,0.4071
3.65994,-1.51644,1.72492,0.408024
3.65973,-1.51621,1.72498,0.408973
3.6595,-1.51598,1.72505,0.409947
3.65925,-1.51575,1.72511,0.410946
3.65898,-1.51551,1.72518,0.411971
3.65868,-1.51526,1.72524,0.413021
3.65836,-1.51501,1.7253,0.414096
3.65802,-1.51476,1.72536,0.415196
3.65766,-1.5145,1.72542,0.41632
3.65727,-1.51424,1.72548,0.417468
3.65686,-1.51398,1.72553,0.418643
3.65643,-1.51371,1.72559,0.419844
3.65597,-1.51344,1.72565,0.421073
3.65549,-1.51316,1.7257,0.42233
3.65498,-1.51289,1.72575,0.423614
3.65445,-1.51261,1.72581,0.424924
3.65389,-1.51233,1.72586,0.42626
3.65331,-1.51204,1.72591,0.42762
3.65271,-1.51175,1.72596,0.429005
3.65208,-1.51146,1.72601,0.430415
3.65143,-1.51117,1.72606,0.43185
3.64534,-1.50876,1.72639,0.444304
3.61711,-1.50062,1.72694,0.494036
3.57855,-1.49227,1.72688,0.559032
3.53454,-1.48344,1.72644,0.637476
3.48832,-1.47392,1.72564,0.727073
3.44055,-1.46327,1.72456,0.825955
3.39192,-1.4524,1.72336,0.931762
3.34344,-1.44177,1.72218,1.0426
3.29513,-1.43107,1.72111,1.15741
3.24664,-1.42032,1.71998,1.2753
3.198,-1.40974,1.71876,1.395
3.15173,-1.3999,1.71759,1.51106
3.1015,-1.38903,1.71644,1.63825
3.05229,-1.37822,1.7153,1.76167
3.00248,-1.36755,1.7141,1.88582
2.95284,-1.35714,1.71294,2.01042
2.90356,-1.34672,1.71186,2.1351
2.71994,-1.30724,1.70467,2.88102
2.71994,-1.30724,1.70467,2.881
2.71994,-1.30724,1.70467,2.88097
2.71994,-1.30724,1.70467,2.88095
2.71994,-1.30724,1.70467,2.88093
2.71994,-1.30724,1.70467,2.8809
2.71994,-1.30724,1.70467,2.88088
2.71994,-1.30724,1.70467,2.88086
2.71994,-1.30724,1.70466,2.88084
2.71994,-1.30724,1.70466,2.88082
2.71931,-1.30719,1.7054,2.88393
2.71923,-1.3072,1.70545,2.88427
2.71916,-1.30721,1.7055,2.88462
2.71908,-1.30722,1.70555,2.885
2.71899,-1.30724,1.70561,2.8854
2.71891,-1.30726,1.70567,2.88583
2.71882,-1.30729,1.70573,2.88628
2.71874,-1.30733,1.70579,2.88675
2.71865,-1.30737,1.70586,2.88725
2.71857,-1.30742,1.70592,2.88778
2.71849,-1.30748,1.70599,2.88833
2.71841,-1.30755,1.70605,2.8889
2.71834,-1.30763,1.70612,2.88949
2.71827,-1.30771,1.70619,2.89011
2.71821,-1.30781,1.70626,2.89074
2.7186,-1.31086,1.70746,2.90312
2.72796,-1.32295,1.71015,2.93695
2.74936,-1.34288,1.71348,2.98807
2.77955,-1.36768,1.71721,3.05574
2.81461,-1.39595,1.72131,3.13844
2.85188,-1.42621,1.72571,-3.04989
2.88946,-1.45732,1.73014,-2.94541
2.92701,-1.48913,1.73439,-2.83362
2.96459,-1.521,1.73858,-2.71593
3.00239,-1.55287,1.74277,-2.5942
3.04009,-1.58428,1.74698,-2.46923
3.07817,-1.61627,1.75123,-2.34147
3.11671,-1.64834,1.75549,-2.21194
3.15554,-1.6804,1.75982,-2.08099
3.19421,-1.71233,1.76411,-1.94908
3.23292,-1.74448,1.76845,-1.81644
3.27147,-1.77645,1.77275,-1.68362
3.30957,-1.80788,1.77707,-1.55103
3.45206,-1.92611,1.78895,-0.749768
3.45206,-1.92611,1.78895,-0.749768
3.45206,-1.92611,1.78895,-0.749768
3.45206,-1.92611,1.78895,-0.749768
3.45206,-1.92611,1.78895,-0.749768
3.45206,-1.92611,1.78895,-0.749768
3.45206,-1.92611,1.78895,-0.749768
3.45206,-1.92611,1.78895,-0.749768
3.45206,-1.92611,1.78895,-0.749768
3.45206,-1.92611,1.78895,-0.749768
3.45398,-1.92699,1.79214,-0.743273
3.45418,-1.92703,1.79239,-0.742828
3.4544,-1.92707,1.79265,-0.742366
3.45462,-1.9271,1.79292,-0.741886
3.45486,-1.92713,1.79319,-0.741389
3.45511,-1.92715,1.79349,-0.740873
3.45537,-1.92717,1.79379,-0.740337
3.45564,-1.92718,1.79411,-0.739781
3.45593,-1.92718,1.79445,-0.739204
3.45623,-1.92717,1.79479,-0.738608
3.45654,-1.92715,1.79515,-0.737992
3.45687,-1.92712,1.79553,-0.737358
3.4572,-1.92709,1.79591,-0.736704
3.45755,-1.92704,1.79631,-0.73603
3.45791,-1.92698,1.79672,-0.735335
3.45828,-1.92691,1.79715,-0.73462
3.45866,-1.92682,1.7976,-0.733883
3.45906,-1.92673,1.79805,-0.733126
3.45946,-1.92662,1.79852,-0.732347
3.45988,-1.92649,1.799,-0.731549
3.46031,-1.92635,1.7995,-0.730731
3.46075,-1.9262,1.8,-0.729893
3.4612,-1.92603,1.80052,-0.729037
3.46166,-1.92585,1.80106,-0.72816
3.46213,-1.92565,1.8016,-0.727261
3.46261,-1.92543,1.80216,-0.726341
3.4631,-1.9252,1.80274,-0.725399
3.4636,-1.92496,1.80333,-0.724436
3.46411,-1.92469,1.80393,-0.723452
3.46463,-1.92441,1.80455,-0.722448
3.46516,-1.92411,1.80518,-0.721423
3.4657,-1.9238,1.80582,-0.720378
3.46624,-1.92347,1.80647,-0.719313
3.4668,-1.92312,1.80713,-0.718231
3.46736,-1.92276,1.8078,-0.71713
3.46794,-1.92238,1.80849,-0.716009
3.46852,-1.92198,1.80918,-0.714869
3.46911,-1.92157,1.80989,-0.713708
3.4697,-1.92114,1.81061,-0.712528
3.47031,-1.92069,1.81134,-0.711327
3.47092,-1.92023,1.81208,-0.710106
3.47153,-1.91975,1.81283,-0.708866
3.47216,-1.91926,1.81359,-0.707608
3.47279,-1.91875,1.81436,-0.706331
3.47343,-1.91822,1.81514,-0.705035
3.47407,-1.91768,1.81593,-0.703721
3.47472,-1.91713,1.81672,-0.702388
3.47537,-1.91656,1.81753,-0.701036
3.47603,-1.91597,1.81835,-0.699663
3.47669,-1.91537,1.81918,-0.69827
3.47736,-1.91476,1.82002,-0.696857
3.47803,-1.91413,1.82087,-0.695424
3.47871,-1.91349,1.82173,-0.693973
3.47939,-1.91284,1.8226,-0.692504
3.48007,-1.91217,1.82348,-0.691018
3.48076,-1.91149,1.82436,-0.689513
3.48145,-1.9108,1.82526,-0.687991
3.48215,-1.9101,1.82616,-0.686449
3.48284,-1.90938,1.82707,-0.684888
3.48355,-1.90865,1.82799,-0.683308
3.48425,-1.90791,1.82892,-0.68171
3.48496,-1.90716,1.82986,-0.680092
3.48567,-1.9064,1.8308,-0.678456
3.48638,-1.90563,1.83176,-0.676803
3.48709,-1.90484,1.83272,-0.675133
3.48781,-1.90405,1.83369,-0.673445
3.48853,-1.90324,1.83466,-0.67174
3.5041,-1.88428,1.85696,-0.631753
3.52372,-1.85817,1.88716,-0.574531
3.5442,-1.83024,1.91971,-0.508637
3.56447,-1.80263,1.95222,-0.438642
3.58685,-1.77228,1.988,-0.356975
3.60842,-1.74293,2.02254,-0.274146
3.63006,-1.71337,2.05706,-0.188244
3.65169,-1.68373,2.0918,-0.0997777
3.6736,-1.6537,2.12647,-0.00960744
3.69542,-1.62355,2.16105,0.0817177
3.71709,-1.59356,2.19531,0.173533
3.73776,-1.56496,2.22813,0.262023
3.76022,-1.53402,2.26366,0.358102
3.78183,-1.50423,2.29751,0.450195
3.80291,-1.47497,2.3308,0.541649
3.88899,-1.35638,2.45657,1.08964
3.88899,-1.35638,2.45657,1.08964
3.88899,-1.35638,2.45657,1.08964
3.88899,-1.35638,2.45657,1.08964
3.88899,-1.35638,2.45657,1.08964
3.88899,-1.35638,2.45657,1.08964
3.88899,-1.35638,2.45657,1.08964
3.88899,-1.35638,2.45657,1.08964
3.88899,-1.35638,2.45657,1.08964
3.88899,-1.35638,2.45657,1.08964
3.88926,-1.35573,2.46075,1.09772
3.88923,-1.35573,2.46093,1.09828
3.88919,-1.35573,2.46111,1.09887
3.88914,-1.35574,2.46129,1.09948
3.88909,-1.35576,2.46147,1.10012
3.88902,-1.35579,2.46166,1.10078
3.88894,-1.35583,2.46185,1.10148
3.88885,-1.35588,2.46204,1.1022
3.88875,-1.35594,2.46223,1.10295
3.88863,-1.35601,2.46242,1.10372
3.8885,-1.35609,2.46261,1.10452
3.88836,-1.35619,2.4628,1.10535
3.8882,-1.3563,2.46299,1.1062
3.88803,-1.35643,2.46318,1.10708
3.88785,-1.35657,2.46337,1.10798
3.88765,-1.35673,2.46357,1.10892
3.88743,-1.3569,2.46376,1.10989
3.8872,-1.35709,2.46396,1.11089
3.88695,-1.3573,2.46415,1.11191
3.88668,-1.35752,2.46435,1.11297
3.8864,-1.35776,2.46454,1.11405
3.8861,-1.35803,2.46473,1.11517
3.88578,-1.35831,2.46493,1.11631
3.88545,-1.35861,2.46513,1.11749
3.8851,-1.35893,2.46532,1.1187
3.88474,-1.35926,2.46552,1.11995
3.88435,-1.35962,2.46571,1.12123
3.88395,-1.36,2.46591,1.12254
3.88353,-1.3604,2.4661,1.12388
3.8831,-1.36083,2.4663,1.12525
3.88265,-1.36127,2.46649,1.12665
3.88218,-1.36173,2.46668,1.12807
3.88169,-1.36222,2.46688,1.12953
3.88118,-1.36272,2.46707,1.13102
3.88066,-1.36325,2.46727,1.13254
3.88013,-1.3638,2.46746,1.13409
3.87957,-1.36437,2.46766,1.13568
3.879,-1.36496,2.46785,1.13729
3.87841,-1.36557,2.46805,1.13894
3.87781,-1.36621,2.46824,1.14062
3.87719,-1.36686,2.46843,1.14232
3.87656,-1.36754,2.46861,1.14406
3.8654,-1.38006,2.47129,1.17361
3.84199,-1.40853,2.47497,1.23749
3.81468,-1.44233,2.4779,1.31818
3.78486,-1.47834,2.48037,1.41323
3.7533,-1.51515,2.48249,1.51981
3.72219,-1.55076,2.48416,1.631
3.68818,-1.5896,2.48576,1.75876
3.6555,-1.627,2.48721,1.88687
3.62342,-1.66412,2.4887,2.0187
3.5912,-1.70111,2.49016,2.15383
3.55859,-1.73857,2.49163,2.29111
3.52615,-1.77638,2.4932,2.43003
3.49389,-1.81414,2.49483,2.57008
3.4617,-1.85168,2.49654,2.7112
3.42868,-1.88965,2.49823,2.85357
3.39533,-1.92825,2.49994,2.99676
3.36227,-1.96707,2.50167,3.1404
3.25918,-2.08728,2.50339,-2.33781
3.25918,-2.08728,2.50339,-2.33781
3.25918,-2.08728,2.50339,-2.33781
3.25918,-2.08728,2.50339,-2.33781
3.25918,-2.08728,2.50339,-2.33781
3.25918,-2.08728,2.50339,-2.33781
3.25918,-2.08728,2.50339,-2.33781
3.25918,-2.08728,2.50339,-2.33781
3.25918,-2.08728,2.50339,-2.33781
3.25918,-2.08728,2.50339,-2.33781
3.2568,-2.08791,2.50472,-2.33586
3.25655,-2.08788,2.50477,-2.33591
3.25629,-2.08785,2.50482,-2.33598
3.25601,-2.0878,2.50488,-2.33606
3.25572,-2.08775,2.50493,-2.33616
3.25541,-2.08767,2.50498,-2.33627
3.25509,-2.08759,2.50503,-2.33639
3.25475,-2.08749,2.50508,-2.33653
3.25439,-2.08738,2.50513,-2.33668
3.25402,-2.08725,2.50518,-2.33684
3.25364,-2.0871,2.50524,-2.33702
3.25324,-2.08694,2.50529,-2.33721
3.25282,-2.08676,2.50534,-2.33743
3.25239,-2.08656,2.50539,-2.33766
3.25195,-2.08635,2.50544,-2.3379
3.2515,-2.08612,2.50549,-2.33816
3.25103,-2.08586,2.50553,-2.33843
3.25054,-2.08559,2.50558,-2.33872
3.25004,-2.0853,2.50562,-2.33903
3.24953,-2.08499,2.50567,-2.33935
3.24901,-2.08466,2.50571,-2.33969
3.24848,-2.0843,2.50576,-2.34005
3.24793,-2.08393,2.5058,-2.34043
3.24737,-2.08354,2.50585,-2.34082
3.24679,-2.08312,2.50589,-2.34124
3.24621,-2.08269,2.50594,-2.34167
3.24561,-2.08223,2.50598,-2.34212
3.245,-2.08175,2.50602,-2.34258
3.24438,-2.08125,2.50606,-2.34307
3.24375,-2.08073,2.5061,-2.34357
3.24311,-2.08019,2.50614,-2.34408
3.24245,-2.07962,2.50618,-2.34462
3.24179,-2.07904,2.50622,-2.34517
3.24111,-2.07843,2.50625,-2.34574
3.24043,-2.0778,2.50629,-2.34632
3.23973,-2.07715,2.50633,-2.34693
3.23902,-2.07648,2.50637,-2.34756
3.2383,-2.07579,2.5064,-2.3482
3.23758,-2.07508,2.50644,-2.34886
3.23684,-2.07434,2.50647,-2.34954
3.2361,-2.07359,2.5065,-2.35024
3.23534,-2.07282,2.50654,-2.35096
3.23458,-2.07203,2.50657,-2.3517
3.23381,-2.07122,2.5066,-2.35246
3.23303,-2.07038,2.50664,-2.35323
3.23224,-2.06954,2.50667,-2.35403
3.23145,-2.06867,2.5067,-2.35485
3.23065,-2.06778,2.50673,-2.35569
3.22984,-2.06688,2.50676,-2.35655
3.22902,-2.06596,2.50679,-2.35743
3.2282,-2.06502,2.50682,-2.35833
3.22737,-2.06406,2.50685,-2.35926
3.22654,-2.06309,2.50688,-2.3602
3.22569,-2.0621,2.50691,-2.36117
3.22485,-2.0611,2.50694,-2.36215
3.22399,-2.06007,2.50697,-2.36316
3.22313,-2.05904,2.507,-2.36419
3.22227,-2.05798,2.50703,-2.36524
3.22139,-2.05691,2.50706,-2.36631
3.22051,-2.05583,2.50709,-2.36739
3.21963,-2.05472,2.50712,-2.3685
3.21874,-2.05361,2.50714,-2.36962
3.21785,-2.05248,2.50717,-2.37076
3.21695,-2.05133,2.5072,-2.37192
3.21604,-2.05017,2.50722,-2.37311
3.21513,-2.049,2.50725,-2.37431
3.21421,-2.04781,2.50728,-2.37554
3.21329,-2.04661,2.50731,-2.37678
3.21237,-2.04539,2.50733,-2.37804
3.21144,-2.04416,2.50736,-2.37933
3.2105,-2.04292,2.50738,-2.38063
3.20957,-2.04167,2.50741,-2.38196
3.20863,-2.04041,2.50744,-2.38331
3.20768,-2.03914,2.50746,-2.38468
3.20673,-2.03785,2.50749,-2.38607
3.20578,-2.03655,2.50751,-2.38748
3.20097,-2.02992,2.50764,-2.39486
3.17565,-1.99354,2.50817,-2.43929
3.14874,-1.95377,2.50862,-2.49498
3.12126,-1.91288,2.509,-2.55997
3.09372,-1.87202,2.50935,-2.63236
3.06636,-1.83153,2.50975,-2.71056
3.03856,-1.79056,2.51016,-2.79348
3.01083,-1.7493,2.51051,-2.87967
2.98325,-1.70784,2.51084,-2.96822
2.95561,-1.66622,2.51128,-3.05846
2.92825,-1.62496,2.51165,3.13354
2.90085,-1.58371,2.51198,3.04181
2.87347,-1.54254,2.51234,2.94948
2.84572,-1.5009,2.51277,2.8568
2.81784,-1.4589,2.51313,2.76373
2.78998,-1.41685,2.51347,2.67066
2.70427,-1.28592,2.51177,2.19376
2.70427,-1.28592,2.51177,2.19376
2.70427,-1.28592,2.51177,2.19376
2.70427,-1.28592,2.51177,2.19376
2.70427,-1.28592,2.51177,2.19376
2.70427,-1.28592,2.51177,2.19376
2.70427,-1.28592,2.51177,2.19376
2.70427,-1.28592,2.51177,2.19375
2.70427,-1.28592,2.51177,2.19375
2.70427,-1.28592,2.51177,2.19375
2.70354,-1.28518,2.51257,2.194
2.70348,-1.28514,2.51259,2.19415
2.70342,-1.28511,2.51262,2.19431
2.70335,-1.28508,2.51265,2.19449
2.70328,-1.28506,2.51268,2.19469
2.70322,-1.28505,2.51272,2.1949
2.70315,-1.28504,2.51274,2.19513
2.70308,-1.28504,2.51277,2.19538
2.70302,-1.28506,2.5128,2.19565
2.70295,-1.28508,2.51283,2.19594
2.70289,-1.28512,2.51285,2.19624
2.70283,-1.28517,2.51288,2.19656
2.70277,-1.28523,2.5129,2.1969
2.70272,-1.28531,2.51293,2.19727
2.70266,-1.2854,2.51296,2.19765
2.70262,-1.2855,2.51298,2.19806
2.70257,-1.28563,2.513,2.1985
2.70253,-1.28576,2.51302,2.19895
2.70249,-1.28592,2.51304,2.19943
2.70246,-1.2861,2.51306,2.19993
2.70244,-1.28629,2.51308,2.20046
2.70242,-1.2865,2.51309,2.20101
2.70272,-1.29072,2.51319,2.20989
2.70749,-1.31078,2.51276,2.24233
2.71828,-1.34349,2.51137,2.29394
2.73266,-1.38358,2.50929,2.36412
2.74836,-1.42726,2.50681,2.45009
2.76375,-1.47286,2.50404,2.54992
2.7791,-1.51977,2.50112,2.66034
2.79448,-1.56686,2.49814,2.77906
2.80984,-1.61378,2.49516,2.9041
2.82521,-1.66056,2.49221,3.03421
2.84072,-1.70797,2.48928,-3.11508
2.85663,-1.75546,2.48635,-2.97833
2.87266,-1.80278,2.48348,-2.83969
2.88857,-1.84985,2.48074,-2.69965
2.9043,-1.89697,2.47791,-2.5583
2.92007,-1.94445,2.47505,-2.41625
2.93606,-1.99189,2.47221,-2.27378
2.95201,-2.03894,2.4694,-2.13076
3.00515,-2.19668,2.45736,-1.30445
3.00515,-2.19668,2.45736,-1.30445
3.00515,-2.19668,2.45736,-1.30445
3.00515,-2.19668,2.45736,-1.30445
3.00515,-2.19668,2.45736,-1.30445
3.00515,-2.19668,2.45736,-1.30445
3.00515,-2.19668,2.45736,-1.30445
3.00515,-2.19668,2.45736,-1.30445
3.00515,-2.19668,2.45736,-1.30445
3.00515,-2.19668,2.45736,-1.30445
3.00558,-2.1991,2.45818,-1.30041
3.00561,-2.19937,2.45822,-1.30022
3.00564,-2.19965,2.45826,-1.30002
3.00568,-2.19996,2.45831,-1.29983
3.00571,-2.20029,2.45836,-1.29963
3.00575,-2.20063,2.45841,-1.29944
3.00578,-2.201,2.45846,-1.29924
3.00582,-2.20139,2.45851,-1.29905
3.00585,-2.2018,2.45857,-1.29885
3.00589,-2.20222,2.45862,-1.29865
3.00592,-2.20267,2.45868,-1.29846
3.00596,-2.20314,2.45874,-1.29826
3.00599,-2.20363,2.4588,-1.29807
3.00603,-2.20415,2.45887,-1.29788
3.00606,-2.20468,2.45893,-1.29769
3.00609,-2.20524,2.459,-1.29749
3.00612,-2.20582,2.45907,-1.29731
3.00615,-2.20642,2.45914,-1.29712
3.00618,-2.20704,2.45921,-1.29693
3.00621,-2.20769,2.45928,-1.29675
3.00624,-2.20835,2.45936,-1.29656
3.00626,-2.20904,2.45943,-1.29638
3.00629,-2.20976,2.45951,-1.29621
3.00631,-2.21049,2.4596,-1.29603
3.00633,-2.21125,2.45968,-1.29586
3.00635,-2.21202,2.45976,-1.29569
3.00637,-2.21282,2.45985,-1.29552
3.00638,-2.21365,2.45994,-1.29536
3.0064,-2.21449,2.46003,-1.2952
3.00641,-2.21536,2.46013,-1.29504
3.00642,-2.21625,2.46022,-1.29488
3.00642,-2.21716,2.46032,-1.29473
3.00643,-2.2181,2.46042,-1.29459
3.00643,-2.21905,2.46053,-1.29444
3.00643,-2.22003,2.46063,-1.2943
3.00643,-2.22103,2.46074,-1.29417
3.00642,-2.22206,2.46085,-1.29404
3.00641,-2.2231,2.46096,-1.29391
3.0064,-2.22417,2.46107,-1.29378
3.00639,-2.22526,2.46119,-1.29366
3.00638,-2.22637,2.4613,-1.29354
3.00636,-2.2275,2.46142,-1.29343
3.00634,-2.22865,2.46154,-1.29332
3.00631,-2.22983,2.46166,-1.29322
3.00629,-2.23102,2.46178,-1.29312
3.00626,-2.23223,2.46191,-1.29302
3.00622,-2.23347,2.46203,-1.29293
3.00619,-2.23472,2.46216,-1.29284
3.00615,-2.23599,2.46229,-1.29276
3.00611,-2.23728,2.46242,-1.29268
3.00607,-2.23858,2.46255,-1.29261
3.00603,-2.2399,2.46268,-1.29254
3.00598,-2.24124,2.46282,-1.29248
3.00593,-2.2426,2.46295,-1.29242
3.00588,-2.24397,2.46309,-1.29236
3.00582,-2.24535,2.46323,-1.29231
3.00577,-2.24675,2.46337,-1.29227
3.00571,-2.24817,2.46352,-1.29223
3.00564,-2.24959,2.46366,-1.2922
3.00558,-2.25104,2.46381,-1.29217
3.00551,-2.25249,2.46396,-1.29214
3.00544,-2.25396,2.46411,-1.29213
3.00537,-2.25544,2.46427,-1.29212
3.0053,-2.25694,2.46442,-1.29211
3.00522,-2.25845,2.46458,-1.29211
3.00514,-2.25996,2.46474,-1.29211
3.00506,-2.2615,2.4649,-1.29212
3.00497,-2.26304,2.46506,-1.29214
3.00488,-2.2646,2.46522,-1.29216
3.00479,-2.26616,2.46539,-1.29218
3.0047,-2.26774,2.46556,-1.29222
3.0046,-2.26933,2.46573,-1.29226
3.0045,-2.27094,2.4659,-1.2923
3.00439,-2.27255,2.46607,-1.29235
3.00429,-2.27418,2.46625,-1.29241
3.00418,-2.27582,2.46642,-1.29247
3.00406,-2.27746,2.4666,-1.29254
3.00395,-2.27913,2.46678,-1.29261
3.00383,-2.2808,2.46696,-1.29269
3.00371,-2.28248,2.46714,-1.29277
3.00359,-2.28417,2.46733,-1.29287
3.00346,-2.28588,2.46751,-1.29296
3.00333,-2.28759,2.4677,-1.29307
3.0032,-2.28932,2.46788,-1.29318
3.00306,-2.29105,2.46807,-1.29329
3.00293,-2.2928,2.46826,-1.29341
3.00279,-2.29455,2.46845,-1.29354
3.00265,-2.29631,2.46864,-1.29367
3.00251,-2.29809,2.46883,-1.29381
3.00236,-2.29987,2.46902,-1.29395
3.00221,-2.30166,2.46921,-1.2941
3.00207,-2.30345,2.46941,-1.29426
3.00192,-2.30526,2.46961,-1.29442
3.00177,-2.30707,2.4698,-1.29459
3.00161,-2.30889,2.47,-1.29476
3.00146,-2.31071,2.4702,-1.29494
3.00067,-2.31993,2.47121,-1.29592
2.99634,-2.36714,2.47652,-1.30286
2.99163,-2.41486,2.48217,-1.31303
2.9869,-2.46306,2.48807,-1.32605
2.9821,-2.51214,2.49415,-1.34153
2.97725,-2.56198,2.50029,-1.35892
2.97232,-2.6118,2.50635,-1.37768
2.9674,-2.66076,2.51238,-1.39747
2.96249,-2.71017,2.51843,-1.41806
2.95757,-2.75988,2.52439,-1.43906
2.95266,-2.80847,2.53028,-1.46022
2.94782,-2.85674,2.53623,-1.4816
2.94291,-2.90626,2.54221,-1.50308
2.93794,-2.95582,2.54816,-1.52454
2.93297,-3.00492,2.55416,-1.54598
2.92882,-3.04629,2.55921,-1.56395
2.92322,-3.1017,2.56557,-1.58795
2.91801,-3.14243,2.56866,-1.6079
2.90804,-3.17931,2.56733,-1.628
2.89132,-3.2152,2.56131,-1.64879
2.86851,-3.25135,2.55162,-1.67043
2.84217,-3.28746,2.53918,-1.69303
2.81393,-3.324,2.52507,-1.71655
2.7848,-3.36083,2.50994,-1.74093
2.75525,-3.39794,2.49427,-1.76606
2.72561,-3.43501,2.47846,-1.79176
2.69586,-3.47207,2.46263,-1.81796
2.66577,-3.50948,2.44674,-1.84462
2.63556,-3.54701,2.43107,-1.87149
2.60571,-3.58394,2.41558,-1.89847
2.57602,-3.62068,2.40018,-1.92553
2.54632,-3.65748,2.38474,-1.95271
2.51624,-3.69476,2.36932,-1.97993
2.48613,-3.73202,2.35388,-2.00719
2.45613,-3.76913,2.33853,-2.03438
2.42641,-3.80587,2.32322,-2.06153
2.39663,-3.84276,2.30807,-2.08856
2.36985,-3.87589,2.29521,-2.11298
2.34892,-3.90702,2.28192,-2.1334
2.34255,-3.93759,2.26828,-2.14275
2.34998,-3.97084,2.25344,-2.14033
2.36705,-4.00617,2.23769,-2.12626
2.38935,-4.04256,2.22139,-2.10169
2.41414,-4.07988,2.20434,-2.06758
2.44037,-4.1186,2.18696,-2.02574
2.46686,-4.157,2.16963,-1.97816
2.49216,-4.19336,2.15287,-1.92812
2.51995,-4.23342,2.1345,-1.87016
2.547,-4.27221,2.11688,-1.81199
2.574,-4.31049,2.09948,-1.75242
2.60089,-4.34852,2.08206,-1.69173
2.6279,-4.38698,2.06451,-1.63029
2.65515,-4.42568,2.047,-1.56856
2.68224,-4.46394,2.02952,-1.50676
2.70942,-4.50243,2.01201,-1.44489
2.73653,-4.54081,1.99459,-1.38322
2.76659,-4.58332,1.9753,-1.31464
2.78977,-4.61607,1.96091,-1.26196
2.8137,-4.64932,1.94582,-1.20529
2.83761,-4.67877,1.9301,-1.15351
2.86565,-4.70731,1.91351,-1.10764
2.89766,-4.73461,1.89605,-1.06793
2.93255,-4.76121,1.87765,-1.0339
2.96937,-4.78786,1.8588,-1.00489
3.00657,-4.81419,1.83965,-0.980085
3.04247,-4.83949,1.82093,-0.959405
3.08204,-4.86737,1.80045,-0.939656
3.12009,-4.89415,1.78087,-0.922665
3.1576,-4.92047,1.76155,-0.907095
3.19465,-4.94647,1.74231,-0.89248
3.2318,-4.97253,1.72297,-0.878453
3.26964,-4.99906,1.70346,-0.864724
3.30773,-5.02576,1.68399,-0.851154
3.34542,-5.05216,1.6645,-0.837623
3.38339,-5.07875,1.64491,-0.82402
3.42156,-5.10551,1.62528,-0.810332
3.45931,-5.13194,1.60601,-0.796655
3.48605,-5.15063,1.59201,-0.786727
3.5329,-5.18348,1.56894,-0.76924
3.56298,-5.2029,1.55222,-0.75073
3.58117,-5.20696,1.534,-0.719648
3.58495,-5.19335,1.51362,-0.67313
3.57829,-5.1679,1.49171,-0.611397
3.56673,-5.1362,1.46827,-0.534858
3.55343,-5.09994,1.44363,-0.445175
3.53931,-5.06135,1.41836,-0.344744
3.52494,-5.02137,1.3928,-0.235682
3.51034,-4.98147,1.36716,-0.120085
3.49576,-4.94158,1.34149,0.000556039
3.48108,-4.9018,1.31584,0.125239
3.46737,-4.8649,1.29222,0.242671
3.45092,-4.8212,1.26428,0.38321
3.43546,-4.78089,1.23855,0.514935
3.42007,-4.74083,1.2131,0.647555
3.40492,-4.70107,1.18772,0.780916
3.38987,-4.66118,1.16225,0.91484
3.37467,-4.62101,1.13675,1.04911
3.36183,-4.58749,1.11539,1.16203
3.34424,-4.54181,1.0876,1.31552
3.32946,-4.51046,1.06775,1.44133
3.31284,-4.49843,1.05087,1.56235
3.29493,-4.5078,1.03591,1.6797
3.27543,-4.53239,1.02213,1.79456
3.25369,-4.56511,1.00879,1.90838
3.22901,-4.60204,0.995565,2.02162
3.20245,-4.64094,0.982437,2.13416
3.17584,-4.67982,0.96941,2.24607
3.1489,-4.71861,0.956268,2.35787
3.12183,-4.75778,0.94296,2.46968
3.09517,-4.79707,0.929631,2.58141
3.06838,-4.83675,0.916297,2.69338
3.04144,-4.8768,0.902752,2.80603
3.0143,-4.9173,0.88923,2.91873
2.98755,-4.95764,0.875682,3.0315
2.96212,-4.99586,0.862797,3.13954
2.93475,-5.03676,0.848842,-3.02649
2.9077,-5.07669,0.835206,-2.91323
2.88037,-5.11733,0.821638,-2.80002
2.85395,-5.15745,0.80849,-2.68773
2.82938,-5.19506,0.797278,-2.5792
2.80594,-5.22901,0.792704,-2.47984
2.7805,-5.2613,0.796503,-2.39376
2.75312,-5.29319,0.807579,-2.32256
2.72485,-5.32475,0.824503,-2.26623
2.69558,-5.3567,0.845563,-2.22362
2.66581,-5.38887,0.869042,-2.19295
2.63588,-5.42099,0.893702,-2.17219
2.60623,-5.4527,0.918908,-2.15933
2.5765,-5.4844,0.944036,-2.15251
2.54698,-5.51583,0.969032,-2.15014
2.51739,-5.54731,0.993962,-2.15092
2.48983,-5.57661,1.01691,-2.15353
2.45741,-5.61108,1.04359,-2.15804
2.4277,-5.64262,1.06812,-2.16299
2.39788,-5.67427,1.09292,-2.1683
2.36762,-5.70644,1.11777,-2.17368
2.33752,-5.7384,1.14227,-2.17896
2.30805,-5.76966,1.16668,-2.18405
2.27852,-5.80102,1.19122,-2.18892
2.2493,-5.83209,1.21405,-2.19347
2.22338,-5.8585,1.2343,-2.19835
2.19641,-5.87847,1.25218,-2.20535
2.16623,-5.8917,1.26718,-2.21475
2.12405,-5.9026,1.28358,-2.2298
2.07993,-5.90996,1.29812,-2.24757
2.03352,-5.91611,1.31226,-2.26853
1.98682,-5.92164,1.32619,-2.29214
1.93984,-5.92703,1.34021,-2.31803
1.89233,-5.9325,1.35435,-2.34577
1.84643,-5.93771,1.3679,-2.37362
1.79711,-5.94316,1.3825,-2.40469
1.75021,-5.94828,1.3965,-2.43515
1.70329,-5.95341,1.41068,-2.46615
1.65524,-5.95871,1.42499,-2.49754
1.60694,-5.96399,1.43925