-7.36512e-14,2.82674e-11,0.13,-1.86628e-17
-7.36507e-14,2.82674e-11,0.13,-2.37808e-17
-7.36515e-14,2.82674e-11,0.13,-2.88175e-17
-7.36519e-14,2.82674e-11,0.13,-3.39163e-17
-7.36534e-14,2.82674e-11,0.13,-3.9038e-17
-7.36532e-14,2.82674e-11,0.13,-4.40611e-17
-7.36538e-14,2.82674e-11,0.13,-4.90978e-17
-7.36546e-14,2.82674e-11,0.13,-5.41722e-17
-7.36548e-14,2.82674e-11,0.13,-5.91529e-17
-7.36553e-14,2.82674e-11,0.13,-6.42777e-17
-7.36545e-14,2.82674e-11,0.13,-6.9343e-17
-7.36531e-14,2.82674e-11,0.13,-7.43639e-17
-7.36524e-14,2.82674e-11,0.13,-7.94472e-17
-7.36523e-14,2.82674e-11,0.13,-8.45081e-17
-7.36517e-14,2.82674e-11,0.13,-8.95648e-17
-7.36512e-14,2.82674e-11,0.13,-9.46887e-17
-7.36507e-14,2.82674e-11,0.13,-9.9655e-17
-7.36513e-14,2.82674e-11,0.13,-1.04742e-16
5.60197e-07,4.75543e-11,0.144998,-3.92792e-14
5.17938e-05,1.41458e-08,0.294566,2.75182e-12
0.000177231,1.35493e-07,0.503049,6.64739e-11
0.000262829,4.50595e-07,0.694338,6.28798e-11
0.000289524,7.67906e-07,0.840607,-0.0024443
0.000285179,-1.56356e-06,0.939843,-0.0250251
0.000275919,-9.98546e-06,0.998706,-0.0620384
0.000272488,-2.24352e-05,1.02883,-0.104573
0.000275612,-3.57837e-05,1.04154,-0.149269
0.00028247,-5.30816e-05,1.04522,-0.20974
0.000287799,-7.68457e-05,1.04335,-0.27903
0.000288357,-9.95528e-05,1.03922,-0.348276
0.000286293,-0.000117788,1.03553,-0.414813
0.000282276,-0.000137222,1.03329,-0.492268
0.000273643,-0.000161253,1.03119,-0.574015
0.000260732,-0.00018295,1.02928,-0.652107
0.000247393,-0.000199754,1.02846,-0.724705
0.000233001,-0.000217245,1.02885,-0.806109
0.000214119,-0.0002377,1.02869,-0.890193
0.000193113,-0.000254399,1.02806,-0.969518
0.000174144,-0.000266219,1.0279,-1.04213
0.000154764,-0.000278121,1.02867,-1.12286
0.000130332,-0.000291808,1.02871,-1.20639
0.000104983,-0.000301402,1.02816,-1.28531
8.31168e-05,-0.000306929,1.0281,-1.35807
6.05767e-05,-0.00031247,1.02891,-1.43919
3.30775e-05,-0.00031779,1.0289,-1.52276
6.21193e-06,-0.000318933,1.02828,-1.60146
-1.60926e-05,-0.000317389,1.028,-1.67302
-3.83398e-05,-0.000315616,1.02875,-1.75239
-6.57261e-05,-0.000312413,1.02877,-1.83509
-9.17598e-05,-0.000305387,1.02822,-1.91348
-0.000112868,-0.000297063,1.02823,-1.98643
-0.000135015,-0.000288205,1.02893,-2.06824
-0.000160589,-0.00027622,1.02888,-2.15225
-0.000182943,-0.00026134,1.02824,-2.23119
-0.000199971,-0.000247081,1.02794,-2.30282
-0.000216825,-0.000232592,1.02864,-2.38212
-0.000237025,-0.000213877,1.02866,-2.46468
-0.000253851,-0.00019293,1.02812,-2.54289
-0.00026594,-0.00017388,1.02782,-2.61392
-0.000277512,-0.00015494,1.02869,-2.69256
-0.000291187,-0.000130894,1.0288,-2.775
-0.000300595,-0.000106645,1.02831,-2.85045
-0.00120694,-0.0015192,1.02919,-2.9276
-0.0532944,-0.0677178,1.03353,-3.00332
-0.196997,-0.205529,1.02675,-3.0394
-0.333416,-0.334451,1.02236,-3.07404
-0.500313,-0.5,1.02345,-3.14159
-0.500313,-0.5,1.02345,-3.14159
-0.500313,-0.5,1.02345,-3.14159
-0.500313,-0.5,1.02345,-3.14159
-0.500313,-0.5,1.02345,-3.14159
-0.500313,-0.5,1.02345,-3.14159
-0.500313,-0.5,1.02345,-3.14159
-0.500313,-0.5,1.02345,-3.14159
-0.500313,-0.5,1.02345,-3.14159
-0.500313,-0.5,1.02345,-3.14159
-0.500313,-0.5,1.02345,-3.14159
-0.500313,-0.5,1.02345,-3.14159
-0.500313,-0.5,1.02345,-3.14159
-0.500313,-0.5,1.02345,-3.14159
-0.500313,-0.5,1.02345,-3.14159
-0.500313,-0.5,1.02345,-3.14159
-0.500313,-0.5,1.02345,-3.14159
-0.500313,-0.5,1.02345,-3.14159
-0.500313,-0.5,1.02345,-3.14159
-0.500313,-0.5,1.02345,-3.14159
-0.500313,-0.5,1.02345,-3.14159
-0.500313,-0.5,1.02345,-3.14159
-0.500313,-0.5,1.02345,-3.14159
-0.500313,-0.5,1.02345,-3.14159
-0.500313,-0.5,1.02345,-3.14159
-0.500313,-0.5,1.02345,-3.14159
-0.500313,-0.5,1.02345,-3.14159
-0.500313,-0.5,1.02345,-3.14159
-0.500313,-0.5,1.02345,-3.14159
-0.500313,-0.5,1.02345,-3.14159
-0.500313,-0.5,1.02345,-3.14159
-0.500313,-0.5,1.02345,-3.14159
-0.500313,-0.5,1.02345,-3.14159
-0.500313,-0.5,1.02345,-3.14159
-0.500313,-0.5,1.02345,-3.14159
-0.500313,-0.5,1.02345,-3.14159
-0.500313,-0.5,1.02345,-3.14159
-0.500313,-0.5,1.02345,-3.14159
-0.500313,-0.5,1.02345,-3.14159
-0.500313,-0.5,1.02345,-3.14159
-0.500313,-0.5,1.02345,-3.14159
-0.500313,-0.5,1.02345,-3.14159
-0.500313,-0.5,1.02345,-3.14159
-0.500313,-0.5,1.02345,-3.14159
-0.500313,-0.5,1.02345,-3.14159
-0.500313,-0.5,1.02345,-3.14159
-0.500313,-0.5,1.02345,-3.14159
-0.500313,-0.5,1.02345,-3.14159
-0.500313,-0.5,1.02345,-3.14159
-0.500313,-0.5,1.02345,-3.14159
-0.500313,-0.5,1.02345,-3.14159
-0.500313,-0.5,1.02345,-3.14159
-0.500313,-0.5,1.02345,-3.14159
-0.500313,-0.5,1.02345,-3.14159
-0.500313,-0.5,1.02345,-3.14159
-0.500313,-0.5,1.02345,-3.14159
-0.500313,-0.5,1.02345,-3.14159
-0.500313,-0.5,1.02345,-3.14159
-0.500313,-0.5,1.02345,-3.14159
-0.500313,-0.5,1.02345,-3.14159
-0.500313,-0.5,1.02345,3.14159
-0.500313,-0.5,1.02345,3.14159
-0.500313,-0.5,1.02345,3.14159
-0.500313,-0.5,1.02345,3.14159
-0.500313,-0.5,1.02345,3.14159
-0.500313,-0.5,1.02345,3.14159
-0.500313,-0.5,1.02345,3.14159
-0.500313,-0.5,1.02345,3.14159
-0.500313,-0.5,1.02345,3.14159
-0.500313,-0.5,1.02345,3.14159
-0.500689,-0.500601,1.07719,3.14088
-0.50075,-0.5007,1.07964,3.14081
-0.500818,-0.500809,1.08211,3.14073
-0.500893,-0.500929,1.0846,3.14064
-0.500977,-0.50106,1.08711,3.14055
-0.501068,-0.501204,1.08963,3.14046
-0.501169,-0.501361,1.09217,3.14036
-0.501278,-0.501531,1.09471,3.14025
-0.501397,-0.501715,1.09727,3.14014
-0.501526,-0.501912,1.09984,3.14002
-0.501666,-0.502124,1.10241,3.1399
-0.501817,-0.502351,1.10498,3.13977
-0.501978,-0.502594,1.10756,3.13963
-0.502152,-0.502852,1.11014,3.13949
-0.502337,-0.503126,1.11272,3.13934
-0.502535,-0.503416,1.11529,3.13919
-0.502746,-0.503723,1.11786,3.13903
-0.50297,-0.504048,1.12043,3.13887
-0.503207,-0.504389,1.123,3.1387
-0.503457,-0.504747,1.12556,3.13852
-0.503721,-0.505124,1.12811,3.13834
-0.504,-0.505517,1.13065,3.13815
-0.504292,-0.505929,1.13318,3.13795
-0.504599,-0.506359,1.1357,3.13775
-0.504921,-0.506807,1.13822,3.13754
-0.505257,-0.507273,1.14072,3.13732
-0.505608,-0.507758,1.1432,3.1371
-0.505974,-0.508261,1.14567,3.13687
-0.506355,-0.508782,1.14813,3.13663
-0.506751,-0.509323,1.15057,3.13639
-0.507162,-0.509882,1.153,3.13614
-0.507588,-0.510459,1.15541,3.13588
-0.50803,-0.511056,1.1578,3.13561
-0.508486,-0.511672,1.16018,3.13534
-0.508958,-0.512307,1.16253,3.13506
-0.509445,-0.512961,1.16487,3.13477
-0.509948,-0.513634,1.16719,3.13448
-0.510465,-0.514327,1.16949,3.13418
-0.510998,-0.515038,1.17176,3.13387
-0.511546,-0.515769,1.17402,3.13356
-0.512108,-0.516518,1.17625,3.13324
-0.512685,-0.517286,1.17846,3.13292
-0.513277,-0.518073,1.18065,3.13258
-0.513883,-0.518878,1.18282,3.13224
-0.514504,-0.519701,1.18496,3.1319
-0.515138,-0.520542,1.18708,3.13154
-0.515786,-0.521401,1.18918,3.13118
-0.516447,-0.522276,1.19125,3.13082
-0.517122,-0.523169,1.19329,3.13044
-0.51781,-0.524078,1.19532,3.13006
-0.518511,-0.525003,1.19732,3.12968
-0.519224,-0.525944,1.19929,3.12928
-0.519949,-0.5269,1.20124,3.12888
-0.520686,-0.527871,1.20317,3.12846
-0.521435,-0.528857,1.20506,3.12805
-0.522196,-0.529857,1.20694,3.12762
-0.522967,-0.530872,1.20879,3.12719
-0.523749,-0.5319,1.21061,3.12675
-0.524542,-0.532941,1.21241,3.1263
-0.525345,-0.533996,1.21418,3.12584
-0.526158,-0.535064,1.21593,3.12538
-0.526981,-0.536144,1.21765,3.12491
-0.527814,-0.537238,1.21934,3.12443
-0.528656,-0.538343,1.22101,3.12394
-0.529508,-0.539461,1.22265,3.12344
-0.530368,-0.540592,1.22427,3.12294
-0.531238,-0.541734,1.22587,3.12243
-0.532116,-0.542888,1.22743,3.12192
-0.533002,-0.544054,1.22898,3.12139
-0.533897,-0.545232,1.23049,3.12086
-0.534799,-0.546421,1.23198,3.12032
-0.53571,-0.547622,1.23345,3.11977
-0.536629,-0.548835,1.23489,3.11921
-0.537556,-0.550058,1.2363,3.11865
-0.53849,-0.551294,1.2377,3.11807
-0.539431,-0.55254,1.23906,3.1175
-0.54038,-0.553797,1.24041,3.11691
-0.541337,-0.555066,1.24172,3.11632
-0.5423,-0.556345,1.24302,3.11573
-0.54327,-0.557635,1.24429,3.11512
-0.544247,-0.558935,1.24554,3.11451
-0.545231,-0.560245,1.24676,3.11389
-0.570383,-0.593909,1.26946,3.09699
-0.598425,-0.631805,1.28188,3.0755
-0.627336,-0.671098,1.28642,3.05075
-0.656538,-0.710904,1.2861,3.02321
-0.686167,-0.751098,1.28319,2.9936
-0.715695,-0.791021,1.27917,2.96259
-0.744946,-0.830614,1.27481,2.93046
-0.774643,-0.870871,1.27056,2.89749
-0.804538,-0.911135,1.26658,2.86408
-0.834151,-0.951026,1.26289,2.83049
-0.863654,-0.990912,1.25941,2.79675
-0.893023,-1.03049,1.25613,2.76313
-0.922497,-1.07039,1.25292,2.72937
-0.952343,-1.11061,1.24979,2.69575
-0.981843,-1.15032,1.24666,2.66218
-1.08215,-1.28464,1.23538,2.49101
-1.08216,-1.28466,1.23538,2.49085
-1.08218,-1.28468,1.23539,2.49069
-1.08219,-1.28469,1.23539,2.49053
-1.08221,-1.28471,1.23539,2.49038
-1.08222,-1.28472,1.23539,2.49022
-1.08223,-1.28474,1.23539,2.49008
-1.08225,-1.28476,1.2354,2.48993
-1.08226,-1.28477,1.2354,2.48979
-1.08249,-1.28503,1.23546,2.48761
-1.0834,-1.28799,1.23572,2.48348
-1.07923,-1.29766,1.23607,2.47595
-1.06275,-1.31588,1.23633,2.46311
-1.03489,-1.34059,1.23651,2.44474
-1.00064,-1.36812,1.23669,2.42114
-0.963393,-1.39633,1.23692,2.39294
-0.924686,-1.42465,1.23719,2.3607
-0.885135,-1.45327,1.23748,2.32542
-0.845604,-1.48178,1.23777,2.28757
-0.805271,-1.51086,1.23806,2.24777
-0.764785,-1.54023,1.23835,2.20645
-0.723864,-1.56991,1.23864,2.1642
-0.683547,-1.59925,1.23892,2.12136
-0.643109,-1.62849,1.23922,2.07816
-0.602888,-1.65772,1.23951,2.03478
-0.562409,-1.68701,1.23981,1.99131
-0.522028,-1.71635,1.24012,1.94782
-0.481659,-1.74567,1.24045,1.90442
-0.441086,-1.77503,1.24083,1.86094
-0.303635,-1.87532,1.2406,1.65095
-0.303596,-1.87536,1.2406,1.65051
-0.303557,-1.87539,1.24059,1.65007
-0.30352,-1.87543,1.24059,1.64964
-0.303484,-1.87547,1.24059,1.64922
-0.303448,-1.8755,1.24058,1.64881
-0.303413,-1.87554,1.24058,1.6484
-0.303003,-1.87595,1.24055,1.64322
-0.301455,-1.87723,1.24095,1.63391
-0.294867,-1.88649,1.24129,1.61667
-0.284029,-1.9102,1.24073,1.587
-0.271413,-1.9449,1.23925,1.54313
-0.25798,-1.98632,1.23705,1.48464
-0.24417,-2.03139,1.23436,1.41333
-0.230173,-2.07737,1.23135,1.33116
-0.21559,-2.12403,1.22822,1.24012
-0.200955,-2.17118,1.22494,1.14163
-0.186141,-2.21921,1.22165,1.03736
-0.171754,-2.26732,1.21834,0.929084
-0.157491,-2.31498,1.21496,0.817703
-0.142953,-2.36285,1.2116,0.703834
-0.128506,-2.411,1.20829,0.588542
-0.114357,-2.45883,1.20503,0.4723
-0.100185,-2.50639,1.20182,0.355425
-0.0859122,-2.55397,1.19869,0.238028
-0.0715001,-2.60196,1.19559,0.120078
-0.0570657,-2.65036,1.19232,0.00185012
-0.00760559,-2.82196,1.17871,-0.573838
-0.00754949,-2.82206,1.17868,-0.575783
-0.00749481,-2.82216,1.17866,-0.577707
-0.00744152,-2.82226,1.17863,-0.579609
-0.0073896,-2.82236,1.17861,-0.58149
-0.00733903,-2.82245,1.17858,-0.583351
-0.00679523,-2.82342,1.17834,-0.605713
-0.00626529,-2.82573,1.17863,-0.640135
-0.00962176,-2.835,1.17894,-0.656391
-0.0231216,-2.85251,1.17852,-0.64742
-0.047319,-2.87682,1.17727,-0.612114
-0.0785082,-2.90549,1.17536,-0.552709
-0.113293,-2.93578,1.17302,-0.472826
-0.150065,-2.96612,1.17037,-0.37554
-0.188327,-2.99627,1.16752,-0.264225
-0.227528,-3.02667,1.16463,-0.142313
-0.266421,-3.05711,1.16169,-0.0124007
-0.305327,-3.08749,1.15876,0.123969
-0.344636,-3.1181,1.15578,0.265151
-0.384503,-3.14921,1.15275,0.410237
-0.424256,-3.18075,1.14979,0.557434
-0.462663,-3.21164,1.14694,0.70616
-0.501095,-3.24173,1.1442,0.856015
-0.540173,-3.27194,1.1414,1.00723
-0.580257,-3.30315,1.13862,1.15948
-0.619808,-3.33498,1.13583,1.31232
-0.765968,-3.45062,1.12312,2.17282
-0.766015,-3.45065,1.12311,2.17491
-0.766061,-3.45067,1.12309,2.17697
-0.766106,-3.4507,1.12308,2.17901
-0.76615,-3.45072,1.12307,2.18103
-0.766192,-3.45075,1.12306,2.18302
-0.766233,-3.45077,1.12305,2.18499
-0.766553,-3.45099,1.12297,2.20167
-0.767392,-3.45172,1.12359,2.23754
-0.769759,-3.4573,1.12774,2.27916
-0.767203,-3.47435,1.13664,2.32808
-0.756614,-3.50121,1.14983,2.38728
-0.739759,-3.53373,1.16671,2.45845
-0.719234,-3.56914,1.18579,2.5404
-0.697778,-3.60546,1.20649,2.63234
-0.675936,-3.64328,1.22801,2.73282
-0.653641,-3.68143,1.24971,2.83997
-0.631254,-3.72,1.2718,2.95294
-0.608524,-3.75863,1.29367,3.07004
-0.585693,-3.79754,1.31571,-3.09225
-0.562609,-3.83638,1.33749,-2.9691
-0.539642,-3.87487,1.35915,-2.84412
-0.516837,-3.91333,1.38075,-2.71784
-0.494022,-3.9518,1.40221,-2.59078
-0.471136,-3.99029,1.42399,-2.46258
-0.44798,-4.02938,1.44576,-2.33379
-0.424633,-4.06832,1.46771,-2.20424
-0.3326,-4.22264,1.54894,-1.43049
-0.332586,-4.22266,1.54893,-1.4294
-0.332573,-4.22269,1.54891,-1.42833
-0.332559,-4.22271,1.5489,-1.42727
-0.332546,-4.22274,1.54889,-1.42623
-0.332532,-4.22276,1.54888,-1.4252
-0.332519,-4.22279,1.54886,-1.42419
-0.332505,-4.22281,1.54885,-1.4232
-0.332492,-4.22283,1.54884,-1.42221
-0.332347,-4.22306,1.54876,-1.41227
-0.331212,-4.22422,1.55075,-1.38175
-0.331889,-4.21878,1.5519,-1.35014
-0.337909,-4.19894,1.55138,-1.30517
-0.350138,-4.16678,1.54917,-1.24585
-0.366387,-4.12779,1.54565,-1.17324
-0.383845,-4.08584,1.54124,-1.08867
-0.401215,-4.04199,1.53624,-0.993826
-0.418498,-3.9966,1.53093,-0.890724
-0.435954,-3.95073,1.52547,-0.781115
-0.453448,-3.9047,1.51992,-0.666067
-0.471235,-3.8579,1.51433,-0.546778
-0.489456,-3.81107,1.50877,-0.424413
-0.507662,-3.7645,1.50326,-0.299908
-0.52567,-3.71833,1.49787,-0.174124
-0.543424,-3.67252,1.49254,-0.0474353
-0.561102,-3.62668,1.48723,0.0799536
-0.578986,-3.58027,1.48189,0.208237
-0.597233,-3.53359,1.47657,0.336861
-0.615557,-3.48728,1.47133,0.46543
-0.676652,-3.33101,1.45083,1.19349
-0.676652,-3.33101,1.45083,1.19348
-0.676652,-3.33101,1.45083,1.19347
-0.676652,-3.33101,1.45083,1.19345
-0.676652,-3.33101,1.45083,1.19344
-0.676652,-3.33101,1.45083,1.19343
-0.676652,-3.33101,1.45083,1.19342
-0.676652,-3.33101,1.45083,1.19341
-0.676652,-3.33101,1.45083,1.19339
-0.676652,-3.33101,1.45083,1.19338
-0.676693,-3.33093,1.45101,1.19395
-0.676704,-3.33091,1.45104,1.19404
-0.676718,-3.33088,1.45106,1.19414
-0.676734,-3.33085,1.45109,1.19425
-0.676752,-3.33082,1.45112,1.19436
-0.676772,-3.33078,1.45115,1.19448
-0.676794,-3.33073,1.45119,1.1946
-0.676819,-3.33068,1.45123,1.19473
-0.676845,-3.33063,1.45127,1.19486
-0.676874,-3.33057,1.45132,1.19499
-0.676904,-3.33051,1.45137,1.19513
-0.676935,-3.33045,1.45143,1.19527
-0.676967,-3.33038,1.45148,1.19542
-0.677,-3.33031,1.45155,1.19556
-0.677034,-3.33025,1.45162,1.19571
-0.677068,-3.33018,1.45169,1.19586
-0.677294,-3.32973,1.45248,1.19713
-0.676415,-3.3341,1.45746,1.20107
-0.672349,-3.35286,1.466,1.20402
-0.664908,-3.38339,1.4774,1.20476
-0.654905,-3.42118,1.49131,1.20268
-0.643507,-3.46345,1.50667,1.19788
-0.631724,-3.50676,1.5229,1.19052
-0.619658,-3.55102,1.53962,1.18094
-0.607614,-3.59579,1.55668,1.16948
-0.595518,-3.64106,1.5736,1.15661
-0.583448,-3.68598,1.59065,1.14257
-0.571194,-3.73172,1.60773,1.12768
-0.558821,-3.7778,1.62489,1.11212
-0.546632,-3.82377,1.64176,1.09624
-0.534367,-3.86931,1.65866,1.08011
-0.522373,-3.91447,1.67523,1.06394
-0.510352,-3.95905,1.69183,1.04772
-0.49817,-4.00441,1.70854,1.03147
-0.486149,-4.04975,1.72512,1.01529
-0.447839,-4.19285,1.77537,0.953639
-0.447748,-4.19317,1.7755,0.953298
-0.447659,-4.19348,1.77563,0.95296
-0.447573,-4.19378,1.77575,0.952626
-0.447491,-4.19408,1.77587,0.952295
-0.445983,-4.19992,1.77872,0.943651
-0.445043,-4.20816,1.78114,0.93764
-0.446585,-4.22893,1.78327,0.93264
-0.451049,-4.26169,1.785,0.928278
-0.457857,-4.30285,1.78636,0.924359
-0.465961,-4.34815,1.78746,0.920682
-0.474874,-4.39558,1.78838,0.91717
-0.484122,-4.44372,1.78923,0.913739
-0.493593,-4.49214,1.79005,0.91034
-0.503144,-4.54061,1.79089,0.906925
-0.51285,-4.58948,1.79168,0.903484
-0.522613,-4.63874,1.79245,0.900007
-0.532364,-4.6876,1.7932,0.896492
-0.542015,-4.73649,1.79397,0.892948
-0.551684,-4.78512,1.79471,0.889367
-0.561401,-4.83422,1.79551,0.885767
-0.571102,-4.88281,1.79628,0.882152
-0.580679,-4.93135,1.79707,0.878517
-0.590437,-4.98036,1.79783,0.874871
-0.600203,-5.02955,1.79864,0.871206
-0.631397,-5.18366,1.79952,0.852652
-0.631397,-5.18366,1.79952,0.852652
-0.631397,-5.18367,1.79952,0.852653
-0.631397,-5.18367,1.79952,0.852654
-0.631398,-5.18367,1.79952,0.852655
-0.631398,-5.18367,1.79952,0.852655
-0.631398,-5.18367,1.79952,0.852656
-0.631399,-5.18367,1.79952,0.852657
-0.631399,-5.18368,1.79952,0.852658
-0.631399,-5.18368,1.79952,0.852659
-0.631406,-5.18372,1.79958,0.852658
-0.631406,-5.18373,1.7996,0.852641
-0.631408,-5.18375,1.79961,0.852615
-0.631409,-5.18377,1.79963,0.852581
-0.631405,-5.18458,1.79987,0.850385
-0.629781,-5.18323,1.79917,0.836069
-0.621879,-5.16983,1.79625,0.804621
-0.606963,-5.14432,1.79118,0.754237
-0.587214,-5.11022,1.78437,0.685337
-0.565115,-5.07093,1.77638,0.599833
-0.54242,-5.02919,1.76767,0.500805
-0.520073,-4.98646,1.75854,0.390698
-0.497898,-4.94297,1.74921,0.271869
-0.475502,-4.89917,1.73986,0.146333
-0.452892,-4.8556,1.73062,0.0160287
-0.430373,-4.81259,1.72147,-0.117844
-0.407975,-4.76938,1.71234,-0.254608
-0.385378,-4.7261,1.70331,-0.393175
-0.362691,-4.68316,1.69444,-0.532792
-0.340174,-4.64045,1.68549,-0.673702
-0.317542,-4.59671,1.67635,-0.816099
-0.294361,-4.5523,1.66728,-0.959009
-0.27099,-4.50868,1.65822,-1.10243
-0.187926,-4.35183,1.62412,-1.92337
-0.187909,-4.3518,1.62412,-1.92469
-0.187892,-4.35177,1.62412,-1.92599
-0.187875,-4.35175,1.62412,-1.92727
-0.187859,-4.35172,1.62412,-1.92854
-0.187842,-4.35169,1.62412,-1.92979
-0.187825,-4.35167,1.62413,-1.93101
-0.187808,-4.35164,1.62413,-1.93223
-0.187644,-4.35143,1.62417,-1.94343
-0.187212,-4.35076,1.62448,-1.96387
-0.187134,-4.34398,1.62528,-1.98466
-0.191485,-4.324,1.62748,-2.00147
-0.202039,-4.29262,1.63112,-2.01473
-0.217161,-4.25603,1.63585,-2.02466
-0.23684,-4.21284,1.64191,-2.03281
-0.257157,-4.17034,1.64844,-2.03866
-0.277407,-4.12832,1.65509,-2.04284
-0.299474,-4.0825,1.66253,-2.04624
-0.320914,-4.03798,1.66972,-2.04871
-0.342063,-3.99398,1.67684,-2.05068
-0.363461,-3.94977,1.68408,-2.05236
-0.385153,-3.90459,1.69126,-2.05385
-0.405823,-3.86169,1.69812,-2.05522
-0.428318,-3.81521,1.70553,-2.05669
-0.449596,-3.77103,1.71254,-2.05813
-0.470873,-3.72712,1.7196,-2.05963
-0.492411,-3.68247,1.72675,-2.06118
-0.513967,-3.63767,1.7339,-2.0628
-0.59813,-3.46306,1.76006,-2.07185
-0.598155,-3.46299,1.76007,-2.07187
-0.59818,-3.46291,1.76007,-2.07189
-0.598203,-3.46284,1.76007,-2.07192
-0.598226,-3.46277,1.76008,-2.07194
-0.598248,-3.46271,1.76008,-2.07196
-0.598269,-3.46264,1.76009,-2.07198
-0.598442,-3.46207,1.7601,-2.07218
-0.599572,-3.4592,1.76148,-2.07556
-0.602098,-3.44583,1.76483,-2.09183
-0.603255,-3.41898,1.7695,-2.12638
-0.602351,-3.38091,1.7752,-2.18122
-0.599728,-3.33705,1.7813,-2.25516
-0.596971,-3.29031,1.78772,-2.34633
-0.59431,-3.2421,1.79427,-2.4511
-0.59177,-3.19388,1.80079,-2.56706
-0.589573,-3.14494,1.8073,-2.69228
-0.587099,-3.09496,1.81391,-2.82476
-0.583931,-3.0451,1.82048,-2.96214
-0.580738,-2.99577,1.82717,-3.10378
-0.577857,-2.94646,1.83373,3.03523
-0.574796,-2.89787,1.84025,2.88903
-0.571971,-2.84897,1.84672,2.74128
-0.568971,-2.80006,1.85318,2.59241
-0.565873,-2.75082,1.85972,2.44223
-0.562736,-2.70101,1.86626,2.29146
-0.559295,-2.65171,1.87281,2.14018
-0.546359,-2.47173,1.89238,1.19061
-0.546359,-2.47173,1.89238,1.19067
-0.546359,-2.47173,1.89237,1.19073
-0.546359,-2.47173,1.89237,1.19079
-0.546359,-2.47173,1.89237,1.19085
-0.546359,-2.47173,1.89237,1.19091
-0.546359,-2.47173,1.89237,1.19097
-0.546359,-2.47173,1.89236,1.19102
-0.546359,-2.47173,1.89236,1.19108
-0.546359,-2.47173,1.89236,1.19114
-0.546365,-2.47155,1.89278,1.19092
-0.546365,-2.47151,1.89281,1.19078
-0.546364,-2.47145,1.89284,1.19063
-0.546363,-2.47139,1.89287,1.19047
-0.54636,-2.47132,1.89289,1.19029
-0.546356,-2.47124,1.89292,1.1901
-0.546349,-2.47115,1.89295,1.1899
-0.546341,-2.47105,1.89298,1.18969
-0.54633,-2.47093,1.893,1.18946
-0.546316,-2.4708,1.89302,1.18922
-0.546298,-2.47065,1.89305,1.18897
-0.546277,-2.47049,1.89307,1.1887
-0.544862,-2.46468,1.89313,1.18219
-0.537395,-2.44488,1.89182,1.16575
-0.523411,-2.41441,1.88877,1.14122
-0.504632,-2.37717,1.88425,1.1094
-0.483186,-2.33613,1.87863,1.07127
-0.460714,-2.29359,1.87246,1.0282
-0.438117,-2.25054,1.86596,0.981238
-0.416387,-2.20906,1.8596,0.933592
-0.393046,-2.16448,1.85267,0.879809
-0.37035,-2.12113,1.84594,0.826524
-0.347339,-2.07759,1.83923,0.77223
-0.324135,-2.03365,1.83247,0.717161
-0.300758,-1.98975,1.82581,0.661836
-0.277627,-1.94603,1.81917,0.606293
-0.254433,-1.90226,1.81255,0.550756
-0.231325,-1.85865,1.80594,0.495293
-0.208285,-1.81523,1.79935,0.439942
-0.185162,-1.77147,1.7928,0.384614
-0.0901031,-1.59408,1.7654,0.0529021
-0.0901013,-1.59408,1.7654,0.0528764
-0.0900996,-1.59407,1.76541,0.0528522
-0.0900979,-1.59407,1.76541,0.0528294
-0.0900962,-1.59407,1.76541,0.0528081
-0.0900946,-1.59406,1.76541,0.0527882
-0.090093,-1.59406,1.76541,0.0527697
-0.0900915,-1.59405,1.76541,0.0527526
-0.0900899,-1.59405,1.76541,0.0527368
-0.0900885,-1.59405,1.76542,0.0527223
-0.0900709,-1.59401,1.76544,0.0525535
-0.0900682,-1.594,1.76544,0.0525288
-0.0900649,-1.59399,1.76544,0.052502
-0.0900607,-1.59398,1.76544,0.0524729
-0.0893351,-1.59237,1.7672,0.0536125
-0.0909033,-1.59476,1.77399,0.0630943
-0.0997449,-1.60784,1.78618,0.0850522
-0.114285,-1.63151,1.8029,0.120291
-0.132238,-1.66268,1.82307,0.168536
-0.152186,-1.69787,1.84556,0.228425
-0.173304,-1.73458,1.86948,0.298275
-0.19534,-1.77186,1.89424,0.376241
-0.217832,-1.80933,1.91905,0.46039
-0.240216,-1.84658,1.94374,0.549162
-0.262475,-1.88363,1.96816,0.641131
-0.284763,-1.92076,1.99268,0.73579
-0.307278,-1.95835,2.01701,0.832176
-0.329528,-1.99589,2.04113,0.929544
-0.351642,-2.0332,2.0652,1.02766
-0.373958,-2.07064,2.08918,1.12608
-0.396108,-2.10795,2.11314,1.22459
-0.418162,-2.14507,2.13719,1.32318
-0.440708,-2.18266,2.16156,1.42221
-0.51766,-2.31237,2.23975,1.94585
-0.517671,-2.31239,2.23973,1.94652
-0.517683,-2.31241,2.23972,1.94717
-0.517694,-2.31243,2.2397,1.94781
-0.517705,-2.31245,2.23969,1.94844
-0.517716,-2.31247,2.23967,1.94906
-0.517727,-2.31249,2.23966,1.94967
-0.517738,-2.31251,2.23964,1.95027
-0.517748,-2.31253,2.23962,1.95086
-0.518067,-2.31306,2.23995,1.96337
-0.519352,-2.31849,2.24042,1.96822
-0.518044,-2.33598,2.23739,1.95726
-0.513232,-2.36571,2.22997,1.9277
-0.505619,-2.4039,2.219,1.88031
-0.496317,-2.44559,2.20531,1.81634
-0.48533,-2.48931,2.1897,1.73793
-0.473462,-2.53413,2.17307,1.64785
-0.461347,-2.57914,2.15603,1.54878
-0.449118,-2.62403,2.13858,1.44214
-0.436634,-2.66975,2.12109,1.32993
-0.424488,-2.71566,2.10368,1.21365
-0.412487,-2.76133,2.08636,1.09442
-0.400388,-2.80695,2.06922,0.97312
-0.388402,-2.85242,2.05214,0.850383
-0.376212,-2.89817,2.03497,0.726428
-0.364178,-2.94406,2.01788,0.601901
-0.352257,-2.98979,2.00085,0.477105
-0.3404,-3.03514,1.98388,0.352178
-0.293791,-3.21687,1.91539,-0.325706
-0.293751,-3.21694,1.91534,-0.327626
-0.293713,-3.21702,1.91529,-0.329524
-0.293676,-3.21709,1.91524,-0.331401
-0.29364,-3.21716,1.9152,-0.333256
-0.293605,-3.21723,1.91515,-0.335091
-0.293571,-3.21729,1.91511,-0.336904
-0.293105,-3.21827,1.91462,-0.367835
-0.292523,-3.22154,1.91375,-0.400107
-0.291854,-3.23511,1.91166,-0.418438
-0.292174,-3.26231,1.90826,-0.420253
-0.293745,-3.3007,1.90391,-0.405278
-0.29613,-3.34542,1.8989,-0.374889
-0.299226,-3.39296,1.89354,-0.331701
-0.302945,-3.44142,1.88792,-0.277658
-0.306973,-3.49023,1.88217,-0.215168
-0.311144,-3.53957,1.87639,-0.146128
-0.315183,-3.58892,1.87064,-0.0723992
-0.319148,-3.63819,1.86491,0.00467836
-0.32316,-3.68768,1.85923,0.0840961
-0.327077,-3.73694,1.85361,0.164931
-0.331031,-3.78646,1.84806,0.246793
-0.334958,-3.836,1.84252,0.329188
-0.338868,-3.88556,1.837,0.411646
-0.342673,-3.93451,1.83147,0.494032
-0.346659,-3.98383,1.82584,0.576614
-0.350792,-4.03402,1.82012,0.659383
-0.362788,-4.20041,1.80027,1.00905
-0.362831,-4.20064,1.80021,1.01065
-0.362873,-4.20087,1.80016,1.01223
-0.362915,-4.20109,1.80011,1.01379
-0.362956,-4.2013,1.80006,1.01533
-0.363199,-4.20244,1.79979,1.02427
-0.364254,-4.20732,1.79909,1.06445
-0.365275,-4.21965,1.79879,1.08156
-0.36749,-4.24593,1.79814,1.08383
-0.370542,-4.28316,1.79718,1.07041
-0.374073,-4.32708,1.79601,1.04256
-0.377587,-4.37384,1.79464,1.00206
-0.380898,-4.42203,1.79315,0.950908
-0.384181,-4.47118,1.79157,0.891348
-0.387599,-4.52042,1.78998,0.82537
-0.391015,-4.56974,1.78839,0.754672
-0.394508,-4.61889,1.78676,0.680599
-0.397939,-4.66852,1.78517,0.60385
-0.401616,-4.71858,1.78362,0.525435
-0.405312,-4.76878,1.78201,0.445719
-0.409036,-4.81933,1.78043,0.365284
-0.4128,-4.86977,1.77887,0.284468
-0.416525,-4.91994,1.77736,0.203672
-0.42021,-4.96954,1.77585,0.123161
-0.423795,-5.01888,1.77428,0.04276
-0.438172,-5.20228,1.76666,-0.354866
-0.43817,-5.20237,1.76664,-0.355981
-0.438168,-5.20245,1.76663,-0.357082
-0.438166,-5.20253,1.76662,-0.35817
-0.438165,-5.20261,1.7666,-0.359245
-0.438163,-5.20269,1.76659,-0.360307
-0.438162,-5.20277,1.76658,-0.361355
-0.438209,-5.2044,1.76665,-0.386123
-0.438911,-5.20597,1.76776,-0.408944
-0.441827,-5.19845,1.76993,-0.437758
-0.447233,-5.17672,1.77291,-0.475569
-0.453395,-5.1423,1.77659,-0.523452
-0.459745,-5.09972,1.78079,-0.58127
-0.466371,-5.0532,1.78521,-0.647748
-0.473392,-5.00557,1.78972,-0.721428
-0.481006,-4.95742,1.79432,-0.801351
-0.489061,-4.90856,1.79896,-0.886167
-0.497064,-4.85928,1.80363,-0.974736
-0.504855,-4.81008,1.80826,-1.06611
-0.512591,-4.7608,1.81285,-1.15932
-0.520109,-4.71208,1.81745,-1.25385
-0.527835,-4.66303,1.82209,-1.34939
-0.535472,-4.6138,1.82673,-1.4456
-0.542986,-4.56471,1.83131,-1.54178
-0.550525,-4.51605,1.83589,-1.6382
-0.558094,-4.46725,1.8405,-1.73482
-0.565802,-4.41787,1.84512,-1.83145
-0.58884,-4.26192,1.85602,-2.33821
-0.58884,-4.26192,1.85602,-2.33816
-0.588841,-4.26192,1.85601,-2.33811
-0.588841,-4.26192,1.85601,-2.33806
-0.588841,-4.26192,1.85601,-2.338
-0.588841,-4.26192,1.85601,-2.33795
-0.588841,-4.26192,1.85601,-2.3379
-0.588841,-4.26192,1.856,-2.33785
-0.588841,-4.26192,1.856,-2.3378
-0.588841,-4.26192,1.856,-2.33774
-0.588985,-4.26117,1.85685,-2.33821
-0.588998,-4.26104,1.85693,-2.33835
-0.58901,-4.2609,1.85702,-2.33849
-0.589021,-4.26075,1.85712,-2.33864
-0.589029,-4.26058,1.85722,-2.3388
-0.589036,-4.2604,1.85733,-2.33897
-0.589039,-4.2602,1.85744,-2.33914
-0.589039,-4.25998,1.85756,-2.33933
-0.589034,-4.25975,1.85769,-2.33952
-0.587784,-4.25288,1.86068,-2.34406
-0.580087,-4.23262,1.86821,-2.35528
-0.565813,-4.20287,1.87904,-2.3718
-0.546896,-4.16742,1.89256,-2.39319
-0.525519,-4.12928,1.9079,-2.41872
-0.503024,-4.08975,1.92418,-2.4475
-0.480309,-4.05004,1.94109,-2.47895
-0.457055,-4.00934,1.95844,-2.51255
-0.433383,-3.96837,1.97567,-2.54747
-0.409921,-3.92757,1.99301,-2.58351
-0.38624,-3.88673,2.01011,-2.62008
-0.362909,-3.84636,2.0271,-2.65695
-0.339584,-3.80601,2.04399,-2.69399
-0.316091,-3.76531,2.06105,-2.73128
-0.292227,-3.72434,2.07799,-2.7685
-0.268568,-3.68347,2.09506,-2.80578
-0.244809,-3.64266,2.11199,-2.84289
-0.221442,-3.60236,2.12874,-2.87974
-0.129894,-3.44577,2.19104,-3.08404
-0.129878,-3.44574,2.19103,-3.08426
-0.129861,-3.44572,2.19102,-3.08448
-0.129845,-3.4457,2.19101,-3.0847
-0.129829,-3.44568,2.191,-3.08491
-0.129813,-3.44566,2.19099,-3.08512
-0.129798,-3.44565,2.19098,-3.08532
-0.129783,-3.44563,2.19097,-3.08553
-0.129768,-3.44561,2.19096,-3.08572
-0.129535,-3.44527,2.19098,-3.08885
-0.128655,-3.44408,2.19087,-3.08837
-0.128954,-3.44826,2.18645,-3.07405
-0.133677,-3.46367,2.17633,-3.04137
-0.14181,-3.49038,2.16124,-2.98994
-0.151727,-3.52476,2.14201,-2.92032
-0.16295,-3.56322,2.11995,-2.83499
-0.175306,-3.6035,2.09611,-2.7365
-0.18839,-3.64402,2.07154,-2.62786
-0.202024,-3.68473,2.04651,-2.51073
-0.216062,-3.72599,2.02146,-2.38709
-0.22986,-3.76746,1.99667,-2.25896
-0.24326,-3.80848,1.97181,-2.12717
-0.25637,-3.84806,1.94807,-1.99815
-0.307731,-4.00623,1.85392,-1.2398
-0.307765,-4.00629,1.85388,-1.23779
-0.307798,-4.00635,1.85384,-1.2358
-0.30783,-4.0064,1.8538,-1.23384
-0.30786,-4.00646,1.85376,-1.2319
-0.30789,-4.00652,1.85373,-1.22998
-0.307918,-4.00657,1.8537,-1.22808
-0.308129,-4.00701,1.85348,-1.21199
-0.308968,-4.00822,1.85402,-1.16841
-0.31385,-4.00464,1.85854,-1.14261
-0.326137,-3.98993,1.86761,-1.12499
-0.344437,-3.96559,1.88062,-1.11415
-0.366555,-3.93483,1.89678,-1.10872
-0.390688,-3.90052,1.91512,-1.10745
-0.415932,-3.86433,1.93476,-1.10921
-0.441658,-3.82728,1.95516,-1.11312
-0.467564,-3.78988,1.97578,-1.11846
-0.493364,-3.75256,1.99617,-1.12465
-0.517862,-3.71712,2.01577,-1.13107
-0.544799,-3.67811,2.03702,-1.13826
-0.570832,-3.64036,2.05752,-1.14524
-0.597029,-3.60233,2.07787,-1.15215
-0.623047,-3.5646,2.09807,-1.15891
-0.648878,-3.52714,2.11836,-1.16554
-0.675027,-3.4892,2.13869,-1.17203
-0.701144,-3.45126,2.15896,-1.17836
-0.727103,-3.41359,2.17915,-1.18457
-0.816967,-3.28291,2.24701,-1.21206
-0.817033,-3.28281,2.24707,-1.21215
-0.817097,-3.28271,2.24712,-1.21224
-0.817159,-3.28261,2.24717,-1.21232
-0.817218,-3.28251,2.24722,-1.21241
-0.817276,-3.28242,2.24727,-1.21249
-0.817681,-3.28175,2.24758,-1.21312
-0.819173,-3.27871,2.24743,-1.21319
-0.819174,-3.2709,2.23931,-1.20391
-0.814934,-3.25825,2.22125,-1.18238
-0.806193,-3.2433,2.1954,-1.14912
-0.79261,-3.22524,2.15995,-1.09942
-0.777263,-3.20703,2.1212,-1.03989
-0.76096,-3.18875,2.07976,-0.970711
-0.744184,-3.17055,2.03678,-0.893565
-0.727325,-3.15246,1.99325,-0.810267
-0.710238,-3.13425,1.94908,-0.721775
-0.693596,-3.11648,1.90648,-0.633115
-0.675694,-3.09716,1.86105,-0.53464
-0.658639,-3.0787,1.81744,-0.43802
-0.641512,-3.06033,1.77381,-0.34004
-0.62422,-3.0418,1.73037,-0.241286
-0.607045,-3.02327,1.68698,-0.141997
-0.589839,-3.00471,1.64374,-0.0425263
-0.57273,-2.98624,1.60057,0.0570188
-0.555626,-2.96781,1.55744,0.156547
-0.500628,-2.90852,1.42545,0.685355
-0.500628,-2.90852,1.42545,0.685298
-0.500628,-2.90852,1.42545,0.685242
-0.500628,-2.90852,1.42545,0.685186
-0.500628,-2.90852,1.42544,0.685129
-0.500628,-2.90852,1.42544,0.685073
-0.500628,-2.90852,1.42544,0.685017
-0.500628,-2.90852,1.42544,0.684961
-0.500627,-2.90852,1.42543,0.684905
-0.500627,-2.90852,1.42543,0.684848
-0.50061,-2.9085,1.42518,0.68384
-0.500608,-2.9085,1.42516,0.683803
-0.500606,-2.9085,1.42514,0.683764
-0.500605,-2.9085,1.42512,0.683725
-0.500604,-2.90849,1.4251,0.683683
-0.500604,-2.90849,1.42509,0.683638
-0.500606,-2.90849,1.42507,0.683589
-0.500609,-2.9085,1.42506,0.683536
-0.502043,-2.91001,1.42583,0.680768
-0.511231,-2.91944,1.42954,0.672223
-0.530328,-2.93854,1.43657,0.655902
-0.557103,-2.96496,1.44639,0.63137
-0.58795,-2.99535,1.45818,0.599204
-0.620232,-3.02746,1.47133,0.560204
-0.653083,-3.06048,1.48525,0.515477
-0.686291,-3.09408,1.49954,0.466226
-0.719577,-3.12766,1.51395,0.413447
-0.752971,-3.16132,1.52836,0.358031
-0.786421,-3.19487,1.54262,0.300851
-0.819882,-3.2285,1.55699,0.242113
-0.854038,-3.26275,1.57138,0.182332
-0.888281,-3.29685,1.58566,0.122049
-0.922189,-3.33073,1.59989,0.0614537
-0.956057,-3.36469,1.61411,0.000755865
-0.98991,-3.39861,1.62846,-0.060093
-1.02389,-3.4326,1.64275,-0.120863
-1.15955,-3.56739,1.69658,-0.449374
-1.15959,-3.56743,1.69659,-0.450044
-1.15963,-3.56746,1.69659,-0.450705
-1.15967,-3.56749,1.6966,-0.451356
-1.15971,-3.56753,1.6966,-0.451999
-1.15975,-3.56756,1.6966,-0.452634
-1.15979,-3.56759,1.6966,-0.45326
-1.15982,-3.56762,1.69661,-0.453877
-1.16078,-3.56843,1.69721,-0.468599
-1.16233,-3.57375,1.70172,-0.479995
-1.15948,-3.58954,1.7113,-0.491492
-1.14959,-3.61563,1.72539,-0.503733
-1.13421,-3.64811,1.74297,-0.516982
-1.11541,-3.68394,1.76299,-0.531383
-1.09489,-3.72101,1.78446,-0.546919
-1.07354,-3.7586,1.80681,-0.563526
-1.05166,-3.79664,1.82947,-0.581009
-1.02979,-3.83463,1.85226,-0.599234
-1.00761,-3.87312,1.87528,-0.61815
-0.984997,-3.91228,1.8983,-0.637562
-0.962634,-3.9511,1.92103,-0.657246
-0.9405,-3.98967,1.94366,-0.677148
-0.918302,-4.02824,1.96611,-0.697161
-0.896198,-4.06665,1.98865,-0.717291
-0.873889,-4.10537,2.01118,-0.737458
-0.851676,-4.14401,2.0336,-0.7576
-0.829622,-4.18236,2.05589,-0.777698
-0.738964,-4.34115,2.14241,-0.896392
-0.738964,-4.34115,2.14241,-0.896392
-0.738964,-4.34115,2.14241,-0.896393
-0.738964,-4.34115,2.14241,-0.896393
-0.738964,-4.34115,2.14241,-0.896393
-0.738964,-4.34115,2.14241,-0.896393
-0.738964,-4.34115,2.14241,-0.896393
-0.738964,-4.34115,2.14241,-0.896393
-0.738964,-4.34115,2.14241,-0.896394
-0.738964,-4.34115,2.14241,-0.896394
-0.738812,-4.34136,2.14324,-0.896453
-0.738779,-4.34139,2.14332,-0.896441
-0.738741,-4.34143,2.1434,-0.896426
-0.738698,-4.34146,2.14349,-0.896406
-0.738649,-4.3415,2.14357,-0.896382
-0.738594,-4.34154,2.14366,-0.896353
-0.738532,-4.34158,2.14375,-0.89632
-0.738463,-4.34162,2.14385,-0.896281
-0.738387,-4.34166,2.14394,-0.896238
-0.738303,-4.3417,2.14404,-0.896188
-0.738211,-4.34173,2.14414,-0.896131
-0.73811,-4.34177,2.14424,-0.896068
-0.738001,-4.34179,2.14435,-0.895996
-0.737883,-4.34182,2.14446,-0.895917
-0.737756,-4.34183,2.14457,-0.89583
-0.737619,-4.34185,2.14468,-0.895736
-0.737473,-4.34185,2.14479,-0.895634
-0.737317,-4.34184,2.1449,-0.895526
-0.737151,-4.34183,2.14502,-0.89541
-0.736975,-4.3418,2.14514,-0.895288
-0.736789,-4.34176,2.14526,-0.895159
-0.736593,-4.34171,2.14538,-0.895021
-0.736387,-4.34164,2.1455,-0.894875
-0.73617,-4.34156,2.14563,-0.894721
-0.735463,-4.34123,2.14601,-0.894211
-0.726854,-4.33156,2.1492,-0.887092
-0.714599,-4.30861,2.1522,-0.87373
-0.699532,-4.27438,2.15477,-0.853762
-0.683089,-4.23381,2.157,-0.827481
-0.66548,-4.18978,2.15899,-0.795552
-0.647449,-4.14446,2.16077,-0.759012
-0.62919,-4.0988,2.16241,-0.718791
-0.610913,-4.05308,2.16395,-0.675684
-0.592589,-4.00713,2.16548,-0.630493
-0.574263,-3.96099,2.167,-0.583674
-0.555835,-3.91448,2.16855,-0.535767
-0.537301,-3.86761,2.17021,-0.487023
-0.518865,-3.82084,2.17184,-0.437982
-0.500574,-3.77446,2.17344,-0.38871
-0.482166,-3.72797,2.17496,-0.339334
-0.463706,-3.6813,2.17645,-0.289968
-0.445433,-3.63495,2.17793,-0.240821
-0.370178,-3.4453,2.18193,0.0493311
-0.370178,-3.4453,2.18193,0.0493283
-0.370178,-3.4453,2.18193,0.0493256
-0.370178,-3.4453,2.18193,0.049323
-0.370178,-3.4453,2.18193,0.0493204
-0.370178,-3.4453,2.18193,0.0493178
-0.370178,-3.4453,2.18193,0.0493153
-0.370178,-3.4453,2.18193,0.0493129
-0.370178,-3.4453,2.18193,0.0493105
-0.370178,-3.4453,2.18193,0.0493081
-0.370119,-3.44511,2.1821,0.049706
-0.370105,-3.44506,2.18212,0.0497628
-0.370089,-3.44501,2.18214,0.0498244
-0.370071,-3.44495,2.18215,0.0498908
-0.370051,-3.44488,2.18217,0.0499629
-0.370028,-3.4448,2.18219,0.0500413
-0.370003,-3.44472,2.18221,0.0501263
-0.369976,-3.44462,2.18224,0.0502182
-0.369947,-3.44451,2.18226,0.0503169
-0.369915,-3.44439,2.18228,0.0504223
-0.369881,-3.44425,2.18231,0.0505346
-0.369844,-3.4441,2.18233,0.0506535
-0.369806,-3.44394,2.18235,0.0507788
-0.369766,-3.44376,2.18238,0.0509105
-0.369725,-3.44357,2.18241,0.0510484
-0.369681,-3.44336,2.18243,0.0511924
-0.369637,-3.44313,2.18246,0.0513425
-0.369591,-3.44289,2.18249,0.0514996
-0.368796,-3.4326,2.18313,0.057004
-0.370412,-3.40794,2.18379,0.0684659
-0.375642,-3.37181,2.18433,0.0855868
-0.383448,-3.32852,2.18475,0.1081
-0.39242,-3.28219,2.18501,0.135275
-0.401691,-3.23449,2.18525,0.166378
-0.410965,-3.18647,2.18547,0.200673
-0.420279,-3.13803,2.18568,0.237407
-0.429729,-3.08914,2.1859,0.27609
-0.439308,-3.03988,2.18605,0.316185
-0.448983,-2.99053,2.18618,0.357129
-0.458641,-2.94148,2.18636,0.398657
-0.468199,-2.89272,2.18652,0.440301
-0.477704,-2.84441,2.18668,0.482151
-0.487252,-2.79534,2.18686,0.524143
-0.496907,-2.74613,2.18698,0.566118
-0.506578,-2.69714,2.1871,0.607977
-0.516216,-2.64836,2.18721,0.649755
-0.5519,-2.46487,2.18609,0.881816
-0.5519,-2.46487,2.18609,0.881805
-0.5519,-2.46487,2.18609,0.881795
-0.5519,-2.46487,2.18609,0.881784
-0.5519,-2.46487,2.18609,0.881774
-0.5519,-2.46487,2.18609,0.881764
-0.5519,-2.46487,2.18609,0.881754
-0.5519,-2.46487,2.18609,0.881745
-0.5519,-2.46487,2.18609,0.881735
-0.5519,-2.46487,2.18609,0.881725
-0.551976,-2.46462,2.18631,0.882241
-0.551989,-2.46458,2.18634,0.882333
-0.552002,-2.46453,2.18636,0.882434
-0.552016,-2.46447,2.18639,0.882546
-0.552031,-2.46442,2.18642,0.882668
-0.552046,-2.46436,2.18645,0.882801
-0.552061,-2.4643,2.18648,0.882944
-0.552076,-2.46423,2.18651,0.883099
-0.55209,-2.46417,2.18654,0.883264
-0.552104,-2.4641,2.18657,0.88344
-0.552116,-2.46403,2.18661,0.883626
-0.552128,-2.46397,2.18664,0.883822
-0.552138,-2.46391,2.18668,0.88403
-0.552138,-2.46359,2.18704,0.886177
-0.550848,-2.46892,2.1886,0.899532
-0.547227,-2.48861,2.19054,0.92456
-0.54014,-2.52127,2.19267,0.961344
-0.530413,-2.56192,2.195,1.00913
-0.519632,-2.60667,2.19741,1.06654
-0.508814,-2.65356,2.19993,1.13224
-0.498242,-2.70189,2.20245,1.20458
-0.487776,-2.75048,2.20495,1.28176
-0.477406,-2.79862,2.20741,1.36241
-0.467149,-2.84646,2.20984,1.44564
-0.456865,-2.89452,2.21227,1.53098
-0.446326,-2.94365,2.21474,1.61783
-0.435481,-2.993,2.21723,1.70582
-0.424558,-3.04235,2.21971,1.79433
-0.413761,-3.09111,2.22218,1.88289
-0.403633,-3.13745,2.22451,1.96802
-0.393128,-3.18602,2.227,2.0566
-0.382523,-3.23474,2.22949,2.14519
-0.346166,-3.40133,2.23469,2.62343
-0.346166,-3.40133,2.23469,2.62339
-0.346166,-3.40133,2.23469,2.62336
-0.346166,-3.40133,2.23468,2.62333
-0.346166,-3.40133,2.23468,2.6233
-0.346166,-3.40133,2.23468,2.62326
-0.346166,-3.40133,2.23468,2.62323
-0.346166,-3.40133,2.23468,2.6232
-0.346166,-3.40133,2.23468,2.62317
-0.346166,-3.40133,2.23468,2.62314
-0.346318,-3.40206,2.23567,2.62588
-0.346349,-3.40212,2.23574,2.62617
-0.346383,-3.40218,2.23581,2.62648
-0.346423,-3.40225,2.23588,2.62681
-0.346466,-3.40231,2.23595,2.62716
-0.346516,-3.40236,2.23603,2.62753
-0.34657,-3.40242,2.23611,2.62792
-0.346631,-3.40247,2.23619,2.62832
-0.346698,-3.40251,2.23627,2.62874
-0.346772,-3.40255,2.23635,2.62919
-0.346853,-3.40258,2.23644,2.62965
-0.346942,-3.4026,2.23653,2.63013
-0.349801,-3.40124,2.23827,2.64075
-0.362217,-3.39017,2.2419,2.66906
-0.384357,-3.36859,2.2463,2.71129
-0.412196,-3.34038,2.2513,2.76687
-0.443013,-3.30745,2.25679,2.83482
-0.475555,-3.27159,2.26244,2.91258
-0.508143,-3.2351,2.26818,2.99833
-0.54056,-3.19805,2.27397,3.09012
-0.571684,-3.16239,2.2795,-3.10054
-0.605584,-3.1237,2.28545,-2.99673
-0.638237,-3.08674,2.29114,-2.89444
-0.67096,-3.04962,2.29677,-2.79053
-0.703625,-3.01278,2.3024,-2.68546
-0.736431,-2.97559,2.30803,-2.57967
-0.769334,-2.93843,2.3137,-2.47326
-0.802281,-2.90126,2.31938,-2.36669
-0.835308,-2.86396,2.3251,-2.2596
-0.86858,-2.82623,2.33084,-2.15238
-0.982741,-2.69926,2.34815,-1.6783
-0.982857,-2.69908,2.34816,-1.67622
-0.982969,-2.69891,2.34816,-1.67416
-0.983077,-2.69874,2.34817,-1.67213
-0.98318,-2.69857,2.34817,-1.67011
-0.984078,-2.69704,2.34821,-1.64927
-0.985432,-2.6946,2.34864,-1.61191
-0.984938,-2.6917,2.34817,-1.58321
-0.973997,-2.69336,2.34544,-1.56987
-0.950246,-2.70235,2.34016,-1.57279
-0.916323,-2.71741,2.33303,-1.59069
-0.87683,-2.7357,2.32468,-1.62177
-0.834627,-2.75522,2.31558,-1.66371
-0.791526,-2.77496,2.30612,-1.7141
-0.748104,-2.79467,2.29647,-1.77104
-0.704582,-2.81448,2.2868,-1.83282
-0.662629,-2.83368,2.27756,-1.89533
-0.616593,-2.85483,2.26752,-1.96596
-0.57191,-2.87553,2.2578,-2.03579
-0.526776,-2.89651,2.24803,-2.10683
-0.481829,-2.91743,2.23825,-2.17857
-0.436755,-2.93835,2.22853,-2.25059
-0.392152,-2.95908,2.21892,-2.32249
-0.347905,-2.97962,2.20929,-2.39435
-0.303487,-3.00014,2.19979,-2.46575
-0.130912,-3.0811,2.1615,-2.84486
-0.130853,-3.08112,2.16148,-2.84567
-0.130796,-3.08114,2.16147,-2.84647
-0.13074,-3.08115,2.16145,-2.84726
-0.130685,-3.08117,2.16144,-2.84803
-0.130632,-3.08119,2.16143,-2.8488
-0.13058,-3.0812,2.16142,-2.84956
-0.129929,-3.08142,2.16133,-2.85987
-0.128965,-3.082,2.16166,-2.86855
-0.12696,-3.08715,2.16474,-2.87093
-0.132705,-3.10101,2.17138,-2.852
-0.148369,-3.1244,2.18116,-2.81029
-0.170699,-3.15431,2.19337,-2.74684
-0.197197,-3.18753,2.20758,-2.66356
-0.226233,-3.22196,2.22268,-2.56402
-0.256686,-3.25651,2.23833,-2.45107
-0.287956,-3.29114,2.25418,-2.32776
-0.319661,-3.32588,2.27032,-2.19615
-0.351404,-3.36095,2.2863,-2.05855
-0.382945,-3.39599,2.30222,-1.91638
-0.413093,-3.42955,2.31755,-1.77648
-0.446018,-3.4661,2.33406,-1.62227
-0.477323,-3.50128,2.34973,-1.47234
-0.508772,-3.53628,2.36547,-1.32071
-0.540348,-3.57145,2.3812,-1.16795
-0.572127,-3.60692,2.39704,-1.0142
-0.603787,-3.6425,2.41294,-0.859633
-0.724342,-3.77947,2.47112,-0.0523157
-0.724477,-3.77954,2.47116,-0.0491724
-0.72461,-3.77961,2.47119,-0.0460585
-0.724739,-3.77968,2.47122,-0.0429739
-0.724864,-3.77974,2.47125,-0.0399184
-0.724986,-3.7798,2.47128,-0.0368919
-0.725757,-3.78015,2.47144,-0.0165118
-0.728616,-3.78235,2.47207,0.0624658
-0.73031,-3.78975,2.46691,0.102262
-0.726243,-3.80584,2.45215,0.121355
-0.715852,-3.82796,2.42983,0.116085
-0.701215,-3.85407,2.40156,0.0896583
-0.684257,-3.88186,2.36932,0.0450847
-0.666169,-3.90996,2.33464,-0.0142732
-0.647265,-3.93824,2.29857,-0.0854444
-0.628125,-3.9665,2.26215,-0.165371
-0.609098,-3.99463,2.22582,-0.251695
-0.590078,-4.02273,2.18952,-0.342724
-0.570864,-4.05112,2.15284,-0.437411
-0.551386,-4.08002,2.11604,-0.534564
-0.531964,-4.10909,2.07948,-0.633144
-0.51279,-4.1379,2.04328,-0.732422
-0.493662,-4.16646,2.00705,-0.832278
-0.474322,-4.1952,1.97088,-0.932353
-0.455094,-4.22395,1.93484,-1.03236
-0.43581,-4.25269,1.89872,-1.13237
-0.367311,-4.35628,1.7704,-1.59568
-0.367232,-4.35637,1.77021,-1.59751
-0.367155,-4.35647,1.77004,-1.59931
-0.36708,-4.35656,1.76986,-1.6011
-0.367008,-4.35665,1.76969,-1.60287
-0.366938,-4.35674,1.76953,-1.60461
-0.365683,-4.35835,1.76642,-1.64325
-0.363388,-4.35953,1.76318,-1.6761
-0.357747,-4.35183,1.76008,-1.70661
-0.348391,-4.32953,1.75727,-1.73665
-0.336235,-4.29547,1.75487,-1.76741
-0.322649,-4.25443,1.75285,-1.79966
-0.308568,-4.20971,1.75112,-1.8336
-0.294443,-4.16335,1.74966,-1.86932
-0.280347,-4.11635,1.7483,-1.9066
-0.266269,-4.06899,1.74699,-1.94528
-0.252058,-4.02129,1.74573,-1.9852
-0.237728,-3.97345,1.74446,-2.02601
-0.223353,-3.92545,1.74314,-2.06757
-0.208952,-3.87769,1.74181,-2.10956
-0.194659,-3.82998,1.74049,-2.15185
-0.180369,-3.78236,1.73919,-2.19444
-0.16599,-3.73451,1.73789,-2.23711
-0.151666,-3.68678,1.73658,-2.27993
-0.13724,-3.63907,1.73528,-2.32276
-0.122892,-3.59112,1.73402,-2.36569
-0.0754875,-3.43554,1.72856,-2.57391
-0.0754706,-3.4355,1.72856,-2.57425
-0.0754539,-3.43547,1.72856,-2.57458
-0.0754375,-3.43544,1.72856,-2.5749
-0.0754214,-3.4354,1.72856,-2.57523
-0.0754057,-3.43537,1.72855,-2.57554
-0.0753902,-3.43534,1.72855,-2.57585
-0.075375,-3.43531,1.72855,-2.57616
-0.0751793,-3.4349,1.72858,-2.5803
-0.0750016,-3.43269,1.72808,-2.58546
-0.0793201,-3.43718,1.72576,-2.58147
-0.0919747,-3.45477,1.72125,-2.56839
-0.110465,-3.48378,1.71487,-2.54623
-0.132083,-3.51992,1.70731,-2.51582
-0.155008,-3.55897,1.69896,-2.47809
-0.179243,-3.5997,1.69017,-2.43416
-0.204272,-3.64125,1.68112,-2.38522
-0.229796,-3.68334,1.67197,-2.33243
-0.255019,-3.72508,1.66298,-2.27713
-0.280137,-3.76656,1.65395,-2.21974
-0.305513,-3.80846,1.64495,-2.16095
-0.331053,-3.85073,1.63602,-2.10116
-0.356452,-3.89305,1.62709,-2.04091
-0.381814,-3.9352,1.61815,-1.98036
-0.407007,-3.97716,1.60929,-1.91986
-0.432117,-4.01884,1.60045,-1.85948
-0.457439,-4.06074,1.59143,-1.79883
-0.483225,-4.10358,1.58245,-1.73826
-0.566003,-4.24087,1.55322,-1.42942
-0.566003,-4.24087,1.55322,-1.42942
-0.566003,-4.24087,1.55322,-1.42942
-0.566003,-4.24087,1.55322,-1.42942
-0.566003,-4.24087,1.55322,-1.42942
-0.566003,-4.24087,1.55322,-1.42942
-0.566003,-4.24087,1.55322,-1.42942
-0.566003,-4.24087,1.55322,-1.42942
-0.566003,-4.24087,1.55322,-1.42942
-0.566003,-4.24087,1.55322,-1.42942
-0.566308,-4.24126,1.55384,-1.42805
-0.566361,-4.24132,1.55395,-1.42789
-0.56642,-4.2414,1.55407,-1.42772
-0.566486,-4.24149,1.55421,-1.42753
-0.566557,-4.24159,1.55435,-1.42733
-0.566635,-4.24169,1.5545,-1.42712
-0.566719,-4.24181,1.55466,-1.4269
-0.56681,-4.24193,1.55483,-1.42667
-0.566908,-4.24207,1.55501,-1.42643
-0.567013,-4.24222,1.55521,-1.42617
-0.567124,-4.24238,1.55541,-1.4259
-0.567242,-4.24255,1.55564,-1.42562
-0.567367,-4.24273,1.55587,-1.42533
-0.567498,-4.24293,1.55612,-1.42501
-0.567637,-4.24314,1.55639,-1.42469
-0.567781,-4.24336,1.55666,-1.42435
-0.567932,-4.24359,1.55695,-1.424
-0.56809,-4.24384,1.55725,-1.42364
-0.568253,-4.24409,1.55757,-1.42326
-0.568423,-4.24437,1.5579,-1.42286
-0.568598,-4.24465,1.55825,-1.42245
-0.56878,-4.24494,1.55861,-1.42202
-0.571134,-4.24899,1.56367,-1.41619
-0.578795,-4.26287,1.58224,-1.3949
-0.588756,-4.2811,1.60938,-1.36219
-0.599806,-4.30123,1.64301,-1.31869
-0.611706,-4.32228,1.68131,-1.26535
-0.623842,-4.34374,1.72248,-1.20369
-0.636287,-4.36554,1.76526,-1.13523
-0.648772,-4.38755,1.8089,-1.06124
-0.66131,-4.40976,1.85292,-0.982984
-0.673975,-4.4322,1.89675,-0.901693
-0.686424,-4.45444,1.94016,-0.818395
-0.699,-4.47668,1.98343,-0.733636
-0.711461,-4.49882,2.02658,-0.647911
-0.723994,-4.52103,2.06953,-0.561686
-0.736465,-4.54322,2.11216,-0.475349
-0.74878,-4.56518,2.15478,-0.388945
-0.761338,-4.58739,2.19806,-0.302048
-0.774094,-4.60994,2.24159,-0.214915
-0.82143,-4.69389,2.392,0.281568
-0.82143,-4.69389,2.392,0.281567
-0.82143,-4.69389,2.392,0.281565
-0.82143,-4.69389,2.392,0.281564
-0.82143,-4.69389,2.392,0.281563
-0.82143,-4.69389,2.392,0.281561
-0.82143,-4.69389,2.392,0.28156
-0.82143,-4.69389,2.392,0.281559
-0.82143,-4.69389,2.392,0.281558
-0.82143,-4.69389,2.392,0.281557
-0.821477,-4.69399,2.39328,0.282426
-0.821487,-4.69402,2.39342,0.282533
-0.821499,-4.69405,2.39357,0.282646
-0.821512,-4.69408,2.39372,0.282766
-0.821526,-4.69412,2.39388,0.282895
-0.821542,-4.69416,2.39405,0.283032
-0.82156,-4.69422,2.39423,0.283179
-0.821579,-4.69427,2.39442,0.283334
-0.821599,-4.69434,2.39461,0.283499
-0.821621,-4.69441,2.39482,0.283673
-0.821644,-4.69449,2.39503,0.283856
-0.821669,-4.69459,2.39525,0.284049
-0.821694,-4.69469,2.39548,0.284251
-0.821721,-4.6948,2.39572,0.284464
-0.821749,-4.69493,2.39597,0.284688
-0.821777,-4.69506,2.39623,0.284923
-0.821806,-4.69522,2.3965,0.28517
-0.821836,-4.69538,2.39678,0.285427
-0.821866,-4.69556,2.39706,0.285695
-0.821896,-4.69576,2.39736,0.285974
-0.822319,-4.70633,2.40671,0.296063
-0.821004,-4.72999,2.42054,0.314068
-0.817245,-4.76395,2.43719,0.339405
-0.811738,-4.80394,2.45566,0.371459
-0.805558,-4.84691,2.47517,0.409329
-0.799328,-4.8912,2.4953,0.452026
-0.793186,-4.93627,2.51568,0.498577
-0.787068,-4.98171,2.53597,0.548018
-0.780894,-5.02717,2.55603,0.599457
-0.7747,-5.07232,2.57599,0.652359
-0.768505,-5.11772,2.59591,0.706278
-0.762278,-5.16304,2.61565,0.760693
-0.756007,-5.20811,2.63525,0.815304
-0.749775,-5.25291,2.65487,0.870042
-0.743556,-5.29809,2.67458,0.924871
-0.737259,-5.34374,2.69458,0.979915
-0.730911,-5.38961,2.71447,1.03484
-0.724499,-5.43508,2.73423,1.08963
-0.702834,-5.59391,2.79724,1.38161
-0.702834,-5.59391,2.79724,1.38161
-0.702834,-5.59391,2.79724,1.38161
-0.702834,-5.59391,2.79724,1.38161
-0.702834,-5.59391,2.79724,1.38161
-0.702834,-5.59391,2.79724,1.38161
-0.702834,-5.59391,2.79724,1.38161
-0.702834,-5.59391,2.79724,1.38161
-0.702834,-5.59391,2.79724,1.38161
-0.702834,-5.59391,2.79724,1.38161
-0.702815,-5.59398,2.79767,1.38209
-0.702798,-5.59403,2.79778,1.38229
-0.702785,-5.59407,2.79783,1.38241
-0.70277,-5.59411,2.79788,1.38254
-0.70275,-5.59415,2.79794,1.38269
-0.702727,-5.59421,2.79799,1.38285
-0.702698,-5.59427,2.79805,1.38303
-0.702663,-5.59434,2.7981,1.38322
-0.702622,-5.59442,2.79815,1.38344
-0.702573,-5.59451,2.7982,1.38366
-0.702516,-5.59461,2.79825,1.3839
-0.70245,-5.59472,2.7983,1.38416
-0.702375,-5.59484,2.79835,1.38445
-0.702288,-5.59497,2.79839,1.38475
-0.702191,-5.59511,2.79843,1.38507
-0.702081,-5.59527,2.79847,1.38541
-0.701958,-5.59544,2.7985,1.38578
-0.701822,-5.59562,2.79853,1.38616
-0.701671,-5.59582,2.79856,1.38657
-0.701506,-5.59602,2.79858,1.387
-0.701325,-5.59625,2.79859,1.38744
-0.701127,-5.59648,2.79861,1.38791
-0.700913,-5.59673,2.79862,1.3884
-0.700682,-5.59699,2.79862,1.38891
-0.700434,-5.59726,2.79863,1.38945
-0.700168,-5.59755,2.79863,1.39001
-0.699883,-5.59785,2.79862,1.3906
-0.693887,-5.60321,2.79802,1.40125
-0.673556,-5.61606,2.79427,1.43261
-0.641955,-5.6306,2.78719,1.48084
-0.603271,-5.64546,2.77745,1.54488
-0.560884,-5.66072,2.76573,1.62304
-0.517216,-5.67652,2.75283,1.71273
-0.472949,-5.69289,2.73906,1.81182
-0.428718,-5.70939,2.72514,1.91773
-0.384513,-5.72585,2.71089,2.02966
-0.339286,-5.74288,2.6966,2.14619
-0.293799,-5.7595,2.68251,2.26572
-0.248473,-5.77589,2.66843,2.38777
-0.203388,-5.79225,2.65459,2.5111
-0.158692,-5.80855,2.64085,2.63568
-0.113688,-5.82507,2.6272,2.76086
-0.0686491,-5.8415,2.61341,2.88676
-0.0230828,-5.85816,2.59952,3.01329
0.022533,-5.87452,2.58582,3.13959
0.178689,-5.9305,2.53775,-2.5648
0.178848,-5.93059,2.53766,-2.56233
0.179003,-5.93069,2.53757,-2.55989
0.179153,-5.93078,2.53749,-2.55747
0.179298,-5.93086,2.53741,-2.55507
0.179439,-5.93095,2.53733,-2.5527
0.182379,-5.93269,2.53579,-2.49236
0.189082,-5.93628,2.53368,-2.44563
0.206646,-5.94504,2.52923,-2.39723
0.235369,-5.95949,2.52224,-2.343
0.272034,-5.978,2.51328,-2.28174
0.312347,-5.99871,2.50288,-2.2128
0.354547,-6.02121,2.49162,-2.13669
0.396965,-6.04416,2.48003,-2.05469
0.438654,-6.06693,2.46834,-1.9679
0.480624,-6.09023,2.45659,-1.87674
0.522704,-6.11341,2.4448,-1.7823
0.565116,-6.13657,2.43311,-1.68555
0.607435,-6.15952,2.42137,-1.58662
0.650477,-6.18304,2.40969,-1.48607
0.693401,-6.20625,2.39801,-1.38463
0.736219,-6.22938,2.38628,-1.28233
0.778873,-6.25257,2.37462,-1.17975
0.821618,-6.27578,2.36285,-1.07647
0.864773,-6.29932,2.35119,-0.973094
0.907715,-6.32251,2.33956,-0.869693
1.04011,-6.39441,2.30233,-0.358425
1.04014,-6.39443,2.30233,-0.357649
1.04017,-6.39444,2.30234,-0.356886
1.0402,-6.39446,2.30234,-0.356133
1.04022,-6.39447,2.30234,-0.355392
1.04025,-6.39449,2.30235,-0.354663
1.04027,-6.3945,2.30235,-0.353945
1.0403,-6.39452,2.30236,-0.353239
1.04055,-6.39464,2.30243,-0.346162
1.04297,-6.39557,2.30132,-0.328456
1.05599,-6.3978,2.29611,-0.313009
1.0826,-6.3997,2.28631,-0.294711
1.11931,-6.40001,2.27291,-0.273057
1.16107,-6.39888,2.25715,-0.248142
1.20475,-6.39708,2.23977,-0.220058
1.24963,-6.39518,2.22162,-0.189271
1.29492,-6.39331,2.20301,-0.156133
1.34066,-6.39149,2.18439,-0.121259
1.38637,-6.38964,2.16577,-0.0849615
1.43224,-6.38776,2.14715,-0.0475907
1.47861,-6.38585,2.1285,-0.00936985
1.52514,-6.38386,2.10979,0.0294922
1.57213,-6.38186,2.09115,0.0687355
1.6186,-6.37982,2.07272,0.108071
1.66434,-6.37784,2.05438,0.147414
1.71045,-6.37596,2.03589,0.186905
1.75707,-6.37396,2.01742,0.22642
1.80371,-6.37194,1.99892,0.265949
1.96502,-6.36528,1.93464,0.456166
1.96509,-6.36528,1.93461,0.456625
1.96516,-6.36528,1.93459,0.457078
1.96522,-6.36528,1.93457,0.457524
1.96529,-6.36528,1.93454,0.457965
1.96535,-6.36528,1.93452,0.4584
1.96541,-6.36528,1.9345,0.458828
1.96627,-6.36526,1.93425,0.465392
1.97084,-6.36565,1.93469,0.476366
1.98642,-6.36855,1.93886,0.48805
2.01281,-6.37443,1.94692,0.503316
2.05087,-6.38417,1.95938,0.524877
2.09208,-6.39553,1.974,0.550454
2.13491,-6.40792,1.99026,0.580245
2.17847,-6.42096,2.00755,0.61372
2.2225,-6.43418,2.02544,0.650256
2.26684,-6.44746,2.0435,0.689167
2.31154,-6.46086,2.06162,0.729971
2.35603,-6.47404,2.07951,0.771959
2.40054,-6.48741,2.09739,0.814906
2.44499,-6.50063,2.11519,0.858469
2.48973,-6.51401,2.13293,0.90239
2.53432,-6.52728,2.15058,0.946454
2.57866,-6.5405,2.16831,0.990641
2.6236,-6.55399,2.1862,1.03498
2.66875,-6.56743,2.20419,1.07947
2.71402,-6.58089,2.22207,1.12393
2.86202,-6.62532,2.2779,1.33509
2.86206,-6.62533,2.27791,1.33553
2.8621,-6.62535,2.27791,1.33597
2.86214,-6.62537,2.27792,1.3364
2.86218,-6.62538,2.27792,1.33683
2.86221,-6.6254,2.27792,1.33725
2.86225,-6.62541,2.27792,1.33766
2.8627,-6.62559,2.27796,1.34289
2.86531,-6.62628,2.27898,1.34926
2.87769,-6.62845,2.27927,1.34534
2.90352,-6.63181,2.27737,1.3272
2.94017,-6.63632,2.27317,1.29342
2.98403,-6.64159,2.26717,1.24484
3.03072,-6.64703,2.25993,1.18338
3.07826,-6.65207,2.25188,1.11107
3.12657,-6.6567,2.24342,1.03006
3.17522,-6.66129,2.23465,0.941782
3.2245,-6.66596,2.22584,0.848202
3.27343,-6.67089,2.21713,0.751104
3.32169,-6.67583,2.20852,0.65124
3.37012,-6.68063,2.19996,0.54947
3.41913,-6.68551,2.19143,0.446212
3.46821,-6.69053,2.18276,0.34196
3.51757,-6.6956,2.17406,0.237001
3.56685,-6.70073,2.16542,0.131803
3.61599,-6.7058,2.15672,0.0261878
3.66538,-6.71085,2.14806,-0.0794491
3.84297,-6.73024,2.11605,-0.689973
3.84297,-6.73024,2.11605,-0.689922
3.84297,-6.73024,2.11604,-0.689869
3.84297,-6.73024,2.11604,-0.689817
3.84297,-6.73024,2.11604,-0.689764
3.84297,-6.73024,2.11604,-0.68971
3.84297,-6.73024,2.11603,-0.689656
3.84297,-6.73024,2.11603,-0.689602
3.84297,-6.73024,2.11603,-0.689547
3.84297,-6.73024,2.11603,-0.689491
3.84316,-6.73022,2.11589,-0.689033
3.84321,-6.73021,2.11585,-0.689085
3.84326,-6.7302,2.11581,-0.689142
3.84331,-6.73018,2.11576,-0.689205
3.84338,-6.73016,2.1157,-0.689273
3.84345,-6.73014,2.11564,-0.689347
3.84354,-6.73011,2.11557,-0.689426
3.84729,-6.72732,2.11245,-0.692177
3.85393,-6.71461,2.10429,-0.698171
3.86033,-6.68937,2.0911,-0.706591
3.86569,-6.6545,2.0744,-0.716677
3.87037,-6.61467,2.05514,-0.727916
3.87448,-6.57215,2.03439,-0.739959
3.87826,-6.52858,2.01278,-0.752511
3.88193,-6.48411,1.99049,-0.765435
3.88543,-6.43912,1.96832,-0.778479
3.88903,-6.39452,1.94607,-0.791589
3.89258,-6.34939,1.92395,-0.804691
3.8961,-6.30479,1.90208,-0.817694
3.89971,-6.25998,1.88024,-0.830641
3.90319,-6.21526,1.8585,-0.84349
3.90673,-6.17065,1.83694,-0.856229
3.91026,-6.1262,1.81527,-0.868912
3.91377,-6.08151,1.79378,-0.881498
3.91733,-6.03722,1.77216,-0.894045
3.93243,-5.8526,1.68621,-0.969099
3.93243,-5.8526,1.68621,-0.969094
3.93243,-5.85259,1.68622,-0.969089
3.93243,-5.85259,1.68622,-0.969085
3.93243,-5.85259,1.68622,-0.96908
3.93243,-5.85259,1.68622,-0.969075
3.93243,-5.85259,1.68623,-0.96907
3.93243,-5.85259,1.68623,-0.969064
3.93244,-5.85259,1.68623,-0.969059
3.93244,-5.85259,1.68623,-0.969054
3.93246,-5.85247,1.68602,-0.968991
3.93247,-5.85244,1.68599,-0.968993
3.93247,-5.8524,1.68597,-0.968996
3.93248,-5.85236,1.68595,-0.968999
3.93249,-5.8523,1.68593,-0.969002
3.9325,-5.85224,1.68591,-0.969005
3.93285,-5.84761,1.68614,-0.969197
3.93246,-5.82969,1.68884,-0.969955
3.93119,-5.79908,1.69482,-0.971069
3.92941,-5.75916,1.7037,-0.972475
3.92737,-5.71492,1.71469,-0.974051
3.92528,-5.6684,1.72712,-0.975788
3.92302,-5.62155,1.74025,-0.977622
3.92078,-5.5743,1.75393,-0.979538
3.91836,-5.52666,1.76768,-0.981502
3.91603,-5.47888,1.78155,-0.983495
3.91362,-5.43096,1.79526,-0.985498
3.91132,-5.38302,1.80905,-0.987508
3.90892,-5.3347,1.82272,-0.98952
3.90659,-5.28664,1.83641,-0.991524
3.90421,-5.2382,1.84998,-0.993524
3.90187,-5.19036,1.86348,-0.995507
3.89959,-5.1427,1.87693,-0.99748
3.89727,-5.09498,1.8905,-0.999448
3.89488,-5.04655,1.90405,-1.00142
3.88789,-4.89251,1.94347,-1.01128
3.88789,-4.89251,1.94347,-1.01128
3.88789,-4.89251,1.94347,-1.01127
3.88789,-4.89251,1.94347,-1.01127
3.88789,-4.89251,1.94347,-1.01127
3.88789,-4.89251,1.94347,-1.01127
3.88789,-4.89251,1.94347,-1.01127
3.88789,-4.89251,1.94347,-1.01127
3.88789,-4.89251,1.94347,-1.01127
3.88789,-4.89251,1.94347,-1.01127
3.88801,-4.89204,1.94434,-1.01138
3.88804,-4.89197,1.94442,-1.0114
3.88807,-4.8919,1.9445,-1.01142
3.88811,-4.89182,1.94458,-1.01145
3.88815,-4.89174,1.94467,-1.01148
3.8882,-4.89165,1.94476,-1.01151
3.88826,-4.89157,1.94485,-1.01154
3.88832,-4.89148,1.94494,-1.01157
3.89094,-4.89024,1.94694,-1.01251
3.90303,-4.89413,1.9512,-1.01524
3.92656,-4.90804,1.95669,-1.01989
3.95788,-4.92969,1.9629,-1.02652
3.99342,-4.95557,1.96969,-1.03504
4.03086,-4.98357,1.97667,-1.04513
4.06899,-5.01224,1.98381,-1.05659
4.108,-5.04177,1.991,-1.06913
4.14679,-5.07134,1.99811,-1.08242
4.18575,-5.10089,2.00528,-1.09638
4.22549,-5.13124,2.01244,-1.11077
4.26491,-5.1614,2.01952,-1.12543
4.30448,-5.19153,2.02664,-1.14031
4.34387,-5.22171,2.03368,-1.15523
4.3832,-5.25164,2.04076,-1.17023
4.42228,-5.28163,2.04774,-1.18515
4.46112,-5.31117,2.0548,-1.20009
4.50046,-5.3413,2.06181,-1.21496
4.6578,-5.46231,2.08725,-1.30136
4.6578,-5.46231,2.08725,-1.30135
4.6578,-5.46231,2.08725,-1.30134
4.6578,-5.46231,2.08725,-1.30133
4.6578,-5.46231,2.08724,-1.30133
4.6578,-5.46231,2.08724,-1.30132
4.6578,-5.46231,2.08724,-1.30132
4.6578,-5.46231,2.08724,-1.30131
4.6578,-5.46231,2.08724,-1.30131
4.6578,-5.46231,2.08724,-1.3013
4.65812,-5.46249,2.0878,-1.30189
4.65816,-5.46251,2.08786,-1.302
4.65822,-5.46254,2.08792,-1.30213
4.65827,-5.46257,2.08798,-1.30227
4.65833,-5.4626,2.08805,-1.30242
4.65839,-5.46263,2.08811,-1.30258
4.65845,-5.46266,2.08818,-1.30276
4.65851,-5.46269,2.08825,-1.30294
4.65857,-5.46272,2.08833,-1.30315
4.65863,-5.46275,2.08841,-1.30336
4.65868,-5.46278,2.08849,-1.3036
4.65874,-5.4628,2.08857,-1.30385
4.65813,-5.46166,2.09063,-1.31264
4.64971,-5.45142,2.0939,-1.33553
4.63175,-5.42973,2.09762,-1.37312
4.60725,-5.3999,2.10162,-1.42526
4.57841,-5.36568,2.10594,-1.49076
4.54732,-5.32957,2.11026,-1.56724
4.51516,-5.29321,2.11448,-1.6529
4.48242,-5.25662,2.11865,-1.74556
4.44956,-5.21994,2.12275,-1.8439
4.41628,-5.18271,2.12689,-1.94655
4.38331,-5.14526,2.13104,-2.05219
4.35056,-5.10798,2.13518,-2.15977
4.31781,-5.07086,2.13934,-2.26899
4.28501,-5.03367,2.14348,-2.37903
4.25213,-4.99629,2.14765,-2.48989
4.21915,-4.95875,2.15181,-2.60116
4.1863,-4.9212,2.15606,-2.7127
4.1534,-4.88368,2.16036,-2.82443
4.02885,-4.74009,2.17221,2.79611
4.02885,-4.74009,2.17221,2.79611
4.02885,-4.74009,2.17221,2.79611
4.02885,-4.74009,2.17221,2.79611
4.02885,-4.74009,2.17221,2.79611
4.02885,-4.74009,2.17221,2.79611
4.02885,-4.74009,2.17221,2.79611
4.02885,-4.74009,2.17221,2.79611
4.02885,-4.74009,2.17221,2.79611
4.02885,-4.74009,2.17221,2.79611
4.02837,-4.73954,2.17259,2.79325
4.0283,-4.73949,2.17257,2.79297
4.02823,-4.73943,2.17255,2.79268
4.02815,-4.73937,2.17252,2.79237
4.02807,-4.73932,2.17248,2.79205
4.02798,-4.73926,2.17244,2.79171
4.02789,-4.73921,2.1724,2.79135
4.0278,-4.73917,2.17235,2.79097
4.0277,-4.73913,2.17229,2.79057
4.02759,-4.73909,2.17222,2.79015
4.02749,-4.73907,2.17215,2.78972
4.02738,-4.73905,2.17207,2.78927
4.02726,-4.73904,2.17199,2.78879
4.02715,-4.73904,2.1719,2.78831
4.02703,-4.73905,2.1718,2.7878
4.02692,-4.73908,2.17169,2.78727
4.0268,-4.73911,2.17158,2.78672
4.02668,-4.73916,2.17146,2.78615
4.02656,-4.73923,2.17133,2.78556
4.02644,-4.73931,2.1712,2.78494
4.02632,-4.7394,2.17105,2.78431
4.02621,-4.73951,2.1709,2.78365
4.02609,-4.73964,2.17074,2.78297
4.02598,-4.73979,2.17057,2.78227
4.02587,-4.73995,2.17039,2.78154
4.02576,-4.74013,2.1702,2.78079
4.02566,-4.74033,2.17,2.78001
4.02556,-4.74055,2.16979,2.7792
4.02547,-4.74078,2.16958,2.77838
4.02537,-4.74104,2.16935,2.77752
4.02529,-4.74131,2.16911,2.77665
4.02521,-4.74161,2.16887,2.77574
4.02513,-4.74193,2.16861,2.77482
4.02506,-4.74226,2.16835,2.77387
4.025,-4.74262,2.16808,2.7729
4.02494,-4.743,2.1678,2.77191
4.02489,-4.74341,2.16752,2.7709
4.02484,-4.74383,2.16723,2.76986
4.0248,-4.74428,2.16693,2.7688
4.02476,-4.74474,2.16662,2.76771
4.02473,-4.74524,2.1663,2.7666
4.02471,-4.74575,2.16597,2.76547
4.02469,-4.74628,2.16564,2.76431
4.02468,-4.74684,2.16529,2.76313
4.02515,-4.75872,2.15873,2.74104
4.02752,-4.78742,2.1445,2.69407
4.03114,-4.82509,2.12679,2.63339
4.0354,-4.86676,2.10696,2.5612
4.04047,-4.90951,2.08578,2.47938
4.04654,-4.95309,2.06402,2.38973
4.05297,-4.99699,2.04198,2.29422
4.05946,-5.04118,2.01972,2.19388
4.06587,-5.08562,1.99758,2.09031
4.07208,-5.12994,1.97557,1.98437
4.07826,-5.17423,1.95353,1.87659
4.08454,-5.21896,1.93152,1.76755
4.09066,-5.26369,1.9097,1.65789
4.09675,-5.30812,1.88788,1.54771
4.10289,-5.35256,1.86622,1.43746
4.10901,-5.39681,1.84451,1.32704
4.11518,-5.44126,1.82287,1.21668
4.13596,-5.59918,1.74733,0.592576
4.13596,-5.59918,1.74733,0.592575
4.13596,-5.59918,1.74733,0.592575
4.13596,-5.59918,1.74733,0.592575
4.13596,-5.59918,1.74733,0.592575
4.13596,-5.59918,1.74733,0.592575
4.13596,-5.59918,1.74733,0.592575
4.13596,-5.59918,1.74733,0.592574
4.13596,-5.59918,1.74733,0.592574
4.13596,-5.59918,1.74733,0.592574
4.13598,-5.5996,1.74704,0.590881
4.13598,-5.59967,1.74701,0.590725
4.13596,-5.59974,1.74698,0.590563
4.13595,-5.59982,1.74695,0.590394
4.13592,-5.5999,1.74693,0.590218
4.1359,-5.59999,1.7469,0.590036
4.13586,-5.60008,1.74687,0.589848
4.13582,-5.60018,1.74684,0.589654
4.13576,-5.60028,1.74681,0.589453
4.1357,-5.60038,1.74678,0.589245
4.13563,-5.60049,1.74676,0.589031
4.13555,-5.6006,1.74673,0.588811
4.13545,-5.60071,1.7467,0.588583
4.13534,-5.60082,1.74668,0.58835
4.13522,-5.60094,1.74666,0.58811
4.13508,-5.60106,1.74664,0.587864
4.13493,-5.60118,1.74662,0.587611
4.13476,-5.60129,1.7466,0.587352
4.13457,-5.60141,1.74658,0.587086
4.13437,-5.60153,1.74656,0.586813
4.13415,-5.60165,1.74655,0.586534
4.13391,-5.60176,1.74654,0.586248
4.13365,-5.60188,1.74652,0.585954
4.13337,-5.60199,1.74651,0.585655
4.13307,-5.6021,1.7465,0.585348
4.13274,-5.60221,1.7465,0.585036
4.1324,-5.60231,1.74649,0.584716
4.13204,-5.60241,1.74648,0.58439
4.13165,-5.60251,1.74648,0.584058
4.13124,-5.60261,1.74648,0.58372
4.13081,-5.6027,1.74648,0.583375
4.13036,-5.60279,1.74648,0.583024
4.12988,-5.60288,1.74648,0.582666
4.11487,-5.60363,1.747,0.573807
4.08571,-5.60052,1.74897,0.560209
4.04704,-5.59309,1.75218,0.543834
4.0031,-5.58281,1.7564,0.525228
3.95646,-5.57135,1.76127,0.504912
3.90907,-5.55959,1.76651,0.483423
3.86212,-5.54796,1.77186,0.461221
3.81516,-5.53632,1.77736,0.438386
3.76711,-5.52455,1.78294,0.415124
3.71846,-5.51249,1.78852,0.3916
3.67,-5.50042,1.79398,0.368081
3.62225,-5.48839,1.7995,0.344489
3.57384,-5.47633,1.80505,0.32089
3.52517,-5.46416,1.81056,0.297264
3.47643,-5.45203,1.81602,0.273717
3.42827,-5.43996,1.82142,0.2503
3.38048,-5.42797,1.8268,0.226996
3.19454,-5.38096,1.84558,0.097365
3.19452,-5.38095,1.84558,0.097246
3.1945,-5.38094,1.84557,0.0971292
3.19447,-5.38094,1.84557,0.0970144
3.19445,-5.38093,1.84557,0.0969018
3.19443,-5.38092,1.84556,0.0967912
3.19441,-5.38092,1.84556,0.0966826
3.19439,-5.38091,1.84555,0.0965761
3.19437,-5.3809,1.84555,0.0964714
3.19408,-5.3808,1.84558,0.0950647
3.19309,-5.38051,1.84568,0.0943198
3.19301,-5.38152,1.84401,0.0986262
3.20452,-5.38709,1.83887,0.111965
3.23008,-5.39699,1.83037,0.135399
3.26525,-5.40988,1.81942,0.16872
3.30508,-5.42443,1.80667,0.211053
3.34727,-5.44032,1.79288,0.261093
3.39052,-5.4569,1.77845,0.317533
3.43424,-5.47372,1.76376,0.378961
3.47843,-5.49084,1.7489,0.44444
3.52326,-5.50805,1.73406,0.512875
3.56804,-5.52507,1.71933,0.583278
3.61267,-5.54212,1.70465,0.655097
3.65744,-5.55925,1.68996,0.727958
3.70225,-5.57627,1.67536,0.801293
3.74671,-5.59313,1.66088,0.874766
3.79119,-5.61012,1.64639,0.948375
3.83565,-5.62705,1.63191,1.02199
3.88046,-5.64413,1.6174,1.09562
4.05037,-5.709,1.56298,1.5148
4.05037,-5.709,1.56298,1.5148
4.05037,-5.709,1.56298,1.5148
4.05037,-5.709,1.56298,1.5148
4.05037,-5.709,1.56298,1.5148
4.05037,-5.709,1.56298,1.5148
4.05037,-5.709,1.56298,1.5148
4.05037,-5.709,1.56298,1.5148
4.05037,-5.709,1.56298,1.5148
4.05037,-5.709,1.56298,1.51479
4.05102,-5.70913,1.56272,1.51605
4.05112,-5.70914,1.56269,1.51616
4.05123,-5.70914,1.56267,1.51627
4.05135,-5.70914,1.56264,1.51638
4.05147,-5.70914,1.56262,1.5165
4.05161,-5.70913,1.56259,1.51662
4.05175,-5.70911,1.56256,1.51675
4.0519,-5.70909,1.56254,1.51687
4.05206,-5.70906,1.56251,1.517
4.05223,-5.70901,1.56248,1.51714
4.0524,-5.70896,1.56245,1.51727
4.05258,-5.7089,1.56242,1.51741
4.05278,-5.70883,1.56238,1.51756
4.05297,-5.70874,1.56235,1.5177
4.05318,-5.70864,1.56232,1.51785
4.05339,-5.70853,1.56229,1.518
4.0536,-5.7084,1.56226,1.51815
4.05383,-5.70825,1.56222,1.5183
4.05405,-5.70809,1.56219,1.51846
4.05429,-5.70791,1.56215,1.51862
4.05453,-5.70771,1.56212,1.51878
4.06159,-5.69613,1.56118,1.52325
4.07061,-5.66946,1.56018,1.5289
4.07957,-5.63184,1.55935,1.53513
4.08814,-5.58789,1.55876,1.54166
4.09609,-5.54264,1.55839,1.54802
4.10457,-5.49239,1.55814,1.55485
4.11269,-5.44389,1.55799,1.56129
4.12078,-5.39553,1.55791,1.56756
4.12882,-5.3474,1.55785,1.57366
4.13702,-5.29851,1.55786,1.57962
4.1452,-5.24929,1.55785,1.58546
4.15347,-5.19956,1.55779,1.59121
4.16176,-5.14957,1.55769,1.59688
4.17001,-5.09985,1.55758,1.60248
4.1782,-5.05058,1.55748,1.60803
4.18638,-5.00134,1.55739,1.61354
4.19453,-4.95221,1.55734,1.61901
4.2027,-4.90318,1.55727,1.62446
4.22881,-4.74909,1.55566,1.65165
4.22881,-4.74909,1.55566,1.65164
4.22881,-4.74909,1.55566,1.65164
4.22881,-4.74909,1.55566,1.65164
4.22881,-4.74909,1.55566,1.65164
4.22881,-4.74909,1.55566,1.65163
4.22881,-4.74909,1.55566,1.65163
4.22881,-4.74909,1.55566,1.65163
4.22881,-4.74909,1.55566,1.65162
4.22881,-4.74909,1.55566,1.65162
4.22887,-4.74868,1.55632,1.65103
4.22888,-4.74861,1.5564,1.65093
4.22888,-4.74854,1.5565,1.65083
4.22888,-4.74847,1.5566,1.65071
4.22888,-4.74839,1.55671,1.65057
4.22887,-4.7483,1.55684,1.65043
4.22782,-4.74638,1.56074,1.645
4.22059,-4.74756,1.57256,1.62496
4.20473,-4.75731,1.59121,1.58769
4.18128,-4.77376,1.61518,1.53304
4.15318,-4.79426,1.64279,1.46243
4.12351,-4.81658,1.67237,1.37852
4.09382,-4.83988,1.70305,1.28359
4.06422,-4.86405,1.73432,1.17968
4.03431,-4.88884,1.7659,1.06873
4.00417,-4.91354,1.79719,0.952771
3.97427,-4.93777,1.82844,0.832843
3.94413,-4.96242,1.85981,0.709788
3.91363,-4.98711,1.89092,0.58469
3.88313,-5.01168,1.92209,0.457839
3.85249,-5.03644,1.9533,0.329712
3.82165,-5.06134,1.98458,0.200656
3.79079,-5.08614,2.01587,0.0710103
3.76014,-5.11076,2.04692,-0.0587624
3.72991,-5.13508,2.07772,-0.188398
3.63433,-5.21112,2.16496,-0.891935
3.63433,-5.21112,2.16496,-0.89189
3.63433,-5.21112,2.16496,-0.891845
3.63433,-5.21112,2.16495,-0.891801
3.63433,-5.21112,2.16495,-0.891757
3.63433,-5.21112,2.16495,-0.891714
3.63433,-5.21112,2.16495,-0.891671
3.63433,-5.21112,2.16495,-0.891628
3.63433,-5.21112,2.16495,-0.891586
3.63433,-5.21112,2.16495,-0.891544
3.63413,-5.2113,2.16643,-0.891968
3.6341,-5.21134,2.16658,-0.892055
3.63407,-5.21137,2.16675,-0.892145
3.63403,-5.21141,2.16693,-0.892237
3.634,-5.21145,2.16712,-0.892331
3.63396,-5.21149,2.16731,-0.892427
3.63393,-5.21154,2.16752,-0.892525
3.6339,-5.21159,2.16773,-0.892625
3.63387,-5.21164,2.16796,-0.892725
3.63384,-5.21169,2.1682,-0.892826
3.63382,-5.21174,2.16844,-0.892927
3.63381,-5.21179,2.1687,-0.893028
3.63535,-5.21256,2.17457,-0.894577
3.647,-5.21258,2.18765,-0.894953
3.67034,-5.21024,2.20542,-0.891422
3.70334,-5.20515,2.22646,-0.883208
3.74099,-5.19837,2.24935,-0.870466
3.781,-5.19074,2.27372,-0.853286
3.82253,-5.18299,2.29866,-0.832308
3.86443,-5.17521,2.32406,-0.808081
3.90707,-5.16742,2.34951,-0.781293
3.94948,-5.15965,2.37485,-0.752579
3.99221,-5.15177,2.40018,-0.722392
4.0347,-5.14396,2.4252,-0.691283
4.07722,-5.13606,2.45034,-0.659417
4.11994,-5.12822,2.47525,-0.627211
4.1623,-5.12034,2.50013,-0.59477
4.2048,-5.1125,2.52492,-0.562269
4.35495,-5.08516,2.60688,-0.385466
4.35496,-5.08516,2.60687,-0.385443
4.35496,-5.08515,2.60686,-0.385421
4.35496,-5.08515,2.60685,-0.385401
4.35497,-5.08515,2.60684,-0.385381
4.35497,-5.08515,2.60683,-0.385362
4.35498,-5.08515,2.60682,-0.385345
4.35498,-5.08515,2.60681,-0.385328
4.35498,-5.08515,2.6068,-0.385312
4.35499,-5.08515,2.60679,-0.385297
4.35505,-5.08513,2.60683,-0.385103
4.35505,-5.08513,2.60685,-0.385094
4.35506,-5.08512,2.60687,-0.385089
4.35626,-5.08471,2.60566,-0.386382
4.35814,-5.08366,2.59599,-0.394387
4.35587,-5.08181,2.57431,-0.412901
4.34873,-5.07912,2.54272,-0.442416
4.33862,-5.07605,2.50387,-0.482433
4.32681,-5.073,2.45996,-0.532064
4.31426,-5.07004,2.41345,-0.589479
4.30143,-5.06724,2.36517,-0.653532
4.28838,-5.06444,2.31675,-0.722413
4.27536,-5.06165,2.26786,-0.79531
4.26217,-5.0588,2.21932,-0.870922
4.24903,-5.05591,2.17059,-0.94874
4.23566,-5.053,2.12171,-1.02826
4.22234,-5.05,2.0737,-1.10832
4.20917,-5.0471,2.02545,-1.18909
4.19595,-5.04418,1.97756,-1.26999
4.18274,-5.04127,1.92931,-1.35122
4.16938,-5.03831,1.88102,-1.43255
4.15606,-5.03533,1.83265,-1.51393
4.10953,-5.02472,1.67165,-1.95689
4.10953,-5.02472,1.67165,-1.95688
4.10953,-5.02472,1.67165,-1.95686
4.10953,-5.02472,1.67165,-1.95685
4.10953,-5.02472,1.67165,-1.95684
4.10953,-5.02472,1.67165,-1.95682
4.10953,-5.02472,1.67165,-1.95681
4.10953,-5.02472,1.67165,-1.9568
4.10953,-5.02472,1.67165,-1.95678
4.10953,-5.02472,1.67165,-1.95677
4.10946,-5.0247,1.67061,-1.957
4.10945,-5.02469,1.6705,-1.95698
4.10944,-5.02468,1.67038,-1.95696
4.10943,-5.02467,1.67026,-1.95693
4.10943,-5.02465,1.67013,-1.95688
4.10942,-5.02464,1.66999,-1.95683
4.10942,-5.02462,1.66985,-1.95676
4.10942,-5.0246,1.6697,-1.95668
4.10942,-5.02457,1.66954,-1.95658
4.10943,-5.02454,1.66938,-1.95647
4.10945,-5.02451,1.66921,-1.95634
4.10947,-5.02447,1.66904,-1.9562
4.1095,-5.02442,1.66886,-1.95604
4.10954,-5.02437,1.66867,-1.95585
4.10959,-5.02431,1.66848,-1.95566
4.11533,-5.01989,1.66214,-1.94487
4.13193,-5.00715,1.65275,-1.91899
4.15818,-4.98748,1.64135,-1.87559
4.1908,-4.9633,1.62872,-1.81493
4.22752,-4.93697,1.61543,-1.73863
4.26589,-4.90991,1.60202,-1.64964
4.30436,-4.8833,1.5887,-1.55062
4.34372,-4.85698,1.57538,-1.44288
4.38335,-4.83012,1.56224,-1.32922
4.42236,-4.80321,1.54906,-1.21076
4.4621,-4.77614,1.53567,-1.08804
4.50217,-4.74858,1.52239,-0.962712
4.54227,-4.72072,1.50907,-0.834931
4.58233,-4.69292,1.49597,-0.705987
4.62182,-4.6654,1.48284,-0.576067
4.66137,-4.63816,1.46987,-0.445822
4.70058,-4.61109,1.45684,-0.31517
4.74029,-4.58383,1.44379,-0.184086
4.88256,-4.48489,1.39637,0.587626
4.88256,-4.48489,1.39637,0.587626
4.88256,-4.48489,1.39637,0.587626
4.88256,-4.48489,1.39637,0.587626
4.88256,-4.48489,1.39637,0.587626
4.88256,-4.48489,1.39637,0.587626
4.88256,-4.48489,1.39637,0.587626
4.88256,-4.48489,1.39637,0.587626
4.88256,-4.48489,1.39637,0.587626
4.88256,-4.48489,1.39637,0.587626
4.88278,-4.48474,1.39643,0.589705
4.88285,-4.48469,1.39641,0.59025
4.8829,-4.48466,1.3964,0.590553
4.88294,-4.48463,1.39639,0.590876
4.88299,-4.4846,1.39637,0.59122
4.88303,-4.48456,1.39635,0.591583
4.88308,-4.48452,1.39633,0.591966
4.88313,-4.48449,1.3963,0.592367
4.88317,-4.48445,1.39628,0.592788
4.88321,-4.48441,1.39625,0.593227
4.88325,-4.48437,1.39622,0.593688
4.88329,-4.48433,1.39618,0.594171
4.88332,-4.4843,1.39615,0.594679
4.88335,-4.48426,1.39612,0.59521
4.88337,-4.48423,1.39608,0.595765
4.88338,-4.48419,1.39604,0.596343
4.88339,-4.48416,1.396,0.596944
4.88338,-4.48414,1.39596,0.597569
4.88337,-4.48411,1.39591,0.598219
4.88334,-4.4841,1.39587,0.598896
4.88331,-4.48408,1.39582,0.599601
4.88326,-4.48407,1.39577,0.600334
4.88319,-4.48407,1.39572,0.601094
4.88312,-4.48407,1.39566,0.601882
4.88302,-4.48408,1.39561,0.602695
4.88291,-4.4841,1.39555,0.603533
4.88279,-4.48412,1.39548,0.604397
4.88264,-4.48415,1.39542,0.605287
4.88248,-4.4842,1.39535,0.606204
4.8823,-4.48424,1.39528,0.607149
4.8821,-4.4843,1.39521,0.608125
4.88188,-4.48437,1.39514,0.60913
4.88164,-4.48445,1.39507,0.610164
4.88138,-4.48454,1.39499,0.611226
4.8811,-4.48464,1.39491,0.612317
4.8808,-4.48475,1.39483,0.613436
4.88047,-4.48488,1.39474,0.614586
4.88013,-4.48501,1.39466,0.615767
4.87976,-4.48516,1.39457,0.61698
4.87937,-4.48532,1.39448,0.618225
4.87895,-4.48549,1.39439,0.619502
4.87852,-4.48567,1.39429,0.62081
4.87806,-4.48587,1.39419,0.622148
4.87757,-4.48608,1.39409,0.623517
4.87707,-4.48631,1.39398,0.624916
4.87654,-4.48655,1.39388,0.626343
4.87599,-4.4868,1.39377,0.627798
4.87541,-4.48707,1.39366,0.62928
4.87481,-4.48735,1.39355,0.630789
4.87419,-4.48764,1.39343,0.632326
4.87355,-4.48795,1.39332,0.633892
4.87288,-4.48828,1.3932,0.635487
4.87219,-4.48862,1.39308,0.637112
4.87148,-4.48897,1.39296,0.638766
4.87074,-4.48934,1.39283,0.640448
4.86999,-4.48972,1.3927,0.642158
4.86921,-4.49012,1.39257,0.643896
4.86841,-4.49053,1.39244,0.645661
4.86759,-4.49096,1.3923,0.647453
4.86675,-4.4914,1.39216,0.649274
4.86589,-4.49185,1.39202,0.651125
4.86501,-4.49232,1.39188,0.653006
4.86412,-4.4928,1.39173,0.654917
4.8632,-4.4933,1.39159,0.656858
4.86227,-4.49381,1.39144,0.658826
4.86131,-4.49434,1.39129,0.660822
4.86034,-4.49488,1.39114,0.662845
4.85936,-4.49543,1.39099,0.664894
4.85835,-4.49599,1.39084,0.66697
4.85734,-4.49657,1.39068,0.669073
4.8563,-4.49716,1.39052,0.671206
4.85525,-4.49776,1.39037,0.673368
4.85419,-4.49838,1.39021,0.675559
4.85311,-4.49901,1.39005,0.677779
4.85201,-4.49965,1.38989,0.680027
4.85091,-4.5003,1.38972,0.682303
4.84978,-4.50096,1.38956,0.684605
4.84865,-4.50163,1.38939,0.686937
4.8475,-4.50231,1.38922,0.689298
4.84634,-4.50301,1.38905,0.691689
4.84517,-4.50371,1.38888,0.694111
4.84399,-4.50443,1.38871,0.696562
4.84279,-4.50515,1.38853,0.699042
4.84159,-4.50588,1.38836,0.701549
4.84037,-4.50663,1.38818,0.704084
4.83914,-4.50738,1.388,0.706647
4.83789,-4.50814,1.38782,0.709239
4.83664,-4.50891,1.38764,0.711861
4.83537,-4.50969,1.38745,0.714512
4.8341,-4.51047,1.38727,0.717192
4.83281,-4.51126,1.38708,0.719902
4.83151,-4.51207,1.38689,0.722639
4.83021,-4.51287,1.3867,0.725402
4.82889,-4.51369,1.38651,0.728191
4.82756,-4.51451,1.38632,0.731005
4.81079,-4.52491,1.38394,0.76683
4.77244,-4.54873,1.37863,0.852186
4.73197,-4.57342,1.37303,0.949572
4.69087,-4.59755,1.36728,1.05664
4.64862,-4.6214,1.36158,1.17141
4.6061,-4.64565,1.35581,1.29207
4.56302,-4.67028,1.35001,1.41753
4.52005,-4.69539,1.34427,1.54618
4.47763,-4.72032,1.33856,1.67713
4.43464,-4.74511,1.33292,1.81043
4.39134,-4.77027,1.32727,1.94494
4.34827,-4.79563,1.32155,2.08051
4.30544,-4.82082,1.31581,2.21672
4.26218,-4.84601,1.31006,2.35366
4.21916,-4.87119,1.30438,2.49076
4.05753,-4.96619,1.28103,-2.95171
4.05753,-4.96619,1.28103,-2.95171
4.05753,-4.96619,1.28103,-2.95171
4.05753,-4.96619,1.28103,-2.95171
4.05753,-4.96619,1.28103,-2.95171
4.05753,-4.96619,1.28103,-2.95171
4.05753,-4.96619,1.28103,-2.95171
4.05753,-4.96619,1.28103,-2.95171
4.05753,-4.96619,1.28103,-2.95171
4.05753,-4.96619,1.28103,-2.95171
4.05701,-4.96651,1.2817,-2.94893
4.05691,-4.96656,1.28177,-2.94865
4.0568,-4.96663,1.28184,-2.94835
4.05668,-4.96669,1.28191,-2.94804
4.05654,-4.96677,1.28199,-2.94771
4.05639,-4.96685,1.28207,-2.94736
4.05622,-4.96695,1.28216,-2.947
4.05604,-4.96705,1.28226,-2.94662
4.05584,-4.96715,1.28236,-2.94622
4.05562,-4.96727,1.28246,-2.9458
4.05538,-4.96739,1.28257,-2.94536
4.05512,-4.96753,1.28269,-2.94491
4.05485,-4.96767,1.28281,-2.94444
4.05455,-4.96782,1.28293,-2.94395
4.05423,-4.96798,1.28306,-2.94345
4.0539,-4.96815,1.28319,-2.94293
4.05354,-4.96832,1.28332,-2.94239
4.05315,-4.96851,1.28346,-2.94183
4.05275,-4.96871,1.28361,-2.94126
4.05233,-4.96892,1.28376,-2.94067
4.05188,-4.96913,1.28391,-2.94006
4.05141,-4.96936,1.28407,-2.93943
4.05092,-4.96959,1.28424,-2.93878
4.05041,-4.96984,1.28441,-2.93812
4.04987,-4.97009,1.28458,-2.93743
4.04931,-4.97036,1.28476,-2.93673
4.04874,-4.97063,1.28494,-2.93602
4.04814,-4.97092,1.28513,-2.93528
4.04751,-4.97121,1.28532,-2.93453
4.04687,-4.97151,1.28552,-2.93375
4.04621,-4.97183,1.28573,-2.93296
4.04552,-4.97215,1.28594,-2.93215
4.04482,-4.97248,1.28616,-2.93131
4.0441,-4.97282,1.28638,-2.93046
4.04335,-4.97318,1.2866,-2.92959
4.04259,-4.97354,1.28683,-2.9287
4.04181,-4.97391,1.28707,-2.92779
4.04101,-4.97429,1.28732,-2.92686
4.04019,-4.97468,1.28757,-2.92591
4.03935,-4.97508,1.28782,-2.92493
4.0385,-4.97549,1.28809,-2.92394
4.03762,-4.97591,1.28836,-2.92292
4.03673,-4.97634,1.28863,-2.92189
4.03583,-4.97678,1.28891,-2.92084
4.0349,-4.97723,1.28919,-2.91976
4.03396,-4.97769,1.28948,-2.91867
4.033,-4.97815,1.28977,-2.91757
4.03203,-4.97863,1.29007,-2.91644
4.03104,-4.97912,1.29037,-2.91529
4.03003,-4.97961,1.29068,-2.91413
4.02901,-4.98012,1.29099,-2.91294
4.02797,-4.98063,1.29131,-2.91174
4.02692,-4.98115,1.29163,-2.91051
4.02585,-4.98168,1.29196,-2.90927
4.02476,-4.98222,1.29229,-2.90801
4.02366,-4.98277,1.29263,-2.90672
4.02255,-4.98332,1.29297,-2.90542
4.02143,-4.98388,1.29332,-2.9041
4.02028,-4.98445,1.29368,-2.90276
4.01913,-4.98503,1.29403,-2.9014
4.01796,-4.98562,1.2944,-2.90002
4.01678,-4.98621,1.29476,-2.89862
3.98369,-5.00296,1.30545,-2.85733
3.94551,-5.02228,1.31853,-2.80493
3.90498,-5.0425,1.33307,-2.7429
3.86304,-5.06288,1.3483,-2.67334
3.82098,-5.08303,1.36398,-2.59755
3.77809,-5.10328,1.37989,-2.51693
3.73695,-5.12295,1.3951,-2.43631
3.69277,-5.14417,1.41138,-2.34673
3.65052,-5.16435,1.42714,-2.25855
3.60762,-5.18489,1.44278,-2.16935
3.56507,-5.20546,1.45827,-2.07966
3.5232,-5.22573,1.47364,-1.98986
3.48083,-5.24586,1.48919,-1.89952
3.43785,-5.26653,1.50489,-1.80883
3.39454,-5.28749,1.52065,-1.71797
3.35162,-5.30838,1.5363,-1.62719
3.20198,-5.38016,1.58499,-1.13007
3.20198,-5.38016,1.58499,-1.13008
3.20198,-5.38016,1.58499,-1.13009
3.20198,-5.38016,1.58499,-1.1301
3.20198,-5.38016,1.58499,-1.1301
3.20198,-5.38016,1.58499,-1.13011
3.20198,-5.38016,1.58499,-1.13012
3.20198,-5.38016,1.58499,-1.13013
3.20198,-5.38016,1.58499,-1.13014
3.20198,-5.38016,1.58499,-1.13015
3.20151,-5.3804,1.58622,-1.12831
3.20145,-5.38044,1.58633,-1.1281
3.20139,-5.38048,1.58644,-1.12788
3.20132,-5.38052,1.58657,-1.12764
3.20126,-5.38057,1.58669,-1.12738
3.20119,-5.38062,1.58683,-1.12711
3.20113,-5.38067,1.58697,-1.12682
3.20106,-5.38073,1.58711,-1.12652
3.201,-5.38078,1.58726,-1.1262
3.20095,-5.38084,1.58741,-1.12587
3.20089,-5.38091,1.58757,-1.12552
3.20085,-5.38097,1.58774,-1.12515
3.20081,-5.38104,1.58791,-1.12476
3.20077,-5.38111,1.58809,-1.12436
3.20075,-5.38119,1.58828,-1.12393
3.20073,-5.38126,1.58847,-1.12349
3.20127,-5.38213,1.59073,-1.11785
3.21132,-5.38512,1.59905,-1.09288
3.23604,-5.38784,1.6104,-1.05178
3.27184,-5.38855,1.62385,-0.995069
3.31407,-5.38793,1.63856,-0.924769
3.35881,-5.38708,1.65394,-0.843008
3.40423,-5.38684,1.66954,-0.752313
3.45018,-5.38719,1.68543,-0.653917
3.4972,-5.38788,1.70124,-0.550011
3.54419,-5.38819,1.71714,-0.44153
3.59202,-5.38855,1.73323,-0.329253
3.64033,-5.38866,1.74923,-0.214702
3.68797,-5.38853,1.76508,-0.0986338
3.73498,-5.38853,1.78081,0.0184416
3.78216,-5.38877,1.79655,0.136247
3.82947,-5.38886,1.81232,0.254514
3.87694,-5.38891,1.82801,0.372868
3.92413,-5.38887,1.8438,0.49151
4.11413,-5.38893,1.90179,1.22364
4.11415,-5.38893,1.90178,1.22405
4.11416,-5.38893,1.90177,1.22445
4.11417,-5.38893,1.90176,1.22484
4.11418,-5.38893,1.90175,1.22522
4.1142,-5.38893,1.90174,1.22559
4.11421,-5.38893,1.90173,1.22596
4.11422,-5.38893,1.90172,1.22632
4.11423,-5.38893,1.90171,1.22667
4.11424,-5.38893,1.9017,1.22701
4.11443,-5.38894,1.90188,1.23203
4.11445,-5.38894,1.90192,1.23235
4.11655,-5.38744,1.90446,1.24183
4.11665,-5.37692,1.90881,1.25162
4.11067,-5.35426,1.91484,1.26301
4.09782,-5.32163,1.92223,1.27598
4.08021,-5.28315,1.93045,1.29026
4.06036,-5.24255,1.93915,1.30565
4.03938,-5.20033,1.9483,1.32214
4.01785,-5.15652,1.95764,1.33949
3.99613,-5.11234,1.96697,1.35744
3.97455,-5.06849,1.97631,1.37584
3.95291,-5.02447,1.98562,1.39456
3.93115,-4.98035,1.99492,1.41351
3.90928,-4.93598,2.00417,1.43261
3.88745,-4.89175,2.01336,1.45175
3.86572,-4.84783,2.02245,1.47084
3.84411,-4.80417,2.03159,1.48995
3.82248,-4.76029,2.04071,1.50902
3.80067,-4.71626,2.04987,1.52807
3.77898,-4.67235,2.05898,1.54706
3.70682,-4.52523,2.08641,1.64447
3.70682,-4.52523,2.08641,1.64447
3.70682,-4.52523,2.08641,1.64447
3.70682,-4.52523,2.08641,1.64447
3.70682,-4.52523,2.08641,1.64447
3.70682,-4.52523,2.08641,1.64447
3.70682,-4.52523,2.08641,1.64447
3.70682,-4.52523,2.08641,1.64447
3.70682,-4.52523,2.08641,1.64447
3.70682,-4.52523,2.08641,1.64447
3.70675,-4.52489,2.0868,1.64398
3.70675,-4.52483,2.08683,1.64389
3.70676,-4.52476,2.08685,1.64379
3.70677,-4.52468,2.08687,1.64368
3.70678,-4.5246,2.08688,1.64356
3.70679,-4.5245,2.0869,1.64343
3.70682,-4.5244,2.08692,1.64328
3.70685,-4.52428,2.08693,1.64313
3.70688,-4.52416,2.08694,1.64297
3.70693,-4.52403,2.08695,1.64278
3.70698,-4.52389,2.08696,1.64259
3.70704,-4.52374,2.08696,1.64238
3.70711,-4.52358,2.08696,1.64216
3.7072,-4.52341,2.08696,1.64192
3.70729,-4.52323,2.08696,1.64166
3.7074,-4.52304,2.08695,1.64139
3.70752,-4.52285,2.08694,1.64111
3.70765,-4.52264,2.08693,1.64081
3.7078,-4.52242,2.08691,1.64049
3.70796,-4.5222,2.08689,1.64015
3.70814,-4.52196,2.08687,1.63979
3.70834,-4.52172,2.08684,1.63941
3.70855,-4.52146,2.08681,1.63902
3.70878,-4.5212,2.08677,1.63861
3.70903,-4.52093,2.08673,1.63818
3.70929,-4.52066,2.08668,1.63773
3.70958,-4.52037,2.08663,1.63727
3.70988,-4.52008,2.08658,1.63679
3.71021,-4.51978,2.08653,1.63629
3.71056,-4.51947,2.08647,1.63578
3.71092,-4.51916,2.0864,1.63524
3.71131,-4.51884,2.08634,1.63468
3.71172,-4.51851,2.08626,1.6341
3.71214,-4.51818,2.08619,1.63351
3.71259,-4.51784,2.08611,1.63289
3.71307,-4.5175,2.08602,1.63226
3.71356,-4.51715,2.08593,1.6316
3.71407,-4.5168,2.08584,1.63093
3.72351,-4.51151,2.08404,1.61927
3.75067,-4.50149,2.07868,1.58755
3.78799,-4.49197,2.07104,1.5422
3.83142,-4.48295,2.06174,1.48388
3.87736,-4.47393,2.05147,1.41473
3.92425,-4.46464,2.04071,1.33682
3.97106,-4.45518,2.02972,1.25208
4.01789,-4.44561,2.01861,1.16188
4.06516,-4.43597,2.00738,1.06731
4.11312,-4.42635,1.99622,0.969678
4.16107,-4.41704,1.98519,0.869766
4.20907,-4.40772,1.974,0.767993
4.25754,-4.39824,1.96283,0.665169
4.30575,-4.38897,1.95178,0.561854
4.35325,-4.37987,1.9408,0.458357
4.40089,-4.37052,1.92977,0.35438
4.4493,-4.36101,1.91877,0.250099
4.6364,-4.32602,1.87494,-0.368449
4.63641,-4.32602,1.87495,-0.368835
4.63643,-4.32602,1.87496,-0.369213
4.63644,-4.32602,1.87497,-0.369583
4.63645,-4.32602,1.87497,-0.369946
4.63647,-4.32602,1.87498,-0.370302
4.63648,-4.32602,1.87499,-0.370651
4.63649,-4.32602,1.875,-0.370993
4.6365,-4.32601,1.87501,-0.371327
4.63651,-4.32601,1.87501,-0.371655
4.63667,-4.326,1.87515,-0.375776
4.63725,-4.3259,1.87519,-0.379617
4.63766,-4.32798,1.87469,-0.379629
4.629,-4.33651,1.87339,-0.367912
4.60823,-4.35255,1.87133,-0.342358
4.57815,-4.37506,1.86884,-0.302633
4.54224,-4.40166,1.86619,-0.250074
4.50402,-4.42965,1.8633,-0.18653
4.46419,-4.45797,1.86031,-0.113505
4.42331,-4.48635,1.85737,-0.0335338
4.38283,-4.51447,1.85443,0.0520735
4.34192,-4.54264,1.85155,0.141632
4.30137,-4.57078,1.84865,0.234243
4.26025,-4.59923,1.84579,0.329109
4.21924,-4.62787,1.84296,0.425328
4.17839,-4.65644,1.84014,0.522464
4.13769,-4.68491,1.83733,0.619983
4.09703,-4.71324,1.83452,0.717884
4.0563,-4.74167,1.83173,0.815779
4.01547,-4.77012,1.82893,0.914012
3.85432,-4.88262,1.81603,1.50731
3.85431,-4.88263,1.81603,1.50743
3.85431,-4.88263,1.81603,1.50748
3.8543,-4.88263,1.81603,1.50753
3.8543,-4.88263,1.81603,1.50758
3.8543,-4.88263,1.81603,1.50763
3.85429,-4.88263,1.81602,1.50768
3.85429,-4.88263,1.81602,1.50772
3.85429,-4.88264,1.81602,1.50776
3.85429,-4.88264,1.81602,1.50779
3.85413,-4.88271,1.81616,1.50865
3.85411,-4.88273,1.81616,1.5087
3.85408,-4.88274,1.81617,1.50875
3.85404,-4.88276,1.81617,1.5088
3.85346,-4.88362,1.81595,1.50909
3.85947,-4.88314,1.81444,1.50487
3.878,-4.87711,1.81135