3.80962e-08,-1.15627e-07,0.1417,-8.95523e-05
-1.27781e-07,-0.000122355,0.141769,-0.000130902
1.56682e-07,-1.26902e-07,0.1417,-0.000172324
5.00356e-07,0.000122101,0.140651,-0.000213617
5.83727e-07,0.000122096,0.141769,-0.000252346
3.17056e-07,-1.43989e-07,0.1417,-0.00029336
-1.0633e-08,-0.000122383,0.140652,-0.00033428
1.13005e-08,-0.000122389,0.141769,-0.000372764
4.85203e-07,-1.62047e-07,0.1417,-0.00041366
1.01751e-06,0.000122065,0.140652,-0.000454429
1.09906e-06,0.000122059,0.141769,-0.000492666
6.41143e-07,-1.80924e-07,0.1417,-0.000533158
1.22996e-07,-0.00012242,0.140652,-0.00057356
1.43912e-07,-0.000122427,0.141769,-0.000611555
8.04779e-07,-2.01013e-07,0.1417,-0.000651931
1.52332e-06,0.000122024,0.140652,-0.000692185
1.60317e-06,0.000122017,0.141769,-0.000729939
9.56658e-07,-2.22166e-07,0.1417,-0.000769919
2.51839e-07,-0.000122239,0.141052,-0.000809761
-5.26866e-07,-0.000180434,0.229303,-0.000770574
8.62084e-06,0.00151473,0.4253,-0.000681741
5.31714e-06,0.00155005,0.627311,-0.000572044
-2.9075e-07,0.00110515,0.790894,-0.000461104
-1.52761e-05,0.000520164,0.90753,-0.0130625
-8.00486e-06,0.00015035,0.980318,-0.0449919
-4.25782e-06,4.42347e-05,1.01988,-0.0859787
7.7868e-06,1.36083e-05,1.03755,-0.128977
1.71919e-05,1.8168e-05,1.04422,-0.180914
1.91604e-05,1.9778e-05,1.04404,-0.247356
1.42116e-05,1.57497e-05,1.04059,-0.317446
7.79531e-06,1.02781e-05,1.03619,-0.384223
3.24727e-06,5.65358e-06,1.03383,-0.455617
1.02309e-06,2.65578e-06,1.03183,-0.536402
3.39168e-07,1.05889e-06,1.02997,-0.616827
2.66249e-07,3.44885e-07,1.02833,-0.690942
3.01745e-07,1.15718e-07,1.02882,-0.768978
3.04979e-07,6.49334e-08,1.02891,-0.853782
2.48809e-07,5.56099e-08,1.02844,-0.936354
1.65682e-07,4.86393e-08,1.02765,-1.01133
9.27949e-08,3.64027e-08,1.02853,-1.08945
4.44317e-08,2.35444e-08,1.02881,-1.17387
1.9177e-08,1.26757e-08,1.02843,-1.25577
8.51951e-09,5.19028e-09,1.02767,-1.32994
4.81538e-09,1.26692e-09,1.0286,-1.40718
3.61931e-09,-4.86471e-10,1.02887,-1.49082
2.84672e-09,-9.35216e-10,1.02847,-1.57208
2.03849e-09,-7.21001e-10,1.02766,-1.64566
1.29348e-09,-3.82919e-10,1.02857,-1.72164
7.42392e-10,-1.42182e-10,1.02889,-1.80452
3.89835e-10,-3.87643e-11,1.02852,-1.88538
1.89985e-10,-1.84223e-11,1.0277,-1.95877
8.99452e-11,-2.39801e-11,1.0285,-2.03383
4.33106e-11,-3.20409e-11,1.02883,-2.11623
2.17149e-11,-3.30481e-11,1.02849,-2.19693
1.13185e-11,-2.74812e-11,1.0278,-2.27056
5.24061e-12,-2.01555e-11,1.02879,-2.34851
8.34719e-13,-1.40026e-11,1.02905,-2.43266
-2.60081e-12,-9.81488e-12,1.02861,-2.51427
-5.05627e-12,-7.33454e-12,1.02778,-2.58814
-6.65421e-12,-5.89717e-12,1.02871,-2.66516
-7.76777e-12,-4.69092e-12,1.02896,-2.74853
-8.38422e-12,-3.67422e-12,1.02854,-2.82954
1.0489e-07,2.87411e-07,1.02772,-2.90289
-0.0143481,-0.0205165,1.03252,-2.98811
-0.121311,-0.134217,1.03099,-3.02877
-0.271692,-0.273569,1.02456,-3.06431
-0.382985,-0.382381,1.02193,-3.09255
-0.444922,-0.446874,1.02057,-3.11167
-0.473275,-0.47731,1.01987,-3.12536
-0.485463,-0.489158,1.02003,-3.13516
-0.491286,-0.493296,1.02076,3.14156
-0.494687,-0.495186,1.02165,3.13773
-0.496879,-0.496636,1.02243,3.13578
-0.498249,-0.497881,1.023,3.13511
-0.499046,-0.49881,1.02336,3.13526
-0.499481,-0.499394,1.02355,3.13587
-0.499712,-0.499704,1.02363,3.13671
-0.499837,-0.49985,1.02363,3.13761
-0.499907,-0.499915,1.02361,3.13847
-0.499947,-0.499947,1.02357,3.13924
-0.49997,-0.499966,1.02353,3.13989
-0.499983,-0.499979,1.0235,3.14042
-0.499991,-0.499988,1.02348,3.14083
-0.499995,-0.499993,1.02347,3.14113
-0.499997,-0.499997,1.02346,3.14135
-0.499998,-0.499998,1.02346,3.1415
-0.499999,-0.499999,1.02346,-3.14159
-0.499999,-0.499999,1.02346,-3.14153
-0.5,-0.5,1.02346,-3.1415
-0.5,-0.5,1.02346,-3.14149
-0.5,-0.5,1.02346,-3.1415
-0.5,-0.5,1.02346,-3.14151
-0.5,-0.5,1.02346,-3.14152
-0.5,-0.5,1.02346,-3.14153
-0.5,-0.5,1.02346,-3.14155
-0.5,-0.5,1.02346,-3.14156
-0.5,-0.5,1.02345,-3.14157
-0.5,-0.5,1.02345,-3.14158
-0.5,-0.5,1.02345,-3.14158
-0.5,-0.5,1.02345,-3.14159
-0.5,-0.5,1.02345,-3.14159
-0.5,-0.5,1.02345,-3.14159
-0.5,-0.5,1.02345,3.14159
-0.5,-0.5,1.02345,3.14159
-0.5,-0.5,1.02345,3.14159
-0.5,-0.5,1.02345,3.14159
-0.5,-0.5,1.02345,3.14159
-0.5,-0.5,1.02345,3.14159
-0.5,-0.5,1.02345,3.14159
-0.5,-0.5,1.02345,3.14159
-0.5,-0.5,1.02345,3.14159
-0.5,-0.5,1.02345,3.14159
-0.5,-0.5,1.02345,3.14159
-0.5,-0.5,1.02345,3.14159
-0.5,-0.5,1.02345,3.14159
-0.5,-0.5,1.02345,3.14159
-0.5,-0.5,1.02345,3.14159
-0.5,-0.5,1.02345,3.14159
-0.5,-0.5,1.02345,-3.14159
-0.5,-0.5,1.02345,-3.14159
-0.5,-0.5,1.02345,-3.14159
-0.5,-0.5,1.02345,-3.14159
-0.5,-0.5,1.02345,-3.14159
-0.5,-0.5,1.02345,-3.14159
-0.5,-0.5,1.02345,-3.14159
-0.5,-0.5,1.02345,-3.14159
-0.5,-0.5,1.02345,-3.14159
-0.5,-0.5,1.02345,-3.14159
-0.5,-0.5,1.02345,-3.14159
-0.5,-0.5,1.02345,-3.14159
-0.5,-0.5,1.02345,-3.14159
-0.5,-0.5,1.02345,-3.14159
-0.5,-0.5,1.02345,-3.14159
-0.5,-0.5,1.02345,-3.14159
-0.5,-0.5,1.02345,3.14159
-0.5,-0.5,1.02345,3.14159
-0.5,-0.5,1.02345,3.14159
-0.5,-0.5,1.02345,3.14159
-0.5,-0.5,1.02345,3.14159
-0.5,-0.5,1.02345,3.14159
-0.5,-0.5,1.02345,3.14159
-0.5,-0.5,1.02345,3.14159
-0.5,-0.5,1.02345,3.14159
-0.5,-0.5,1.02345,3.14159
-0.5,-0.5,1.02345,3.14159
-0.5,-0.5,1.02345,3.14159
-0.5,-0.5,1.02345,3.14159
-0.5,-0.5,1.02345,3.14159
-0.5,-0.5,1.02345,3.14159
-0.5,-0.5,1.02345,3.14159
-0.5,-0.5,1.02345,-3.14159
-0.5,-0.5,1.02345,-3.14159
-0.5,-0.5,1.02345,-3.14159
-0.5,-0.5,1.02345,-3.14159
-0.5,-0.5,1.02345,-3.14159
-0.5,-0.5,1.02345,-3.14159
-0.5,-0.5,1.02345,-3.14159
-0.5,-0.5,1.02345,-3.14159
-0.5,-0.5,1.02345,-3.14159
-0.5,-0.5,1.02345,-3.14159
-0.5,-0.5,1.02345,-3.14159
-0.5,-0.5,1.02345,-3.14159
-0.5,-0.5,1.02345,-3.14159
-0.5,-0.5,1.02345,-3.14159
-0.5,-0.5,1.02345,-3.14159
-0.5,-0.5,1.02345,-3.14159
-0.5,-0.5,1.02345,3.14159
-0.5,-0.5,1.02345,3.14159
-0.5,-0.5,1.02345,3.14159
-0.5,-0.5,1.02345,3.14159
-0.5,-0.5,1.02345,3.14159
-0.5,-0.5,1.02345,3.14159
-0.5,-0.5,1.02345,3.14159
-0.5,-0.5,1.02345,3.14159
-0.5,-0.5,1.02345,3.14159
-0.5,-0.5,1.02345,3.14159
-0.5,-0.5,1.02345,3.14159
-0.5,-0.5,1.02345,3.14159
-0.5,-0.5,1.02345,3.14159
-0.5,-0.5,1.02345,3.14159
-0.5,-0.5,1.02345,3.14159
-0.5,-0.5,1.02345,3.14159
-0.5,-0.5,1.02345,3.14159
-0.5,-0.5,1.02345,3.14159
-0.5,-0.5,1.02345,3.14159
-0.5,-0.5,1.02345,3.14159
-0.5,-0.5,1.02345,3.14159
-0.5,-0.5,1.02345,3.14159
-0.5,-0.5,1.02345,3.14159
-0.5,-0.5,1.02345,3.14159
-0.5,-0.5,1.02345,3.14159
-0.5,-0.5,1.02345,3.14159
-0.5,-0.5,1.02345,3.14159
-0.5,-0.5,1.02345,3.14159
-0.5,-0.5,1.02345,3.14159
-0.5,-0.5,1.02345,3.14159
-0.5,-0.5,1.02345,3.14159
-0.5,-0.5,1.02345,3.14159
-0.5,-0.5,1.02345,3.14159
-0.5,-0.5,1.02345,3.14159
-0.5,-0.5,1.02345,3.14159
-0.5,-0.5,1.02345,3.14159
-0.5,-0.5,1.02345,3.14159
-0.5,-0.5,1.02345,3.14159
-0.5,-0.5,1.02345,3.14159
-0.5,-0.5,1.02345,3.14159
-0.5,-0.5,1.02345,3.14159
-0.5,-0.5,1.02345,3.14159
-0.5,-0.5,1.02345,3.14159
-0.5,-0.5,1.02345,3.14159
-0.5,-0.5,1.02345,3.14159
-0.5,-0.5,1.02345,3.14159
-0.5,-0.5,1.02345,3.14159
-0.5,-0.5,1.02345,3.14159
-0.5,-0.5,1.02345,3.14159
-0.5,-0.5,1.02345,3.14159
-0.5,-0.5,1.02345,3.14159
-0.5,-0.5,1.02345,3.14159
-0.5,-0.5,1.02345,3.14159
-0.5,-0.5,1.02345,3.14159
-0.5,-0.5,1.02345,3.14159
-0.5,-0.5,1.02345,3.14159
-0.5,-0.5,1.02345,3.14159
-0.5,-0.5,1.02345,3.14159
-0.5,-0.5,1.02345,3.14159
-0.5,-0.5,1.02345,3.14159
-0.5,-0.5,1.02345,3.14159
-0.5,-0.5,1.02345,3.14159
-0.5,-0.5,1.02345,3.14159
-0.5,-0.5,1.02345,3.14159
-0.5,-0.5,1.02345,3.14159
-0.5,-0.5,1.02345,3.14159
-0.5,-0.5,1.02345,3.14159
-0.5,-0.5,1.02345,3.14159
-0.5,-0.5,1.02345,3.14159
-0.5,-0.5,1.02345,3.14159
-0.5,-0.5,1.02345,3.14159
-0.5,-0.5,1.02345,3.14159
-0.5,-0.5,1.02345,3.14159
-0.5,-0.5,1.02345,3.14159
-0.5,-0.5,1.02345,3.14159
-0.5,-0.5,1.02345,3.14159
-0.5,-0.5,1.02345,3.14159
-0.5,-0.5,1.02345,3.14159
-0.5,-0.5,1.02345,3.14159
-0.5,-0.5,1.02345,3.14159
-0.5,-0.5,1.02345,3.14159
-0.5,-0.5,1.02345,3.14159
-0.5,-0.5,1.02345,3.14159
-0.5,-0.5,1.02345,3.14159
-0.5,-0.5,1.02345,3.14159
-0.5,-0.5,1.02345,3.14159
-0.5,-0.5,1.02345,3.14159
-0.5,-0.5,1.02345,3.14159
-0.5,-0.5,1.02345,3.14159
-0.5,-0.5,1.02345,3.14159
-0.5,-0.5,1.02345,3.14159
-0.5,-0.5,1.02345,3.14159
-0.5,-0.5,1.02345,3.14159
-0.5,-0.5,1.02345,3.14159
-0.5,-0.5,1.02345,3.14159
-0.5,-0.5,1.02345,3.14159