-0.499016,-0.498819,1.02329,0.00182559
-0.510599,-0.482515,1.02318,0.0456671
-0.522182,-0.466211,1.02307,0.0895086
-0.533765,-0.449907,1.02296,0.13335
-0.545348,-0.433603,1.02285,0.177192
-0.556931,-0.417299,1.02274,0.221033
-0.568514,-0.400995,1.02263,0.264875
-0.580097,-0.384691,1.02252,0.308716
-0.59168,-0.368387,1.02241,0.352558
-0.603263,-0.352083,1.0223,0.396399
-0.614846,-0.335778,1.0222,0.440241
-0.626429,-0.319474,1.02209,0.484082
-0.638012,-0.30317,1.02198,0.527924
-0.649595,-0.286866,1.02187,0.571765
-0.661178,-0.270562,1.02176,0.615607
-0.672761,-0.254258,1.02165,0.659448
-0.684344,-0.237954,1.02154,0.70329
-0.695927,-0.22165,1.02143,0.747131
-0.70751,-0.205346,1.02132,0.790973
-0.719093,-0.189042,1.02121,0.834814
-0.730676,-0.172738,1.0211,0.878656
-0.742259,-0.156434,1.021,0.922497
-0.753842,-0.14013,1.02089,0.966339
-0.765425,-0.123826,1.02078,1.01018
-0.777008,-0.107522,1.02067,1.05402
-0.788591,-0.0912178,1.02056,1.09786
-0.800174,-0.0749137,1.02045,1.1417
-0.811757,-0.0586097,1.02034,1.18555
-0.82334,-0.0423056,1.02023,1.22939
-0.834923,-0.0260016,1.02012,1.27323
-0.846506,-0.00969755,1.02001,1.31707
-0.858089,0.00660649,1.0199,1.36091
-0.869672,0.0229105,1.01979,1.40475
-0.881255,0.0392146,1.01969,1.4486
-0.892838,0.0555186,1.01958,1.49244
-0.904421,0.0718227,1.01947,1.53628
-0.916004,0.0881267,1.01936,1.58012
-0.927587,0.104431,1.01925,1.62396
-0.93917,0.120735,1.01914,1.6678
-0.950753,0.137039,1.01903,1.71164
-0.962336,0.153343,1.01892,1.75549
-0.973919,0.169647,1.01881,1.79933
-0.985502,0.185951,1.0187,1.84317
-0.997085,0.202255,1.01859,1.88701
-1.00867,0.218559,1.01849,1.93085
-1.02025,0.234863,1.01838,1.97469
-1.03183,0.251167,1.01827,2.01853
-1.04342,0.267471,1.01816,2.06238
-1.055,0.283775,1.01805,2.10622
-1.06658,0.300079,1.01794,2.15006
-1.07817,0.316383,1.01783,2.1939
-1.08979,0.332656,1.01772,2.1939
-1.10142,0.348929,1.01761,2.1939
-1.11305,0.365201,1.01751,2.1939
-1.12467,0.381474,1.0174,2.1939
-1.1363,0.397746,1.01729,2.1939
-1.14793,0.414019,1.01718,2.1939
-1.15956,0.430292,1.01707,2.1939
-1.17118,0.446564,1.01696,2.1939
-1.18281,0.462837,1.01686,2.1939
-1.19444,0.47911,1.01675,2.1939
-1.20606,0.495382,1.01664,2.1939
-1.21769,0.511655,1.01653,2.1939
-1.22932,0.527927,1.01642,2.1939
-1.24095,0.5442,1.01631,2.1939
-1.25257,0.560473,1.01621,2.1939
-1.2642,0.576745,1.0161,2.1939
-1.27583,0.593018,1.01599,2.1939
-1.28745,0.60929,1.01588,2.1939
-1.29908,0.625563,1.01577,2.1939
-1.31071,0.641836,1.01566,2.1939
-1.32234,0.658108,1.01556,2.1939
-1.33396,0.674381,1.01545,2.1939
-1.34559,0.690653,1.01534,2.1939
-1.35722,0.706926,1.01523,2.1939
-1.36884,0.723199,1.01512,2.1939
-1.38047,0.739471,1.01501,2.1939
-1.3921,0.755744,1.01491,2.1939
-1.40373,0.772017,1.0148,2.1939
-1.41535,0.788289,1.01469,2.1939
-1.42698,0.804562,1.01458,2.1939
-1.43861,0.820834,1.01447,2.1939
-1.45023,0.837107,1.01436,2.1939
-1.46186,0.85338,1.01426,2.1939
-1.47349,0.869652,1.01415,2.1939
-1.48512,0.885925,1.01404,2.1939
-1.49674,0.902197,1.01393,2.1939
-1.50837,0.91847,1.01382,2.1939
-1.52,0.934743,1.01371,2.1939
-1.53162,0.951015,1.01361,2.1939
-1.54325,0.967288,1.0135,2.1939
-1.55488,0.983561,1.01339,2.1939
-1.56651,0.999833,1.01328,2.1939
-1.57813,1.01611,1.01317,2.1939
-1.58976,1.03238,1.01306,2.1939
-1.60139,1.04865,1.01296,2.1939
-1.61301,1.06492,1.01285,2.1939
-1.62464,1.0812,1.01274,2.1939
-1.63627,1.09747,1.01263,2.1939
-1.6479,1.11374,1.01252,2.1939
-1.65952,1.13001,1.01241,2.1939
-1.67117,1.14627,1.01231,2.1939
-1.68282,1.16253,1.0122,2.1939
-1.69447,1.17878,1.01209,2.1939
-1.70612,1.19504,1.01198,2.1939
-1.71777,1.2113,1.01187,2.1939
-1.72942,1.22756,1.01177,2.1939
-1.74107,1.24381,1.01166,2.1939
-1.75272,1.26007,1.01155,2.1939
-1.76437,1.27633,1.01144,2.1939
-1.77601,1.29258,1.01133,2.1939
-1.78766,1.30884,1.01123,2.1939
-1.79931,1.3251,1.01112,2.1939
-1.81096,1.34135,1.01101,2.1939
-1.82261,1.35761,1.0109,2.1939
-1.83426,1.37387,1.01079,2.1939
-1.84591,1.39012,1.01069,2.1939
-1.85756,1.40638,1.01058,2.1939
-1.86921,1.42264,1.01047,2.1939
-1.88086,1.43889,1.01036,2.1939
-1.89251,1.45515,1.01025,2.1939
-1.90416,1.47141,1.01015,2.1939
-1.9158,1.48766,1.01004,2.1939
-1.92745,1.50392,1.00993,2.1939
-1.9391,1.52018,1.00982,2.1939
-1.95075,1.53644,1.00971,2.1939
-1.9624,1.55269,1.00961,2.1939
-1.97405,1.56895,1.0095,2.1939
-1.9857,1.58521,1.00939,2.1939
-1.99735,1.60146,1.00928,2.1939
-2.009,1.61772,1.00917,2.1939
-2.02065,1.63398,1.00907,2.1939
-2.0323,1.65023,1.00896,2.1939
-2.04395,1.66649,1.00885,2.1939
-2.05559,1.68275,1.00874,2.1939
-2.06724,1.699,1.00864,2.1939
-2.07889,1.71526,1.00853,2.1939
-2.09054,1.73152,1.00842,2.1939
-2.10219,1.74777,1.00831,2.1939
-2.11384,1.76403,1.0082,2.1939
-2.12549,1.78029,1.0081,2.1939
-2.13714,1.79654,1.00799,2.1939
-2.14879,1.8128,1.00788,2.1939
-2.16044,1.82906,1.00777,2.1939
-2.17209,1.84532,1.00766,2.1939
-2.18374,1.86157,1.00756,2.1939
-2.19538,1.87783,1.00745,2.1939
-2.20703,1.89409,1.00734,2.1939
-2.21868,1.91034,1.00723,2.1939
-2.23033,1.9266,1.00712,2.1939
-2.24198,1.94286,1.00702,2.1939
-2.25364,1.95911,1.00691,2.19388
-2.26529,1.97536,1.0068,2.19386
-2.27694,1.99162,1.00669,2.19384
-2.2886,2.00787,1.00658,2.19382
-2.30025,2.02412,1.00648,2.1938
-2.31191,2.04038,1.00637,2.19378
-2.32356,2.05663,1.00626,2.19375
-2.33522,2.07288,1.00615,2.19373
-2.34687,2.08914,1.00604,2.19371
-2.35852,2.10539,1.00594,2.19369
-2.37018,2.12164,1.00583,2.19367
-2.38183,2.13789,1.00572,2.19365
-2.39349,2.15415,1.00561,2.19363
-2.40514,2.1704,1.00551,2.19361
-2.4168,2.18665,1.0054,2.19359
-2.42845,2.20291,1.00529,2.19357
-2.4401,2.21916,1.00518,2.19355
-2.45176,2.23541,1.00507,2.19353
-2.46341,2.25167,1.00497,2.1935
-2.47507,2.26792,1.00486,2.19348
-2.48672,2.28417,1.00475,2.19346
-2.49838,2.30043,1.00464,2.19344
-2.51003,2.31668,1.00453,2.19342
-2.52168,2.33293,1.00443,2.1934
-2.53334,2.34919,1.00432,2.19338
-2.54499,2.36544,1.00421,2.19336
-2.55665,2.38169,1.0041,2.19334
-2.5683,2.39795,1.004,2.19332
-2.57996,2.4142,1.00389,2.1933
-2.59161,2.43045,1.00378,2.19328
-2.60326,2.44671,1.00367,2.19326
-2.61492,2.46296,1.00356,2.19323
-2.62657,2.47921,1.00346,2.19321
-2.63823,2.49547,1.00335,2.19319
-2.64988,2.51172,1.00324,2.19317
-2.66153,2.52797,1.00313,2.19315
-2.67319,2.54423,1.00302,2.19313
-2.68484,2.56048,1.00292,2.19311
-2.6965,2.57673,1.00281,2.19309
-2.70815,2.59298,1.0027,2.19307
-2.71981,2.60924,1.00259,2.19305
-2.73146,2.62549,1.00249,2.19303
-2.74311,2.64174,1.00238,2.19301
-2.75477,2.658,1.00227,2.19298
-2.76642,2.67425,1.00216,2.19296
-2.77808,2.6905,1.00205,2.19294
-2.78973,2.70676,1.00195,2.19292
-2.80139,2.72301,1.00184,2.1929
-2.81304,2.73926,1.00173,2.19288
-2.82469,2.75552,1.00162,2.19286
-2.82769,2.73574,1.00162,2.24024
-2.83069,2.71597,1.00161,2.28762
-2.83368,2.69619,1.00161,2.33501
-2.83668,2.67642,1.00161,2.38239
-2.83968,2.65665,1.0016,2.42977
-2.84267,2.63687,1.0016,2.47716
-2.84567,2.6171,1.00159,2.52454
-2.84867,2.59732,1.00159,2.57192
-2.85166,2.57755,1.00159,2.6193
-2.85466,2.55777,1.00158,2.66669
-2.85766,2.538,1.00158,2.71407
-2.86065,2.51823,1.00157,2.76145
-2.86365,2.49845,1.00157,2.80883
-2.86665,2.47868,1.00156,2.85622
-2.86964,2.4589,1.00156,2.9036
-2.87264,2.43913,1.00156,2.95098
-2.87564,2.41935,1.00155,2.99836
-2.87863,2.39958,1.00155,3.04575
-2.88163,2.37981,1.00154,3.09313
-2.88463,2.36003,1.00154,3.14051
-2.88762,2.34026,1.00154,-3.09529
-2.89062,2.32048,1.00153,-3.04791
-2.89362,2.30071,1.00153,-3.00053
-2.89661,2.28094,1.00152,-2.95314
-2.89961,2.26116,1.00152,-2.90576
-2.90261,2.24139,1.00151,-2.85838
-2.9056,2.22161,1.00151,-2.811
-2.9086,2.20184,1.00151,-2.76361
-2.9116,2.18206,1.0015,-2.71623
-2.91459,2.16229,1.0015,-2.66885
-2.91759,2.14252,1.00149,-2.62147
-2.92059,2.12274,1.00149,-2.57408
-2.92358,2.10297,1.00149,-2.5267
-2.92658,2.08319,1.00148,-2.47932
-2.92958,2.06342,1.00148,-2.43194
-2.93257,2.04364,1.00147,-2.38455
-2.93557,2.02387,1.00147,-2.33717
-2.93857,2.0041,1.00147,-2.28979
-2.94156,1.98432,1.00146,-2.2424
-2.94456,1.96455,1.00146,-2.19502
-2.94756,1.94477,1.00145,-2.14764
-2.95055,1.925,1.00145,-2.10026
-2.95355,1.90522,1.00144,-2.05287
-2.95655,1.88545,1.00144,-2.00549
-2.95954,1.86568,1.00144,-1.95811
-2.96254,1.8459,1.00143,-1.91073
-2.96554,1.82613,1.00143,-1.86334
-2.96853,1.80635,1.00142,-1.81596
-2.97153,1.78658,1.00142,-1.76858
-2.97453,1.76681,1.00142,-1.7212
-2.97752,1.74703,1.00141,-1.7212
-2.98052,1.72726,1.00141,-1.7212
-2.98352,1.70748,1.0014,-1.7212
-2.98652,1.68771,1.0014,-1.7212
-2.98951,1.66793,1.00139,-1.7212
-2.99251,1.64816,1.00139,-1.7212
-2.99551,1.62839,1.00139,-1.7212
-2.9985,1.60861,1.00138,-1.7212
-3.0015,1.58884,1.00138,-1.7212
-3.0045,1.56906,1.00137,-1.7212
-3.00749,1.54929,1.00137,-1.7212
-3.01049,1.52951,1.00137,-1.7212
-3.01349,1.50974,1.00136,-1.7212
-3.01648,1.48997,1.00136,-1.7212
-3.01948,1.47019,1.00135,-1.7212
-3.02248,1.45042,1.00135,-1.7212
-3.02547,1.43064,1.00135,-1.7212
-3.02847,1.41087,1.00134,-1.7212
-3.03147,1.3911,1.00134,-1.7212
-3.03446,1.37132,1.00133,-1.7212
-3.03746,1.35155,1.00133,-1.7212
-3.04046,1.33177,1.00132,-1.7212
-3.04345,1.312,1.00132,-1.7212
-3.04645,1.29222,1.00132,-1.7212
-3.04945,1.27245,1.00131,-1.7212
-3.05244,1.25268,1.00131,-1.7212
-3.05544,1.2329,1.0013,-1.7212
-3.05844,1.21313,1.0013,-1.7212
-3.06143,1.19335,1.0013,-1.7212
-3.06443,1.17358,1.00129,-1.7212
-3.06743,1.1538,1.00129,-1.7212
-3.07042,1.13403,1.00128,-1.7212
-3.07342,1.11426,1.00128,-1.7212
-3.07642,1.09448,1.00128,-1.7212
-3.07941,1.07471,1.00127,-1.7212
-3.08241,1.05493,1.00127,-1.7212
-3.08541,1.03516,1.00126,-1.7212
-3.0884,1.01538,1.00126,-1.7212
-3.0914,0.995611,1.00125,-1.7212
-3.0944,0.975836,1.00125,-1.7212
-3.09739,0.956062,1.00125,-1.7212
-3.10039,0.936288,1.00124,-1.7212
-3.10339,0.916514,1.00124,-1.7212
-3.10638,0.89674,1.00123,-1.7212
-3.10938,0.876965,1.00123,-1.7212
-3.11238,0.857191,1.00123,-1.7212
-3.11537,0.837417,1.00122,-1.7212
-3.11837,0.817643,1.00122,-1.7212
-3.12137,0.797868,1.00121,-1.7212
-3.12436,0.778094,1.00121,-1.7212
-3.12736,0.75832,1.0012,-1.7212
-3.13036,0.738546,1.0012,-1.7212
-3.13335,0.718772,1.0012,-1.7212
-3.13635,0.698997,1.00119,-1.7212
-3.13935,0.679223,1.00119,-1.7212
-3.14234,0.659449,1.00118,-1.7212
-3.14534,0.639675,1.00118,-1.7212
-3.14834,0.6199,1.00118,-1.7212
-3.15133,0.600126,1.00117,-1.7212
-3.15433,0.580352,1.00117,-1.7212
-3.15733,0.560578,1.00116,-1.7212
-3.16032,0.540804,1.00116,-1.7212
-3.16332,0.521029,1.00116,-1.7212
-3.16632,0.501255,1.00115,-1.7212
-3.16931,0.481481,1.00115,-1.7212
-3.17231,0.461707,1.00114,-1.7212
-3.17531,0.441932,1.00114,-1.7212
-3.1783,0.422158,1.00113,-1.7212
-3.1813,0.402384,1.00113,-1.7212
-3.1843,0.38261,1.00113,-1.7212
-3.18729,0.362836,1.00112,-1.7212
-3.19029,0.343061,1.00112,-1.7212
-3.19329,0.323287,1.00111,-1.7212
-3.19628,0.303513,1.00111,-1.7212
-3.19928,0.283739,1.00111,-1.7212
-3.20228,0.263964,1.0011,-1.7212
-3.20527,0.24419,1.0011,-1.7212
-3.20827,0.224416,1.00109,-1.7212
-3.21127,0.204642,1.00109,-1.7212
-3.21426,0.184868,1.00108,-1.7212
-3.21726,0.165093,1.00108,-1.7212
-3.22026,0.145319,1.00108,-1.7212
-3.22325,0.125545,1.00107,-1.7212
-3.22625,0.105771,1.00107,-1.7212
-3.22925,0.0859964,1.00106,-1.7212
-3.23224,0.0662222,1.00106,-1.7212
-3.23524,0.0464479,1.00106,-1.7212
-3.23824,0.0266737,1.00105,-1.7212
-3.24123,0.0068995,1.00105,-1.7212
-3.24423,-0.0128747,1.00104,-1.7212
-3.24723,-0.0326489,1.00104,-1.7212
-3.25022,-0.0524232,1.00104,-1.7212
-3.25322,-0.0721974,1.00103,-1.7212
-3.25622,-0.0919716,1.00103,-1.7212
-3.25921,-0.111746,1.00102,-1.7212
-3.26221,-0.13152,1.00102,-1.7212
-3.26521,-0.151294,1.00101,-1.7212
-3.2682,-0.171069,1.00101,-1.7212
-3.2712,-0.190843,1.00101,-1.7212
-3.2742,-0.210617,1.001,-1.7212
-3.27719,-0.230391,1.001,-1.7212
-3.28019,-0.250165,1.00099,-1.7212
-3.28319,-0.26994,1.00099,-1.7212
-3.28618,-0.289714,1.00099,-1.7212
-3.28918,-0.309488,1.00098,-1.7212
-3.29218,-0.329262,1.00098,-1.7212
-3.29517,-0.349037,1.00097,-1.7212
-3.29817,-0.368811,1.00097,-1.7212
-3.30117,-0.388585,1.00096,-1.7212
-3.30416,-0.408359,1.00096,-1.7212
-3.30716,-0.428133,1.00096,-1.7212
-3.31016,-0.447908,1.00095,-1.7212
-3.31315,-0.467682,1.00095,-1.7212
-3.31615,-0.487456,1.00094,-1.7212
-3.31915,-0.50723,1.00094,-1.7212
-3.32214,-0.527005,1.00094,-1.7212
-3.32514,-0.546779,1.00093,-1.7212
-3.32814,-0.566553,1.00093,-1.7212
-3.33113,-0.586327,1.00092,-1.7212
-3.33413,-0.606101,1.00092,-1.7212
-3.33713,-0.625876,1.00092,-1.7212
-3.34012,-0.64565,1.00091,-1.7212
-3.34312,-0.665424,1.00091,-1.7212
-3.34612,-0.685198,1.0009,-1.7212
-3.34911,-0.704973,1.0009,-1.7212
-3.35211,-0.724747,1.00089,-1.7212
-3.35511,-0.744521,1.00089,-1.7212
-3.3581,-0.764295,1.00089,-1.7212
-3.3611,-0.784069,1.00088,-1.7212
-3.3641,-0.803844,1.00088,-1.7212
-3.36709,-0.823618,1.00087,-1.7212
-3.37009,-0.843392,1.00087,-1.7212
-3.37309,-0.863166,1.00087,-1.7212
-3.37608,-0.882941,1.00086,-1.7212
-3.37908,-0.902715,1.00086,-1.7212
-3.38208,-0.922489,1.00085,-1.7212
-3.38507,-0.942263,1.00085,-1.7212
-3.38807,-0.962037,1.00084,-1.7212
-3.39107,-0.981812,1.00084,-1.7212
-3.39406,-1.00159,1.00084,-1.7212
-3.39706,-1.02136,1.00083,-1.7212
-3.40006,-1.04113,1.00083,-1.7212
-3.40305,-1.06091,1.00082,-1.7212
-3.40605,-1.08068,1.00082,-1.7212
-3.40905,-1.10046,1.00082,-1.7212
-3.41204,-1.12023,1.00081,-1.7212
-3.41504,-1.14001,1.00081,-1.7212
-3.41804,-1.15978,1.0008,-1.7212
-3.42103,-1.17955,1.0008,-1.7212
-3.42403,-1.19933,1.0008,-1.7212
-3.42703,-1.2191,1.00079,-1.7212
-3.43002,-1.23888,1.00079,-1.7212
-3.43302,-1.25865,1.00078,-1.7212
-3.43602,-1.27843,1.00078,-1.7212
-3.43901,-1.2982,1.00077,-1.7212
-3.44201,-1.31797,1.00077,-1.7212
-3.44501,-1.33775,1.00077,-1.7212
-3.448,-1.35752,1.00076,-1.7212
-3.451,-1.3773,1.00076,-1.7212
-3.454,-1.39707,1.00075,-1.7212
-3.45699,-1.41684,1.00075,-1.7212
-3.45999,-1.43662,1.00075,-1.7212
-3.46299,-1.45639,1.00074,-1.7212
-3.46598,-1.47617,1.00074,-1.7212
-3.46898,-1.49594,1.00073,-1.7212
-3.47198,-1.51572,1.00073,-1.7212
-3.47497,-1.53549,1.00072,-1.7212
-3.47797,-1.55526,1.00072,-1.7212
-3.48097,-1.57504,1.00072,-1.7212
-3.48396,-1.59481,1.00071,-1.7212
-3.48696,-1.61459,1.00071,-1.7212
-3.48996,-1.63436,1.0007,-1.7212
-3.49295,-1.65414,1.0007,-1.7212
-3.49595,-1.67391,1.0007,-1.7212
-3.49895,-1.69368,1.00069,-1.7212
-3.50194,-1.71346,1.00069,-1.7212
-3.50494,-1.73323,1.00068,-1.7212
-3.50794,-1.75301,1.00068,-1.7212
-3.51093,-1.77278,1.00068,-1.7212
-3.51393,-1.79255,1.00067,-1.7212
-3.51693,-1.81233,1.00067,-1.7212
-3.51992,-1.8321,1.00066,-1.7212
-3.52292,-1.85188,1.00066,-1.7212
-3.52592,-1.87165,1.00065,-1.7212
-3.52891,-1.89143,1.00065,-1.7212
-3.53191,-1.9112,1.00065,-1.7212
-3.53491,-1.93097,1.00064,-1.7212
-3.5379,-1.95075,1.00064,-1.7212
-3.5409,-1.97052,1.00063,-1.7212
-3.5439,-1.9903,1.00063,-1.7212
-3.54689,-2.01007,1.00063,-1.7212
-3.54989,-2.02985,1.00062,-1.7212
-3.55289,-2.04962,1.00062,-1.7212
-3.55588,-2.06939,1.00061,-1.7212
-3.55888,-2.08917,1.00061,-1.7212
-3.56188,-2.10894,1.0006,-1.7212
-3.56487,-2.12872,1.0006,-1.7212
-3.56787,-2.14849,1.0006,-1.7212
-3.57087,-2.16827,1.00059,-1.7212
-3.57386,-2.18804,1.00059,-1.7212
-3.57686,-2.20781,1.00058,-1.7212
-3.57986,-2.22759,1.00058,-1.7212
-3.58285,-2.24736,1.00058,-1.7212
-3.58585,-2.26714,1.00057,-1.7212
-3.58885,-2.28691,1.00057,-1.7212
-3.59184,-2.30668,1.00056,-1.7212
-3.59484,-2.32646,1.00056,-1.7212
-3.59784,-2.34623,1.00056,-1.7212
-3.60083,-2.36601,1.00055,-1.7212
-3.60383,-2.38578,1.00055,-1.7212
-3.60683,-2.40556,1.00054,-1.7212
-3.60982,-2.42533,1.00054,-1.7212
-3.61282,-2.4451,1.00053,-1.7212
-3.61582,-2.46488,1.00053,-1.7212
-3.61881,-2.48465,1.00053,-1.7212
-3.62181,-2.50443,1.00052,-1.7212
-3.62481,-2.5242,1.00052,-1.7212
-3.6278,-2.54398,1.00051,-1.7212
-3.6308,-2.56375,1.00051,-1.7212
-3.6338,-2.58352,1.00051,-1.7212
-3.63679,-2.6033,1.0005,-1.7212
-3.63979,-2.62307,1.0005,-1.7212
-3.64279,-2.64285,1.00049,-1.7212
-3.64578,-2.66262,1.00049,-1.7212
-3.64878,-2.68239,1.00048,-1.7212
-3.65178,-2.70217,1.00048,-1.7212
-3.65477,-2.72194,1.00048,-1.7212
-3.65777,-2.74172,1.00047,-1.7212
-3.66077,-2.76149,1.00047,-1.7212
-3.66376,-2.78127,1.00046,-1.7212
-3.66676,-2.80104,1.00046,-1.7212
-3.66976,-2.82081,1.00046,-1.7212
-3.67275,-2.84059,1.00045,-1.7212
-3.67575,-2.86036,1.00045,-1.7212
-3.67875,-2.88014,1.00044,-1.7212
-3.68174,-2.89991,1.00044,-1.7212
-3.68474,-2.91969,1.00044,-1.7212
-3.68774,-2.93946,1.00043,-1.7212
-3.69073,-2.95923,1.00043,-1.7212
-3.69373,-2.97901,1.00042,-1.7212
-3.69673,-2.99878,1.00042,-1.7212
-3.69972,-3.01856,1.00041,-1.7212
-3.70272,-3.03833,1.00041,-1.7212
-3.70572,-3.05811,1.00041,-1.7212
-3.70871,-3.07788,1.0004,-1.7212
-3.71171,-3.09765,1.0004,-1.7212
-3.71471,-3.11743,1.00039,-1.7212
-3.7177,-3.1372,1.00039,-1.7212
-3.7207,-3.15698,1.00039,-1.7212
-3.7237,-3.17675,1.00038,-1.7212
-3.72669,-3.19652,1.00038,-1.7212
-3.72969,-3.2163,1.00037,-1.7212
-3.73269,-3.23607,1.00037,-1.7212
-3.73568,-3.25585,1.00036,-1.7212
-3.73868,-3.27562,1.00036,-1.7212
-3.74168,-3.2954,1.00036,-1.7212
-3.74467,-3.31517,1.00035,-1.7212
-3.74767,-3.33494,1.00035,-1.7212
-3.75067,-3.35472,1.00034,-1.7212
-3.75366,-3.37449,1.00034,-1.7212
-3.75666,-3.39427,1.00034,-1.7212
-3.75966,-3.41404,1.00033,-1.7212
-3.76265,-3.43382,1.00033,-1.7212
-3.76565,-3.45359,1.00032,-1.7212
-3.76865,-3.47336,1.00032,-1.7212
-3.77164,-3.49314,1.00032,-1.7212
-3.77464,-3.51291,1.00031,-1.7212
-3.77764,-3.53269,1.00031,-1.7212
-3.78063,-3.55246,1.0003,-1.7212
-3.78363,-3.57224,1.0003,-1.7212
-3.78663,-3.59201,1.00029,-1.7212
-3.78962,-3.61178,1.00029,-1.7212
-3.79262,-3.63156,1.00029,-1.7212
-3.79562,-3.65133,1.00028,-1.7212
-3.79861,-3.67111,1.00028,-1.7212
-3.80161,-3.69088,1.00027,-1.7212
-3.80461,-3.71065,1.00027,-1.7212
-3.8076,-3.73043,1.00027,-1.7212
-3.8106,-3.7502,1.00026,-1.7212
-3.8136,-3.76998,1.00026,-1.7212
-3.81659,-3.78975,1.00025,-1.7212
-3.81959,-3.80953,1.00025,-1.7212
-3.82259,-3.8293,1.00024,-1.7212
-3.82558,-3.84907,1.00024,-1.7212
-3.82858,-3.86885,1.00024,-1.7212
-3.83158,-3.88862,1.00023,-1.7212
-3.83457,-3.9084,1.00023,-1.7212
-3.83757,-3.92817,1.00022,-1.7212
-3.84057,-3.94795,1.00022,-1.7212
-3.84356,-3.96772,1.00022,-1.7212
-3.84656,-3.98749,1.00021,-1.7212
-3.84956,-4.00727,1.00021,-1.7212
-3.85255,-4.02704,1.0002,-1.7212
-3.85555,-4.04682,1.0002,-1.7212
-3.85855,-4.06659,1.0002,-1.7212
-3.86154,-4.08636,1.00019,-1.7212
-3.86454,-4.10614,1.00019,-1.7212
-3.86754,-4.12591,1.00018,-1.7212
-3.87053,-4.14569,1.00018,-1.7212
-3.87353,-4.16546,1.00017,-1.7212
-3.87653,-4.18524,1.00017,-1.7212
-3.87952,-4.20501,1.00017,-1.7212
-3.88252,-4.22478,1.00016,-1.7212
-3.88552,-4.24456,1.00016,-1.7212
-3.88851,-4.26433,1.00015,-1.7212
-3.89151,-4.28411,1.00015,-1.7212
-3.89451,-4.30388,1.00015,-1.7212
-3.8975,-4.32366,1.00014,-1.7212
-3.9005,-4.34343,1.00014,-1.7212
-3.9035,-4.3632,1.00013,-1.7212
-3.90649,-4.38298,1.00013,-1.7212
-3.90949,-4.40275,1.00012,-1.7212
-3.91249,-4.42253,1.00012,-1.7212
-3.91548,-4.4423,1.00012,-1.7212
-3.91848,-4.46208,1.00011,-1.7212
-3.92148,-4.48185,1.00011,-1.7212
-3.92447,-4.50162,1.0001,-1.7212
-3.92747,-4.5214,1.0001,-1.7212
-3.93047,-4.54117,1.0001,-1.7212
-3.93346,-4.56095,1.00009,-1.7212
-3.93646,-4.58072,1.00009,-1.7212
-3.93946,-4.60049,1.00008,-1.7212
-3.94245,-4.62027,1.00008,-1.7212
-3.94545,-4.64004,1.00008,-1.7212
-3.94845,-4.65982,1.00007,-1.7212
-3.95144,-4.67959,1.00007,-1.7212
-3.95444,-4.69937,1.00006,-1.7212
-3.95744,-4.71914,1.00006,-1.7212
-3.96043,-4.73891,1.00005,-1.7212
-3.96343,-4.75869,1.00005,-1.7212
-3.96643,-4.77846,1.00005,-1.7212
-3.96942,-4.79824,1.00004,-1.7212
-3.97242,-4.81801,1.00004,-1.7212
-3.97542,-4.83779,1.00003,-1.7212
-3.97841,-4.85756,1.00003,-1.7212
-3.98141,-4.87733,1.00003,-1.7212
-3.98441,-4.89711,1.00002,-1.7212
-3.9874,-4.91688,1.00002,-1.7212
-3.9904,-4.93666,1.00001,-1.7212
-3.9934,-4.95643,1.00001,-1.7212
-3.99639,-4.9762,1,-1.7212
-3.99939,-4.99598,1,-1.7212
-4,-5,1,-1.7212
-4,-4.9801,1.00199,-1.78102
-4,-4.9602,1.00398,-1.84084
-4,-4.9403,1.00597,-1.90067
-4,-4.9204,1.00796,-1.96049
-4,-4.9005,1.00995,-2.02032
-4,-4.8806,1.01194,-2.08014
-4,-4.86069,1.01393,-2.13996
-4,-4.84079,1.01592,-2.19979
-4,-4.82089,1.01791,-2.25961
-4,-4.80099,1.0199,-2.31943
-4,-4.78109,1.02189,-2.37926
-4,-4.76119,1.02388,-2.43908
-4,-4.74129,1.02587,-2.49891
-4,-4.72139,1.02786,-2.55873
-4,-4.70149,1.02985,-2.61855
-4,-4.68159,1.03184,-2.67838
-4,-4.66169,1.03383,-2.7382
-4,-4.64179,1.03582,-2.79803
-4,-4.62189,1.03781,-2.85785
-4,-4.60199,1.0398,-2.91767
-4,-4.58208,1.04179,-2.9775
-4,-4.56218,1.04378,-3.03732
-4,-4.54228,1.04577,-3.09714
-4,-4.52238,1.04776,3.12622
-4,-4.50248,1.04975,3.06639
-4,-4.48258,1.05174,3.00657
-4,-4.46268,1.05373,2.94674
-4,-4.44278,1.05572,2.88692
-4,-4.42288,1.05771,2.8271
-4,-4.40298,1.0597,2.76727
-4,-4.38308,1.06169,2.70745
-4,-4.36318,1.06368,2.64763
-4,-4.34328,1.06567,2.5878
-4,-4.32337,1.06766,2.52798
-4,-4.30347,1.06965,2.46815
-4,-4.28357,1.07164,2.40833
-4,-4.26367,1.07363,2.34851
-4,-4.24377,1.07562,2.28868
-4,-4.22387,1.07761,2.22886
-4,-4.20397,1.0796,2.16903
-4,-4.18407,1.08159,2.10921
-4,-4.16417,1.08358,2.04939
-4,-4.14427,1.08557,1.98956
-4,-4.12437,1.08756,1.92974
-4,-4.10447,1.08955,1.86992
-4,-4.08457,1.09154,1.81009
-4,-4.06467,1.09353,1.75027
-4,-4.04476,1.09552,1.69044
-4,-4.02486,1.09751,1.63062
-4,-4.00496,1.0995,1.5708
-4,-3.98506,1.10149,1.5708
-4,-3.96516,1.10348,1.5708
-4,-3.94526,1.10547,1.5708
-4,-3.92536,1.10746,1.5708
-4,-3.90546,1.10945,1.5708
-4,-3.88556,1.11144,1.5708
-4,-3.86566,1.11343,1.5708
-4,-3.84576,1.11542,1.5708
-4,-3.82586,1.11741,1.5708
-4,-3.80596,1.1194,1.5708
-4,-3.78605,1.12139,1.5708
-4,-3.76615,1.12338,1.5708
-4,-3.74625,1.12537,1.5708
-4,-3.72635,1.12736,1.5708
-4,-3.70645,1.12935,1.5708
-4,-3.68655,1.13134,1.5708
-4,-3.66665,1.13333,1.5708
-4,-3.64675,1.13533,1.5708
-4,-3.62685,1.13732,1.5708
-4,-3.60695,1.13931,1.5708
-4,-3.58705,1.1413,1.5708
-4,-3.56715,1.14329,1.5708
-4,-3.54725,1.14528,1.5708
-4,-3.52734,1.14727,1.5708
-4,-3.50744,1.14926,1.5708
-4,-3.48754,1.15125,1.5708
-4,-3.46764,1.15324,1.5708
-4,-3.44774,1.15523,1.5708
-4,-3.42784,1.15722,1.5708
-4,-3.40794,1.15921,1.5708
-4,-3.38804,1.1612,1.5708
-4,-3.36814,1.16319,1.5708
-4,-3.34824,1.16518,1.5708
-4,-3.32834,1.16717,1.5708
-4,-3.30844,1.16916,1.5708
-4,-3.28854,1.17115,1.5708
-4,-3.26864,1.17314,1.5708
-4,-3.24873,1.17513,1.5708
-4,-3.22883,1.17712,1.5708
-4,-3.20893,1.17911,1.5708
-4,-3.18903,1.1811,1.5708
-4,-3.16913,1.18309,1.5708
-4,-3.14923,1.18508,1.5708
-4,-3.12933,1.18707,1.5708
-4,-3.10943,1.18906,1.5708
-4,-3.08953,1.19105,1.5708
-4,-3.06963,1.19304,1.5708
-4,-3.04973,1.19503,1.5708
-4,-3.02983,1.19702,1.5708
-4,-3.00993,1.19901,1.5708
-4,-2.99002,1.201,1.5708
-4,-2.97012,1.20299,1.5708
-4,-2.95022,1.20498,1.5708
-4,-2.93032,1.20697,1.5708
-4,-2.91042,1.20896,1.5708
-4,-2.89052,1.21095,1.5708
-4,-2.87062,1.21294,1.5708
-4,-2.85072,1.21493,1.5708
-4,-2.83082,1.21692,1.5708
-4,-2.81092,1.21891,1.5708
-4,-2.79102,1.2209,1.5708
-4,-2.77112,1.22289,1.5708
-4,-2.75122,1.22488,1.5708
-4,-2.73132,1.22687,1.5708
-4,-2.71141,1.22886,1.5708
-4,-2.69151,1.23085,1.5708
-4,-2.67161,1.23284,1.5708
-4,-2.65171,1.23483,1.5708
-4,-2.63181,1.23682,1.5708
-4,-2.61191,1.23881,1.5708
-4,-2.59201,1.2408,1.5708
-4,-2.57211,1.24279,1.5708
-4,-2.55221,1.24478,1.5708
-4,-2.53231,1.24677,1.5708
-4,-2.51241,1.24876,1.5708
-4,-2.49251,1.25075,1.5708
-4,-2.47261,1.25274,1.5708
-4,-2.4527,1.25473,1.5708
-4,-2.4328,1.25672,1.5708
-4,-2.4129,1.25871,1.5708
-4,-2.393,1.2607,1.5708
-4,-2.3731,1.26269,1.5708
-4,-2.3532,1.26468,1.5708
-4,-2.3333,1.26667,1.5708
-4,-2.3134,1.26866,1.5708
-4,-2.2935,1.27065,1.5708
-4,-2.2736,1.27264,1.5708
-4,-2.2537,1.27463,1.5708
-4,-2.2338,1.27662,1.5708
-4,-2.2139,1.27861,1.5708
-4,-2.194,1.2806,1.5708
-4,-2.17409,1.28259,1.5708
-4,-2.15419,1.28458,1.5708
-4,-2.13429,1.28657,1.5708
-4,-2.11439,1.28856,1.5708
-4,-2.09449,1.29055,1.5708
-4,-2.07459,1.29254,1.5708
-4,-2.05469,1.29453,1.5708
-4,-2.03479,1.29652,1.5708
-4,-2.01489,1.29851,1.5708
-4,-1.99499,1.3005,1.5708
-4,-1.97509,1.30249,1.5708
-4,-1.95519,1.30448,1.5708
-4,-1.93529,1.30647,1.5708
-4,-1.91538,1.30846,1.5708
-4,-1.89548,1.31045,1.5708
-4,-1.87558,1.31244,1.5708
-4,-1.85568,1.31443,1.5708
-4,-1.83578,1.31642,1.5708
-4,-1.81588,1.31841,1.5708
-4,-1.79598,1.3204,1.5708
-4,-1.77608,1.32239,1.5708
-4,-1.75618,1.32438,1.5708
-4,-1.73628,1.32637,1.5708
-4,-1.71638,1.32836,1.5708
-4,-1.69648,1.33035,1.5708
-4,-1.67658,1.33234,1.5708
-4,-1.65668,1.33433,1.5708
-4,-1.63677,1.33632,1.5708
-4,-1.61687,1.33831,1.5708
-4,-1.59697,1.3403,1.5708
-4,-1.57707,1.34229,1.5708
-4,-1.55717,1.34428,1.5708
-4,-1.53727,1.34627,1.5708
-4,-1.51737,1.34826,1.5708
-4,-1.49747,1.35025,1.5708
-4,-1.47757,1.35224,1.5708
-4,-1.45767,1.35423,1.5708
-4,-1.43777,1.35622,1.5708
-4,-1.41787,1.35821,1.5708
-4,-1.39797,1.3602,1.5708
-4,-1.37806,1.36219,1.5708
-4,-1.35816,1.36418,1.5708
-4,-1.33826,1.36617,1.5708
-4,-1.31836,1.36816,1.5708
-4,-1.29846,1.37015,1.5708
-4,-1.27856,1.37214,1.5708
-4,-1.25866,1.37413,1.5708
-4,-1.23876,1.37612,1.5708
-4,-1.21886,1.37811,1.5708
-4,-1.19896,1.3801,1.5708
-4,-1.17906,1.38209,1.5708
-4,-1.15916,1.38408,1.5708
-4,-1.13926,1.38607,1.5708
-4,-1.11935,1.38806,1.5708
-4,-1.09945,1.39005,1.5708
-4,-1.07955,1.39204,1.5708
-4,-1.05965,1.39403,1.5708
-4,-1.03975,1.39602,1.5708
-4,-1.01985,1.39801,1.5708
-4,-0.99995,1.4,1.5708
-4,-0.98005,1.402,1.5708
-4,-0.960149,1.40399,1.5708
-4,-0.940248,1.40598,1.5708
-4,-0.920348,1.40797,1.5708
-4,-0.900447,1.40996,1.5708
-4,-0.880546,1.41195,1.5708
-4,-0.860645,1.41394,1.5708
-4,-0.840745,1.41593,1.5708
-4,-0.820844,1.41792,1.5708
-4,-0.800943,1.41991,1.5708
-4,-0.781042,1.4219,1.5708
-4,-0.761142,1.42389,1.5708
-4,-0.741241,1.42588,1.5708
-4,-0.72134,1.42787,1.5708
-4,-0.701439,1.42986,1.5708
-4,-0.681539,1.43185,1.5708
-4,-0.661638,1.43384,1.5708
-4,-0.641737,1.43583,1.5708
-4,-0.621836,1.43782,1.5708
-4,-0.601936,1.43981,1.5708
-4,-0.582035,1.4418,1.5708
-4,-0.562134,1.44379,1.5708
-4,-0.542233,1.44578,1.5708
-4,-0.522333,1.44777,1.5708
-4,-0.502432,1.44976,1.5708
-4,-0.482531,1.45175,1.5708
-4,-0.46263,1.45374,1.5708
-4,-0.44273,1.45573,1.5708
-4,-0.422829,1.45772,1.5708
-4,-0.402928,1.45971,1.5708
-4,-0.383027,1.4617,1.5708
-4,-0.363127,1.46369,1.5708
-4,-0.343226,1.46568,1.5708
-4,-0.323325,1.46767,1.5708
-4,-0.303424,1.46966,1.5708
-4,-0.283524,1.47165,1.5708
-4,-0.263623,1.47364,1.5708
-4,-0.243722,1.47563,1.5708
-4,-0.223821,1.47762,1.5708
-4,-0.203921,1.47961,1.5708
-4,-0.18402,1.4816,1.5708
-4,-0.164119,1.48359,1.5708
-4,-0.144219,1.48558,1.5708
-4,-0.124318,1.48757,1.5708
-4,-0.104417,1.48956,1.5708
-4,-0.0845163,1.49155,1.5708
-4,-0.0646155,1.49354,1.5708
-4,-0.0447148,1.49553,1.5708
-4,-0.024814,1.49752,1.5708
-4,-0.00491331,1.49951,1.5708
-4,0.0149874,1.5015,1.5708
-4,0.0348882,1.50349,1.5708
-4,0.0547889,1.50548,1.5708
-4,0.0746897,1.50747,1.5708
-4,0.0945904,1.50946,1.5708
-4,0.114491,1.51145,1.5708
-4,0.134392,1.51344,1.5708
-4,0.154293,1.51543,1.5708
-4,0.174193,1.51742,1.5708
-4,0.194094,1.51941,1.5708
-4,0.213995,1.5214,1.5708
-4,0.233896,1.52339,1.5708
-4,0.253796,1.52538,1.5708
-4,0.273697,1.52737,1.5708
-4,0.293598,1.52936,1.5708
-4,0.313499,1.53135,1.5708
-4,0.333399,1.53334,1.5708
-4,0.3533,1.53533,1.5708
-4,0.373201,1.53732,1.5708
-4,0.393102,1.53931,1.5708
-4,0.413002,1.5413,1.5708
-4,0.432903,1.54329,1.5708
-4,0.452804,1.54528,1.5708
-4,0.472705,1.54727,1.5708
-4,0.492605,1.54926,1.5708
-4,0.512506,1.55125,1.5708
-4,0.532407,1.55324,1.5708
-4,0.552308,1.55523,1.5708
-4,0.572208,1.55722,1.5708
-4,0.592109,1.55921,1.5708
-4,0.61201,1.5612,1.5708
-4,0.63191,1.56319,1.5708
-4,0.651811,1.56518,1.5708
-4,0.671712,1.56717,1.5708
-4,0.691613,1.56916,1.5708
-4,0.711513,1.57115,1.5708
-4,0.731414,1.57314,1.5708
-4,0.751315,1.57513,1.5708
-4,0.771216,1.57712,1.5708
-4,0.791116,1.57911,1.5708
-4,0.811017,1.5811,1.5708
-4,0.830918,1.58309,1.5708
-4,0.850819,1.58508,1.5708
-4,0.870719,1.58707,1.5708
-4,0.89062,1.58906,1.5708
-4,0.910521,1.59105,1.5708
-4,0.930422,1.59304,1.5708
-4,0.950322,1.59503,1.5708
-4,0.970223,1.59702,1.5708
-4,0.990124,1.59901,1.5708
-4,1.01002,1.601,1.5708
-4,1.02993,1.60299,1.5708
-4,1.04983,1.60498,1.5708
-4,1.06973,1.60697,1.5708
-4,1.08963,1.60896,1.5708
-4,1.10953,1.61095,1.5708
-4,1.12943,1.61294,1.5708
-4,1.14933,1.61493,1.5708
-4,1.16923,1.61692,1.5708
-4,1.18913,1.61891,1.5708
-4,1.20903,1.6209,1.5708
-4,1.22893,1.62289,1.5708
-4,1.24883,1.62488,1.5708
-4,1.26873,1.62687,1.5708
-4,1.28864,1.62886,1.5708
-4,1.30854,1.63085,1.5708
-4,1.32844,1.63284,1.5708
-4,1.34834,1.63483,1.5708
-4,1.36824,1.63682,1.5708
-4,1.38814,1.63881,1.5708
-4,1.40804,1.6408,1.5708
-4,1.42794,1.64279,1.5708
-4,1.44784,1.64478,1.5708
-4,1.46774,1.64677,1.5708
-4,1.48764,1.64876,1.5708
-4,1.50754,1.65075,1.5708
-4,1.52744,1.65274,1.5708
-4,1.54734,1.65473,1.5708
-4,1.56725,1.65672,1.5708
-4,1.58715,1.65871,1.5708
-4,1.60705,1.6607,1.5708
-4,1.62695,1.66269,1.5708
-4,1.64685,1.66468,1.5708
-4,1.66675,1.66667,1.5708
-4,1.68665,1.66866,1.5708
-4,1.70655,1.67066,1.5708
-4,1.72645,1.67265,1.5708
-4,1.74635,1.67464,1.5708
-4,1.76625,1.67663,1.5708
-4,1.78615,1.67862,1.5708
-4,1.80605,1.68061,1.5708
-4,1.82596,1.6826,1.5708
-4,1.84586,1.68459,1.5708
-4,1.86576,1.68658,1.5708
-4,1.88566,1.68857,1.5708
-4,1.90556,1.69056,1.5708
-4,1.92546,1.69255,1.5708
-4,1.94536,1.69454,1.5708
-4,1.96526,1.69653,1.5708
-4,1.98516,1.69852,1.5708
-4,2.00506,1.70051,1.5708
-4,2.02496,1.7025,1.5708
-4,2.04486,1.70449,1.5708
-4,2.06476,1.70648,1.5708
-4,2.08466,1.70847,1.5708
-4,2.10457,1.71046,1.5708
-4,2.12447,1.71245,1.5708
-4,2.14437,1.71444,1.5708
-4,2.16427,1.71643,1.5708
-4,2.18417,1.71842,1.5708
-4,2.20407,1.72041,1.5708
-4,2.22397,1.7224,1.5708
-4,2.24387,1.72439,1.5708
-4,2.26377,1.72638,1.5708
-4,2.28367,1.72837,1.5708
-4,2.30357,1.73036,1.5708
-4,2.32347,1.73235,1.5708
-4,2.34337,1.73434,1.5708
-4,2.36328,1.73633,1.5708
-4,2.38318,1.73832,1.5708
-4,2.40308,1.74031,1.5708
-4,2.42298,1.7423,1.5708
-4,2.44288,1.74429,1.5708
-4,2.46278,1.74628,1.5708
-4,2.48268,1.74827,1.5708
-4,2.50258,1.75026,1.5708
-4,2.52248,1.75225,1.5708
-4,2.54238,1.75424,1.5708
-4,2.56228,1.75623,1.5708
-4,2.58218,1.75822,1.5708
-4,2.60208,1.76021,1.5708
-4,2.62198,1.7622,1.5708
-4,2.64189,1.76419,1.5708
-4,2.66179,1.76618,1.5708
-4,2.68169,1.76817,1.5708
-4,2.70159,1.77016,1.5708
-4,2.72149,1.77215,1.5708
-4,2.74139,1.77414,1.5708
-4,2.76129,1.77613,1.5708
-4,2.78119,1.77812,1.5708
-4,2.80109,1.78011,1.5708
-4,2.82099,1.7821,1.5708
-4,2.84089,1.78409,1.5708
-4,2.86079,1.78608,1.5708
-4,2.88069,1.78807,1.5708
-4,2.9006,1.79006,1.5708
-4,2.9205,1.79205,1.5708
-4,2.9404,1.79404,1.5708
-4,2.9603,1.79603,1.5708
-4,2.9802,1.79802,1.5708
-4,3.0001,1.80001,1.5708
-4,3.02,1.802,1.5708
-4,3.0399,1.80399,1.5708
-4,3.0598,1.80598,1.5708
-4,3.0797,1.80797,1.5708
-4,3.0996,1.80996,1.5708
-4,3.1195,1.81195,1.5708
-4,3.1394,1.81394,1.5708
-4,3.1593,1.81593,1.5708
-4,3.17921,1.81792,1.5708
-4,3.19911,1.81991,1.5708
-4,3.21901,1.8219,1.5708
-4,3.23891,1.82389,1.5708
-4,3.25881,1.82588,1.5708
-4,3.27871,1.82787,1.5708
-4,3.29861,1.82986,1.5708
-4,3.31851,1.83185,1.5708
-4,3.33841,1.83384,1.5708
-4,3.35831,1.83583,1.5708
-4,3.37821,1.83782,1.5708
-4,3.39811,1.83981,1.5708
-4,3.41801,1.8418,1.5708
-4,3.43792,1.84379,1.5708
-4,3.45782,1.84578,1.5708
-4,3.47772,1.84777,1.5708
-4,3.49762,1.84976,1.5708
-4,3.51752,1.85175,1.5708
-4,3.53742,1.85374,1.5708
-4,3.55732,1.85573,1.5708
-4,3.57722,1.85772,1.5708
-4,3.59712,1.85971,1.5708
-4,3.61702,1.8617,1.5708
-4,3.63692,1.86369,1.5708
-4,3.65682,1.86568,1.5708
-4,3.67672,1.86767,1.5708
-4,3.69663,1.86966,1.5708
-4,3.71653,1.87165,1.5708
-4,3.73643,1.87364,1.5708
-4,3.75633,1.87563,1.5708
-4,3.77623,1.87762,1.5708
-4,3.79613,1.87961,1.5708
-4,3.81603,1.8816,1.5708
-4,3.83593,1.88359,1.5708
-4,3.85583,1.88558,1.5708
-4,3.87573,1.88757,1.5708
-4,3.89563,1.88956,1.5708
-4,3.91553,1.89155,1.5708
-4,3.93543,1.89354,1.5708
-4,3.95533,1.89553,1.5708
-4,3.97524,1.89752,1.5708
-4,3.99514,1.89951,1.5708
-4,4.01504,1.9015,1.5708
-4,4.03494,1.90349,1.5708
-4,4.05484,1.90548,1.5708
-4,4.07474,1.90747,1.5708
-4,4.09464,1.90946,1.5708
-4,4.11454,1.91145,1.5708
-4,4.13444,1.91344,1.5708
-4,4.15434,1.91543,1.5708
-4,4.17424,1.91742,1.5708
-4,4.19414,1.91941,1.5708
-4,4.21404,1.9214,1.5708
-4,4.23395,1.92339,1.5708
-4,4.25385,1.92538,1.5708
-4,4.27375,1.92737,1.5708
-4,4.29365,1.92936,1.5708
-4,4.31355,1.93135,1.5708
-4,4.33345,1.93334,1.5708
-4,4.35335,1.93533,1.5708
-4,4.37325,1.93733,1.5708
-4,4.39315,1.93932,1.5708
-4,4.41305,1.94131,1.5708
-4,4.43295,1.9433,1.5708
-4,4.45285,1.94529,1.5708
-4,4.47275,1.94728,1.5708
-4,4.49265,1.94927,1.5708
-4,4.51256,1.95126,1.5708
-4,4.53246,1.95325,1.5708
-4,4.55236,1.95524,1.5708
-4,4.57226,1.95723,1.5708
-4,4.59216,1.95922,1.5708
-4,4.61206,1.96121,1.5708
-4,4.63196,1.9632,1.5708
