2.69371e-07,0.000122116,0.140651,-0.000106685
1.18347e-07,-1.23509e-07,0.1417,-0.000148005
-9.39743e-08,-0.000122363,0.140652,-0.000189237
-7.14662e-08,-0.000122368,0.141769,-0.000228016
2.89105e-07,-1.40555e-07,0.1417,-0.000269227
7.086e-07,0.000122087,0.140651,-0.000310312
7.91281e-07,0.000122081,0.141769,-0.000348844
4.47814e-07,-1.58311e-07,0.1417,-0.000389648
4.36382e-08,-0.000122398,0.140652,-0.00043036
6.50383e-08,-0.000122404,0.140652,-0.000468654
6.14062e-07,-1.77123e-07,0.1417,-0.000509333
1.2211e-06,0.000122049,0.140652,-0.000549894
1.30194e-06,0.000122043,0.141769,-0.000587937
7.68313e-07,-1.96844e-07,0.1417,-0.000628224
1.74758e-07,-0.000122436,0.140652,-0.000668422
1.95318e-07,-0.000122443,0.141769,-0.000706224
9.30325e-07,-2.17893e-07,0.1417,-0.000746394
9.80152e-07,-2.24878e-07,0.1417,-0.000784045
-4.38334e-07,-0.000263527,0.154504,-0.000802699
-1.43803e-05,-0.00325552,0.298989,-0.000737759
-1.23928e-05,-0.00391919,0.504992,-0.000637484
1.99649e-07,-0.00334497,0.694957,-0.000524635
8.77553e-06,-0.00190243,0.841456,-0.00602364
2.02939e-05,-0.000887722,0.942088,-0.0506137
4.29663e-05,-0.000309906,1.00181,-0.122163
3.37741e-05,-0.000107806,1.03212,-0.204543
-1.95563e-05,-6.3847e-05,1.04464,-0.289708
-5.67835e-05,-5.30739e-05,1.04848,-0.399515
-6.61711e-05,-4.05901e-05,1.04649,-0.526436
-4.93058e-05,-2.75209e-05,1.04202,-0.656218
-2.61217e-05,-1.98007e-05,1.03788,-0.781545
-1.0978e-05,-1.48944e-05,1.03585,-0.921676
-4.76479e-06,-9.96525e-06,1.03363,-1.0716
-2.91029e-06,-4.41508e-06,1.03146,-1.21967
-1.85128e-06,-6.1241e-07,1.03044,-1.36089
-1.12657e-06,5.70709e-07,1.03072,-1.51383
-1.05842e-06,3.0912e-07,1.03032,-1.67283
-1.2369e-06,2.70058e-08,1.0295,-1.82769
-1.09711e-06,5.92507e-08,1.02939,-1.97406
-6.95755e-07,9.49979e-08,1.03032,-2.11769
-2.43213e-07,-2.55802e-08,1.03027,-2.29205
-8.15747e-08,-1.53955e-07,1.02956,-2.44879
-6.60266e-08,-1.5105e-07,1.02935,-2.59622
-4.67785e-08,-6.07705e-08,1.03023,-2.75297
9.3023e-09,1.57976e-08,1.03014,-2.91487
4.77937e-08,2.62449e-08,1.02946,-3.07217
3.73187e-08,9.21436e-09,1.0294,3.0625
8.579e-09,3.80167e-09,1.03033,2.91089
-9.95689e-09,1.29347e-08,1.03023,2.74167
-6.31776e-09,1.66723e-08,1.02951,2.58379
1.46248e-09,9.74859e-09,1.02946,2.43429
2.14575e-09,1.53512e-09,1.03012,2.27493
-1.68936e-09,-9.64379e-10,1.02993,2.11146
-3.3462e-09,1.22768e-09,1.02922,1.95328
-1.82396e-09,2.48109e-09,1.02929,1.80376
-1.79812e-10,1.43887e-09,1.03019,1.65748
5.21865e-11,-5.56773e-10,1.03013,1.48113
-6.37302e-10,-9.79373e-10,1.02942,1.32314
-7.67003e-10,-3.39228e-10,1.02947,1.1732
-2.70918e-10,1.28065e-10,1.03011,1.01322
2.03028e-10,2.99814e-11,1.02989,0.849657
2.01282e-10,-2.40972e-10,1.02917,0.691695
8.45888e-12,-2.6655e-10,1.02822,0.546069
-6.45499e-11,-1.40174e-10,1.02728,0.426877
-3.84048e-11,-1.828e-11,1.0262,0.307655
-3.79766e-12,1.93341e-11,1.02529,0.217782
1.02653e-11,1.73231e-11,1.02461,0.146715
1.16901e-11,6.80615e-12,1.02424,0.0925502
1.00666e-11,1.04703e-13,1.0241,0.0528305
8.99842e-12,-1.78982e-12,1.02409,0.0249389
8.76115e-12,-1.26916e-12,1.02413,0.00636048
8.86862e-12,-3.19631e-13,1.02416,-0.005165
9.00523e-12,2.44681e-13,1.02416,-0.0115586
9.08053e-12,3.7862e-13,1.02412,-0.0143858
9.10349e-12,2.88914e-13,1.02406,-0.0148609
9.10053e-12,1.52873e-13,1.02397,-0.0139096
9.08942e-12,5.10328e-14,1.02387,-0.0121915
9.07817e-12,-4.75079e-15,1.02378,-0.0101629
9.06903e-12,-2.8571e-14,1.02369,-0.0081195
9.06248e-12,-3.618e-14,1.02362,-0.00630756
9.05755e-12,-3.73386e-14,1.02356,-0.004605
9.05444e-12,-3.56201e-14,1.02352,-0.00325728
9.05252e-12,-3.26137e-14,1.02349,-0.00218938
9.05167e-12,-2.8645e-14,1.02347,-0.00137578
9.05166e-12,-2.40006e-14,1.02346,-0.000780127
9.05196e-12,-1.92649e-14,1.02346,-0.000363004
9.05216e-12,-1.47984e-14,1.02346,-8.62284e-05
9.05255e-12,-1.0879e-14,1.02346,8.46781e-05
9.05315e-12,-7.59711e-15,1.02346,0.000178859
9.05367e-12,-4.94458e-15,1.02346,0.00021981
9.05415e-12,-2.92893e-15,1.02346,0.000225819
9.05445e-12,-1.49964e-15,1.02346,0.00021064
9.05483e-12,-4.66241e-16,1.02346,0.000184152
9.05503e-12,1.99912e-16,1.02346,0.00015319
9.05499e-12,5.59471e-16,1.02346,0.00012213
9.05492e-12,6.7036e-16,1.02346,9.36072e-05
9.05505e-12,7.01577e-16,1.02346,6.89578e-05
9.05514e-12,6.29498e-16,1.02346,4.86486e-05
9.05517e-12,6.34084e-16,1.02345,3.25921e-05
9.05532e-12,6.1359e-16,1.02345,2.03847e-05
9.05539e-12,4.86037e-16,1.02345,1.14681e-05
9.05546e-12,3.34382e-16,1.02345,5.2415e-06
-0.000535282,-0.000719375,1.02474,-0.00255507
-0.0587771,-0.0677944,1.03059,-0.0177043
-0.201914,-0.198051,1.0283,-0.00458097
-0.334034,-0.326618,1.02681,-0.00139542
-0.418373,-0.41405,1.02622,0.00137888
-0.460954,-0.462282,1.02507,0.00395361
-0.479784,-0.483363,1.02392,0.00478918
-0.488257,-0.491211,1.02325,0.00465428
-0.492788,-0.494174,1.02302,0.00412423
-0.49564,-0.495854,1.02303,0.00346073
-0.497487,-0.497236,1.02312,0.00278016
-0.498613,-0.498347,1.02323,0.00214652
-0.499249,-0.499112,1.02332,0.0015933
-0.499608,-0.499397,1.05205,0.00202366
-0.501969,-0.495192,1.11309,0.00988565
-0.511556,-0.480587,1.17575,0.0302439
-0.529492,-0.455336,1.2264,0.0652675
-0.553599,-0.42257,1.26198,0.115188
-0.581013,-0.385278,1.28415,0.17843
-0.609391,-0.346136,1.2964,0.252808
-0.637594,-0.306294,1.30187,0.336474
-0.665805,-0.265784,1.30332,0.427287
-0.694151,-0.225246,1.30277,0.523601
-0.720314,-0.18805,1.30165,0.616
-0.751219,-0.144218,1.30018,0.727938
-0.780163,-0.103224,1.29888,0.834187
-0.809319,-0.0621525,1.29782,0.94213
-0.83855,-0.0210967,1.29704,1.0512
-0.86762,0.0197562,1.29651,1.16079
-0.896574,0.0605341,1.29612,1.27091
-0.92422,0.0995314,1.29578,1.37634
-0.954004,0.141342,1.29557,1.49063
-0.982587,0.18175,1.29539,1.60046
-1.01128,0.222228,1.2952,1.70947
-1.04021,0.262938,1.29487,1.81237
-1.06922,0.303551,1.29432,1.90401
-1.09826,0.344104,1.29365,1.98189
-1.1273,0.384653,1.29297,2.0454
-1.15528,0.423756,1.29235,2.0935
-1.18551,0.465957,1.2918,2.13291
-1.2145,0.506436,1.2914,2.16025
-1.2434,0.546807,1.29109,2.17923
-1.27243,0.587369,1.29078,2.19168
-1.30145,0.627941,1.29049,2.19924
-1.3304,0.668435,1.2902,2.20327
-1.35951,0.709173,1.28991,2.20489
-1.38866,0.749956,1.2896,2.20493
-1.41529,0.787237,1.28935,2.20414
-1.44659,0.831035,1.28908,2.20268
-1.47591,0.872069,1.28881,2.20114
-1.50509,0.912904,1.28849,2.19963
-1.53383,0.953143,1.28818,2.19826
-1.56244,0.993176,1.28789,2.19709
-1.59125,1.0335,1.28765,2.19614
-1.61873,1.07196,1.28741,2.19541
-1.64821,1.11319,1.28718,2.19482
-1.67669,1.15299,1.28691,2.19441
-1.70536,1.19302,1.28662,2.19412
-1.73407,1.23311,1.28631,2.19393
-1.76301,1.27349,1.28599,2.19382
-1.79196,1.31389,1.2857,2.19376
-1.82136,1.35492,1.28547,2.19374
-1.85075,1.39593,1.28524,2.19374
-1.87997,1.4367,1.28503,2.19375
-1.90901,1.47722,1.28474,2.19378
-1.93802,1.51772,1.28449,2.1938
-1.96746,1.55881,1.28418,2.19382
-1.99703,1.60007,1.28386,2.19384
-2.02636,1.641,1.28358,2.19386
-2.05542,1.68154,1.28332,2.19388
-2.08458,1.72223,1.28306,2.19389
-2.11265,1.76142,1.2828,2.19389
-2.14261,1.80323,1.28252,2.1939
-2.17123,1.84317,1.28227,2.19391
-2.20026,1.88368,1.28198,2.1939
-2.22965,1.9247,1.28169,2.1939
-2.25897,1.96559,1.28141,2.19388
-2.2883,2.00649,1.28118,2.19386
-2.31757,2.04732,1.28092,2.19383
-2.34679,2.08807,1.28064,2.19379
-2.37581,2.12854,1.2804,2.19375
-2.40498,2.16922,1.28016,2.19371
-2.43401,2.20971,1.27991,2.19366
-2.46271,2.24974,1.27961,2.19361
-2.49142,2.28978,1.2793,2.19356
-2.52026,2.33,1.27903,2.19351
-2.54807,2.36879,1.27878,2.19346
-2.5786,2.41138,1.27852,2.19341
-2.60797,2.45233,1.27822,2.19335
-2.63668,2.49236,1.27792,2.1933
-2.66529,2.53226,1.27765,2.19325
-2.69408,2.57242,1.27735,2.1932
-2.72312,2.61292,1.27706,2.19314
-2.75208,2.65331,1.27679,2.19309
-2.77661,2.68751,1.27655,2.19305
-2.79456,2.71259,1.2762,2.193
-2.80399,2.72583,1.27584,2.19297
-2.80853,2.73234,1.27555,2.19294
-2.81062,2.73543,1.27535,2.19292
-2.81165,2.73703,1.27523,2.1929
-2.81222,2.73794,1.27518,2.19289
-2.81257,2.7385,1.27516,2.19288
-2.81277,2.73882,1.27515,2.19288
-2.8129,2.73903,1.27516,2.19288
-2.81296,2.73913,1.27517,2.19288
-2.813,2.73919,1.27517,2.19287
-2.81302,2.73922,1.27518,2.19288
-2.81303,2.73924,1.27518,2.19288
-2.81303,2.73925,1.27518,2.19288
-2.81304,2.73926,1.27518,2.19288
-2.81304,2.73926,1.27519,2.19288
-2.81304,2.73926,1.27519,2.19288
-2.81304,2.73926,1.27519,2.19288
-2.81304,2.73926,1.27519,2.19288
-2.81304,2.73926,1.27518,2.19288
-2.81304,2.73926,1.27518,2.19288
-2.81304,2.73926,1.27518,2.19288
-2.81304,2.73926,1.27518,2.19288
-2.81304,2.73926,1.27518,2.19288
-2.81304,2.73926,1.27518,2.19288
-2.81304,2.73926,1.27518,2.19288
-2.81305,2.73928,1.27525,2.19292
-2.81445,2.73949,1.27601,2.19684
-2.81992,2.73373,1.27701,2.21191
-2.82695,2.7142,1.27782,2.24104
-2.83399,2.68171,1.27835,2.28643
-2.84065,2.63991,1.27859,2.34668
-2.84706,2.59444,1.27868,2.41967
-2.85409,2.54792,1.2787,2.50326
-2.86179,2.5007,1.27869,2.5959
-2.87,2.45185,1.27859,2.69586
-2.87771,2.40244,1.27847,2.80129
-2.88536,2.35266,1.27838,2.91114
-2.89301,2.30272,1.27824,3.0243
-2.9007,2.25265,1.27814,3.13971
-2.90793,2.20484,1.27808,-3.03151
-2.91565,2.15364,1.27807,-2.90946
-2.92303,2.10519,1.27815,-2.79174
-2.93062,2.05664,1.27815,-2.67382
-2.93818,2.00776,1.27811,-2.55552
-2.94581,1.95803,1.27813,-2.43678
-2.95328,1.90804,1.27818,-2.31807
-2.96052,1.85856,1.27821,-2.20206
-2.9677,1.80999,1.27807,-2.09531
-2.97436,1.76576,1.27777,-2.00887
-2.98245,1.71322,1.27732,-1.92379
-2.98997,1.66377,1.27686,-1.86088
-2.99744,1.61412,1.2765,-1.8121
-3.0049,1.56419,1.2763,-1.77571
-3.0124,1.51413,1.27622,-1.74965
-3.01987,1.46435,1.27619,-1.73188
-3.027,1.41711,1.27615,-1.72084
-3.0347,1.36612,1.27614,-1.7138
-3.04221,1.3165,1.27615,-1.71046
-3.04968,1.26715,1.27613,-1.70937
-3.05719,1.21752,1.27607,-1.70971
-3.06472,1.16782,1.27602,-1.71087
-3.0722,1.11849,1.27597,-1.71241
-3.07972,1.0689,1.27592,-1.71405
-3.08666,1.02307,1.27586,-1.7155
-3.09461,0.970686,1.2758,-1.71701
-3.10197,0.922122,1.27579,-1.71817
-3.10918,0.874564,1.27578,-1.71912
-3.11602,0.829516,1.27578,-1.71985
-3.12308,0.783007,1.27583,-1.72039
-3.13038,0.734844,1.27585,-1.72078
-3.13783,0.685716,1.27585,-1.72104
-3.14529,0.636409,1.27583,-1.72121
-3.15268,0.587624,1.27583,-1.72131
-3.16003,0.539104,1.27581,-1.72135
-3.16753,0.489606,1.27576,-1.72137
-3.1751,0.439601,1.27573,-1.72136
-3.18263,0.389905,1.27572,-1.72134
-3.19007,0.340828,1.27575,-1.72132
-3.19685,0.296085,1.27578,-1.7213
-3.20483,0.243413,1.27576,-1.72127
-3.21238,0.193652,1.27577,-1.72125
-3.21998,0.143491,1.27578,-1.72123
-3.22747,0.0940197,1.27573,-1.72122
-3.23493,0.0447632,1.27567,-1.72121
-3.24237,-0.00431973,1.27563,-1.7212
-3.24989,-0.0539418,1.27565,-1.72119
-3.2573,-0.102808,1.27572,-1.72119
-3.26428,-0.148861,1.27574,-1.72119
-3.27115,-0.194145,1.27571,-1.72119
-3.27822,-0.240713,1.27565,-1.72119
-3.28555,-0.289014,1.27559,-1.72119
-3.29297,-0.338026,1.27556,-1.72119
-3.30046,-0.387494,1.27557,-1.72119
-3.30796,-0.437058,1.27557,-1.72119
-3.31547,-0.486643,1.27553,-1.72119
-3.32298,-0.53619,1.27553,-1.72119
-3.33053,-0.58604,1.27553,-1.72119
-3.33813,-0.636197,1.27551,-1.72119
-3.34569,-0.686095,1.27548,-1.72119
-3.35318,-0.735507,1.27548,-1.72119
-3.36059,-0.784435,1.27551,-1.72119
-3.36797,-0.833101,1.27556,-1.72119
-3.37486,-0.878555,1.27557,-1.72119
-3.38299,-0.932229,1.27557,-1.72119
-3.39045,-0.981419,1.27556,-1.72119
-3.39737,-1.02708,1.27555,-1.72119
-3.40548,-1.08064,1.27555,-1.72119
-3.41263,-1.1278,1.27553,-1.72119
-3.41966,-1.17417,1.2755,-1.72119
-3.42678,-1.22106,1.27547,-1.72119
-3.43382,-1.26749,1.27543,-1.72119
-3.44162,-1.31898,1.27539,-1.72119
-3.44913,-1.36853,1.27536,-1.72119
-3.45661,-1.41795,1.27539,-1.72119
-3.46405,-1.46709,1.27539,-1.72119
-3.4715,-1.51625,1.27535,-1.72119
-3.47891,-1.56515,1.27533,-1.72119
-3.48639,-1.61449,1.27534,-1.72119
-3.49325,-1.65979,1.27536,-1.72119
-3.50134,-1.71318,1.27537,-1.72119
-3.50878,-1.76227,1.27534,-1.72119
-3.51617,-1.81105,1.27532,-1.72119
-3.52365,-1.86039,1.27531,-1.72119
-3.53127,-1.91067,1.27528,-1.72119
-3.53881,-1.96043,1.27523,-1.72119
-3.54625,-2.00957,1.27521,-1.72119
-3.55311,-2.05477,1.27522,-1.72119
-3.56126,-2.10854,1.27522,-1.72119
-3.56878,-2.15822,1.2752,-1.72119
-3.57621,-2.20722,1.27522,-1.72119
-3.58369,-2.25658,1.27521,-1.72119
-3.59123,-2.30636,1.27519,-1.72119
-3.59878,-2.35616,1.27517,-1.72119
-3.60628,-2.40562,1.27515,-1.72119
-3.61332,-2.45211,1.27513,-1.72119
-3.62103,-2.50295,1.27509,-1.72119
-3.62848,-2.55214,1.27506,-1.72119
-3.636,-2.60176,1.27508,-1.72119
-3.64349,-2.65113,1.27512,-1.72119
-3.65095,-2.70043,1.27511,-1.72119
-3.65839,-2.74947,1.27508,-1.72119
-3.66587,-2.79885,1.27506,-1.72119
-3.6734,-2.84857,1.27504,-1.72119
-3.68103,-2.89887,1.27505,-1.72119
-3.68858,-2.94876,1.275,-1.72119
-3.69597,-2.99751,1.27496,-1.72119
-3.70338,-3.04638,1.27497,-1.72119
-3.71063,-3.09422,1.27496,-1.72119
-3.71785,-3.14182,1.27501,-1.72119
-3.72517,-3.1901,1.27502,-1.72119
-3.73196,-3.23486,1.27504,-1.72119
-3.74,-3.28796,1.27501,-1.72119
-3.74758,-3.33801,1.27496,-1.72119
-3.75511,-3.38772,1.2749,-1.72119
-3.76251,-3.43657,1.27488,-1.72119
-3.77001,-3.48606,1.27492,-1.72119
-3.77753,-3.53568,1.27494,-1.72119
-3.78509,-3.58555,1.27493,-1.72119
-3.79257,-3.63494,1.27491,-1.72119
-3.80003,-3.68418,1.27492,-1.72119
-3.80761,-3.73418,1.2749,-1.72119
-3.81509,-3.78355,1.27485,-1.72119
-3.82241,-3.83184,1.27482,-1.72119
-3.82985,-3.88094,1.27484,-1.72119
-3.8374,-3.93071,1.27484,-1.72119
-3.84499,-3.9808,1.27484,-1.72119
-3.85192,-4.02655,1.27482,-1.72119
-3.85995,-4.07958,1.27483,-1.72119
-3.86742,-4.12881,1.27482,-1.72119
-3.87482,-4.17766,1.27477,-1.72119
-3.8821,-4.22571,1.27473,-1.72119
-3.8895,-4.2745,1.27475,-1.72119
-3.89697,-4.32376,1.27475,-1.72119
-3.90457,-4.37394,1.27473,-1.72119
-3.91153,-4.41988,1.27471,-1.72119
-3.91954,-4.47279,1.2747,-1.72119
-3.92692,-4.52144,1.27469,-1.72119
-3.93446,-4.57122,1.27467,-1.72119
-3.94201,-4.62099,1.2747,-1.72119
-3.94951,-4.67053,1.27471,-1.72119
-3.95701,-4.72002,1.27474,-1.72119
-3.96455,-4.76977,1.27476,-1.72119
-3.97208,-4.81944,1.27472,-1.72119
-3.9795,-4.86847,1.27468,-1.72119
-3.98659,-4.91519,1.27459,-1.72119
-3.99206,-4.95125,1.27444,-1.72119
-3.99542,-4.97315,1.2742,-1.72119
-3.99723,-4.98453,1.27393,-1.72119
-3.99815,-4.98995,1.27371,-1.72119
-3.99866,-4.99258,1.27357,-1.72119
-3.99894,-4.99394,1.27349,-1.72119
-3.99913,-4.99481,1.27345,-1.72119
-3.99924,-4.99532,1.27344,-1.7212
-3.99931,-4.99561,1.27343,-1.7212
-3.99934,-4.99578,1.27344,-1.7212
-3.99936,-4.99587,1.27344,-1.7212
-3.99937,-4.99592,1.27345,-1.7212
-3.99938,-4.99595,1.27345,-1.7212
-3.99939,-4.99596,1.27345,-1.7212
-3.99939,-4.99597,1.27345,-1.7212
-3.99939,-4.99597,1.27346,-1.7212
-3.99939,-4.99598,1.27346,-1.7212
-3.99939,-4.99598,1.27346,-1.7212
-3.99939,-4.99598,1.27346,-1.7212
-3.99939,-4.99598,1.27346,-1.7212
-3.99939,-4.99598,1.27346,-1.7212
-3.99939,-4.99598,1.27346,-1.7212
-3.99939,-4.99598,1.27346,-1.7212
-3.99939,-4.99598,1.27346,-1.7212
-3.99939,-4.99598,1.27346,-1.7212
-3.99939,-4.99598,1.27346,-1.7212
-3.99939,-4.99598,1.27346,-1.7212
-3.99939,-4.99598,1.27346,-1.7212
-3.99939,-4.99598,1.27346,-1.7212
-3.99939,-4.99598,1.27346,-1.7212
-3.99939,-4.99598,1.27346,-1.7212
-3.99939,-4.99598,1.27346,-1.7212
-3.99939,-4.99598,1.27346,-1.7212
-3.99939,-4.99598,1.27346,-1.7212
-3.99939,-4.99598,1.27346,-1.7212
-3.99939,-4.99598,1.27346,-1.7212
-3.99939,-4.99598,1.27346,-1.7212
-3.99939,-4.99598,1.27346,-1.7212
-3.99939,-4.99598,1.27346,-1.7212
-3.99939,-4.99598,1.27346,-1.7212
-3.99939,-4.99598,1.27346,-1.7212
-3.99939,-4.99598,1.27346,-1.7212
-3.99939,-4.99598,1.27346,-1.7212
-3.99939,-4.99598,1.27346,-1.7212
-3.99939,-4.99598,1.27346,-1.7212
-3.99939,-4.99598,1.27346,-1.7212
-3.99939,-4.99598,1.27346,-1.7212
-3.99939,-4.99598,1.27346,-1.7212
-3.99939,-4.99598,1.27346,-1.7212
-3.99939,-4.99598,1.27346,-1.7212
-3.99939,-4.99598,1.27346,-1.7212
-3.99939,-4.99598,1.27346,-1.7212
-3.99939,-4.99598,1.27346,-1.7212
-3.99939,-4.99598,1.27346,-1.7212
-3.99939,-4.99598,1.27346,-1.7212
-3.99939,-4.99598,1.27346,-1.7212
-3.99939,-4.99598,1.27346,-1.7212
-3.99939,-4.99598,1.27346,-1.7212
-3.99939,-4.99598,1.27346,-1.7212
-3.99939,-4.99598,1.27346,-1.7212
-3.99939,-4.99598,1.27346,-1.7212
-3.99939,-4.99598,1.27346,-1.7212
-3.99939,-4.99598,1.27346,-1.7212
-3.99939,-4.99598,1.27346,-1.7212
-3.99939,-4.99598,1.27346,-1.7212
-3.99939,-4.99598,1.27346,-1.7212
-3.99939,-4.99598,1.27346,-1.7212
-3.99939,-4.99598,1.27346,-1.7212
-3.99939,-4.99598,1.27346,-1.7212
-3.99939,-4.99598,1.27346,-1.7212
-3.99939,-4.99598,1.27346,-1.7212
-3.99939,-4.99598,1.27346,-1.7212
-3.99939,-4.99598,1.27346,-1.7212
-3.99939,-4.99598,1.27346,-1.7212
-3.99939,-4.99598,1.27346,-1.7212
-3.99939,-4.99598,1.27346,-1.7212
-3.99939,-4.99598,1.27346,-1.7212
-3.99939,-4.99598,1.27346,-1.7212
-3.99939,-4.99598,1.27346,-1.7212
-3.99939,-4.99598,1.27346,-1.7212
-3.99939,-4.99598,1.27346,-1.7212
-3.99939,-4.99598,1.27346,-1.7212
-3.99939,-4.99598,1.27346,-1.7212
-3.99939,-4.99598,1.27346,-1.7212
-3.99939,-4.99598,1.27346,-1.7212
-3.99939,-4.99598,1.27346,-1.7212
-3.99939,-4.99598,1.27346,-1.7212
-3.99939,-4.99598,1.27346,-1.7212
-3.99939,-4.99598,1.27346,-1.7212
-3.99939,-4.99598,1.27346,-1.7212
-3.99939,-4.99598,1.27346,-1.7212
-3.99939,-4.99598,1.27346,-1.7212
-3.99939,-4.99598,1.27346,-1.7212
-3.99939,-4.99598,1.27346,-1.7212
-3.99939,-4.99598,1.27346,-1.7212
-3.99939,-4.99598,1.27346,-1.7212
-3.99939,-4.99598,1.27346,-1.7212
-3.99939,-4.99598,1.27346,-1.7212
-3.99939,-4.99598,1.27346,-1.7212
-3.99939,-4.99598,1.27346,-1.7212
-3.99939,-4.99598,1.27346,-1.7212
-3.99939,-4.99598,1.27346,-1.7212
-3.99939,-4.99598,1.27346,-1.7212
-3.99939,-4.99598,1.27346,-1.7212
-3.99939,-4.99598,1.27346,-1.7212
-3.99939,-4.99598,1.27346,-1.7212
-3.99939,-4.99598,1.27346,-1.7212
-3.99939,-4.99598,1.27346,-1.7212
-3.99939,-4.99598,1.27346,-1.7212
-3.99939,-4.99598,1.27346,-1.7212
-3.99939,-4.99598,1.27346,-1.7212
-3.99939,-4.99598,1.27346,-1.7212
-3.99939,-4.99598,1.27346,-1.7212
-3.99939,-4.99598,1.27346,-1.7212
-3.99939,-4.99598,1.27346,-1.7212
-3.99939,-4.99598,1.27346,-1.7212
-3.99939,-4.99598,1.27346,-1.7212
-3.99939,-4.99598,1.27346,-1.7212
-3.99939,-4.99598,1.27346,-1.7212
-3.99939,-4.99598,1.27346,-1.7212
-3.99939,-4.99598,1.27346,-1.7212
-3.99939,-4.99598,1.27346,-1.7212
-3.99939,-4.99598,1.27346,-1.7212
-3.99939,-4.99598,1.27346,-1.7212
-3.99939,-4.99598,1.27346,-1.7212
-3.99939,-4.99598,1.27346,-1.7212
-3.99939,-4.99598,1.27346,-1.7212
-3.99939,-4.99598,1.27346,-1.7212
-3.99939,-4.99598,1.27346,-1.7212
-3.99939,-4.99598,1.27346,-1.7212
-3.99939,-4.99598,1.27346,-1.7212
-3.99939,-4.99598,1.27346,-1.7212
-3.99939,-4.99598,1.27346,-1.7212
-3.99939,-4.99598,1.27346,-1.7212
-3.99939,-4.99598,1.27346,-1.7212
-3.99939,-4.99598,1.27346,-1.7212
-3.99939,-4.99598,1.27346,-1.7212
-3.99939,-4.99598,1.27346,-1.7212
-3.99939,-4.99598,1.27346,-1.7212
-3.99939,-4.99598,1.27346,-1.7212
-3.99939,-4.99598,1.27346,-1.7212
-3.99939,-4.99598,1.27346,-1.7212
-3.99939,-4.99598,1.27346,-1.7212
-3.99939,-4.99598,1.27346,-1.7212
-3.99939,-4.99598,1.27346,-1.7212
-3.99939,-4.99598,1.27346,-1.7212
-3.99939,-4.99598,1.27346,-1.7212
-3.99939,-4.99598,1.27346,-1.7212
-3.99939,-4.99598,1.27346,-1.7212
-3.99939,-4.99598,1.27346,-1.7212
-3.99939,-4.99598,1.27346,-1.7212
-3.99939,-4.99598,1.27346,-1.7212
-3.99939,-4.99598,1.27346,-1.7212
-3.99939,-4.99598,1.27346,-1.7212
-3.99939,-4.99598,1.27346,-1.7212
-3.9994,-4.99601,1.27372,-1.72178
-3.99976,-4.99371,1.27544,-1.73032
-4.00052,-4.98171,1.27807,-1.75209
-4.00088,-4.9522,1.28208,-1.79822
-4.00021,-4.91425,1.28631,-1.86038
-3.99945,-4.87075,1.29102,-1.94068
-3.99913,-4.82363,1.29589,-2.03615
-3.9992,-4.77502,1.3008,-2.1442
-3.99955,-4.72592,1.30576,-2.26204
-4.00001,-4.67687,1.31076,-2.38741
-4.00058,-4.62961,1.31547,-2.51338
-4.00093,-4.57832,1.3206,-2.65466
-4.00116,-4.52865,1.32543,-2.79378
-4.00103,-4.47942,1.33025,-2.93522
-4.00115,-4.43014,1.33509,-3.07904
-4.00146,-4.38002,1.33996,3.05885
-4.00134,-4.32992,1.34483,2.91268
-4.00105,-4.28055,1.34977,2.76568
-4.00124,-4.23073,1.35476,2.61775
-4.00143,-4.18061,1.3597,2.46949
-4.00123,-4.1312,1.36447,2.3223
-4.00042,-4.08563,1.36893,2.18024
-4.00018,-4.04273,1.37326,2.04924
-4.0009,-3.99833,1.37753,1.93383
-4.00146,-3.95104,1.38182,1.83623
-4.00143,-3.90227,1.38629,1.75679
-4.00114,-3.85298,1.39089,1.69447
-4.00083,-3.80361,1.39567,1.64736
-4.00067,-3.75425,1.40053,1.61315
-4.0006,-3.70473,1.40544,1.58941
-4.00058,-3.65535,1.41041,1.57382
-4.00056,-3.60582,1.41539,1.56434
-4.00054,-3.55597,1.42031,1.55927
-4.00054,-3.50629,1.42528,1.55723
-4.00053,-3.46042,1.42983,1.5571
-4.00053,-3.40699,1.43514,1.55823
-4.00053,-3.35747,1.44005,1.55991
-4.00053,-3.30771,1.44501,1.56181
-4.00053,-3.25812,1.45,1.56368
-4.00053,-3.20836,1.45494,1.56538
-4.00054,-3.15863,1.4598,1.56684
-4.00054,-3.11272,1.46421,1.56798
-4.00054,-3.0673,1.46891,1.56896
-4.00053,-3.02342,1.47349,1.56967
-4.00051,-2.97705,1.47814,1.57018
-4.00051,-2.92876,1.48287,1.57053
-4.00051,-2.88018,1.48763,1.57077
-4.00052,-2.83179,1.49245,1.57091
-4.00053,-2.78287,1.49737,1.57098
-4.00054,-2.73468,1.50216,1.57101
-4.00054,-2.68236,1.50734,1.57101
-4.00055,-2.63284,1.51236,1.57099
-4.00055,-2.5833,1.51735,1.57097
-4.00055,-2.53328,1.52236,1.57094
-4.00055,-2.48314,1.52736,1.57091
-4.00055,-2.43337,1.53237,1.57089
-4.00055,-2.38369,1.53737,1.57086
-4.00055,-2.3341,1.54232,1.57085
-4.00055,-2.28435,1.54727,1.57083
-4.00055,-2.23459,1.55229,1.57082
-4.00055,-2.18881,1.55689,1.57081
-4.00055,-2.13505,1.5621,1.57081
-4.00055,-2.08932,1.56669,1.5708
-4.00054,-2.04568,1.57123,1.5708
-4.00052,-1.99998,1.57583,1.5708
-4.00051,-1.95271,1.58051,1.5708
-4.00051,-1.90452,1.58529,1.5708
-4.00052,-1.8557,1.59013,1.5708
-4.00053,-1.8066,1.595,1.5708
-4.00053,-1.75745,1.59993,1.5708
-4.00054,-1.70788,1.6049,1.5708
-4.00054,-1.65825,1.60991,1.5708
-4.00055,-1.60775,1.61491,1.5708
-4.00055,-1.55788,1.61982,1.5708
-4.00055,-1.51081,1.62456,1.5708
-4.00055,-1.45897,1.62975,1.5708
-4.00055,-1.40853,1.63476,1.5708
-4.00055,-1.35863,1.63973,1.5708
-4.00055,-1.30909,1.64476,1.5708
-4.00055,-1.2595,1.64977,1.5708
-4.00055,-1.20935,1.65477,1.5708
-4.00055,-1.16115,1.65952,1.5708
-4.00055,-1.11121,1.66444,1.5708
-4.00055,-1.06607,1.66907,1.5708
-4.00054,-1.02066,1.67368,1.5708
-4.00052,-0.974054,1.67838,1.5708
-4.00052,-0.925784,1.68321,1.5708
-4.00052,-0.876589,1.68814,1.5708
-4.00053,-0.826925,1.69306,1.5708
-4.00054,-0.781163,1.69765,1.5708
-4.00054,-0.726955,1.70306,1.5708
-4.00055,-0.676631,1.70803,1.5708
-4.00055,-0.626683,1.71298,1.5708
-4.00055,-0.577199,1.71788,1.5708
-4.00055,-0.528476,1.72275,1.5708
-4.00055,-0.479981,1.72766,1.5708
-4.00054,-0.43455,1.73225,1.5708
-4.00054,-0.38007,1.73765,1.5708
-4.00055,-0.329993,1.74259,1.5708
-4.00055,-0.28085,1.74753,1.5708
-4.00055,-0.231567,1.75252,1.5708
-4.00055,-0.181407,1.75747,1.5708
-4.00055,-0.13249,1.76229,1.5708
-4.00055,-0.0856955,1.76699,1.5708
-4.00054,-0.0411462,1.7715,1.5708
-4.00053,0.00796817,1.77652,1.5708
-4.00053,0.0564622,1.78138,1.5708
-4.00053,0.105786,1.78628,1.5708
-4.00053,0.155368,1.79119,1.5708
-4.00054,0.204952,1.7962,1.5708
-4.00054,0.25478,1.80127,1.5708
-4.00055,0.305184,1.80629,1.5708
-4.00055,0.355076,1.8112,1.5708
-4.00055,0.403994,1.81612,1.5708
-4.00055,0.453171,1.82105,1.5708
-4.00055,0.503016,1.82604,1.5708
-4.00055,0.553464,1.83106,1.5708
-4.00055,0.603792,1.83608,1.5708
-4.00055,0.653566,1.84112,1.5708
-4.00055,0.703319,1.84609,1.5708
-4.00055,0.750957,1.85084,1.5708
-4.00055,0.802226,1.85596,1.5708
-4.00055,0.851994,1.86092,1.5708
-4.00055,0.900709,1.86577,1.5708
-4.00055,0.949009,1.8706,1.5708
-4.00054,0.997441,1.87546,1.5708
-4.00054,1.04659,1.88037,1.5708
-4.00054,1.09665,1.88538,1.5708
-4.00054,1.14698,1.89035,1.5708
-4.00055,1.19696,1.89535,1.5708
-4.00055,1.24645,1.90037,1.5708
-4.00055,1.2964,1.90536,1.5708
-4.00055,1.34637,1.91035,1.5708
-4.00055,1.39602,1.91527,1.5708
-4.00055,1.44489,1.92018,1.5708
-4.00055,1.49425,1.92512,1.5708
-4.00055,1.54233,1.92988,1.5708
-4.00055,1.59437,1.93506,1.5708
-4.00055,1.64407,1.94006,1.5708
-4.00055,1.69418,1.94506,1.5708
-4.00055,1.74455,1.95007,1.5708
-4.00055,1.7926,1.95487,1.5708
-4.00055,1.8437,1.9599,1.5708
-4.00055,1.89069,1.96466,1.5708
-4.00054,1.93612,1.96929,1.5708
-4.00053,1.98649,1.97435,1.5708
-4.00053,2.03572,1.97925,1.5708
-4.00054,2.08507,1.98415,1.5708
-4.00054,2.13417,1.9891,1.5708
-4.00054,2.18405,1.99407,1.5708
-4.00055,2.23432,1.99904,1.5708
-4.00055,2.28412,2.00402,1.5708
-4.00055,2.33146,2.00882,1.5708
-4.00055,2.38294,2.01404,1.5708
-4.00055,2.43244,2.01898,1.5708
-4.00055,2.48185,2.02393,1.5708
-4.00055,2.53168,2.02892,1.5708
-4.00055,2.58205,2.03389,1.5708
-4.00055,2.63176,2.03881,1.5708
-4.00055,2.68122,2.0438,1.5708
-4.00055,2.73056,2.04878,1.5708
-4.00055,2.77991,2.05373,1.5708
-4.00055,2.82953,2.05867,1.5708
-4.00055,2.87896,2.06357,1.5708
-4.00055,2.92804,2.06845,1.5708
-4.00055,2.97683,2.07336,1.5708
-4.00054,3.02641,2.07833,1.5708
-4.00054,3.07425,2.08307,1.5708
-4.00055,3.1253,2.08817,1.5708
-4.00055,3.17442,2.09313,1.5708
-4.00055,3.22364,2.09811,1.5708
-4.00055,3.27369,2.1031,1.5708
-4.00055,3.32395,2.10805,1.5708
-4.00055,3.37354,2.11303,1.5708
-4.00055,3.42306,2.11804,1.5708
-4.00055,3.47292,2.12308,1.5708
-4.00055,3.52281,2.12805,1.5708
-4.00055,3.57283,2.13304,1.5708
-4.00055,3.62279,2.13803,1.5708
-4.00055,3.67245,2.143,1.5708
-4.00055,3.72243,2.14795,1.5708
-4.00055,3.77221,2.15289,1.5708
-4.00055,3.81965,2.15766,1.5708
-4.00055,3.87153,2.16286,1.5708
-4.00055,3.92142,2.1678,1.5708
-4.00055,3.97067,2.1727,1.5708
-4.00055,4.01976,2.17763,1.5708
-4.00055,4.06947,2.18258,1.5708
-4.00055,4.11943,2.18754,1.5708
-4.00055,4.16904,2.19248,1.5708
-4.00055,4.21823,2.19746,1.5708
-4.00055,4.26626,2.2023,1.5708
-4.00055,4.31902,2.20753,1.5708
-4.00055,4.3693,2.21257,1.5708
-4.00055,4.41892,2.2176,1.5708
-4.00055,4.46883,2.22259,1.5708
-4.00055,4.51836,2.22751,1.5708
-4.00055,4.56772,2.23247,1.5708
-4.00055,4.61766,2.23749,1.5708
-4.00055,4.66815,2.24245,1.5708
-4.00055,4.71768,2.24739,1.5708
-4.00055,4.76729,2.25239,1.5708
-4.00055,4.81706,2.25731,1.5708
-4.00055,4.8624,2.26136,1.5708
-4.00053,4.89411,2.26417,1.5708
-4.00048,4.91213,2.2658,1.5708
-4.00039,4.92112,2.26661,1.5708
-4.00028,4.92539,2.26692,1.5708
-4.00019,4.92754,2.26697,1.5708
-4.00011,4.92875,2.2669,1.5708
-4.00007,4.92948,2.26679,1.5708
-4.00004,4.92991,2.26669,1.5708
-4.00002,4.93017,2.26661,1.5708
-4.00001,4.93031,2.26656,1.5708
-4.00001,4.93038,2.26652,1.5708
-4.00001,4.93042,2.2665,1.5708
-4,4.93044,2.2665,1.5708
-4,4.93045,2.26649,1.5708
-4,4.93046,2.26649,1.5708
-4,4.93047,2.2665,1.5708
-4,4.93047,2.2665,1.5708
-4,4.93047,2.2665,1.5708
-4,4.93047,2.2665,1.5708
-4,4.93047,2.2665,1.5708
-4,4.93047,2.2665,1.5708
-4,4.93047,2.2665,1.5708
-4,4.93047,2.2665,1.5708
-4,4.93047,2.2665,1.5708
-4,4.93047,2.2665,1.5708
-4,4.93047,2.2665,1.5708
-4,4.93047,2.2665,1.5708
-4,4.93047,2.2665,1.5708
-4,4.93047,2.2665,1.5708
-4,4.93047,2.2665,1.5708
-4,4.93047,2.2665,1.5708
-4,4.93047,2.2665,1.5708
-4,4.93047,2.2665,1.5708
-4,4.93047,2.2665,1.5708
-4,4.93047,2.2665,1.5708
-4,4.93047,2.2665,1.5708
-4,4.93047,2.2665,1.5708
-4,4.93047,2.2665,1.5708
-4,4.93047,2.2665,1.5708
-4,4.93047,2.2665,1.5708
-4,4.93047,2.2665,1.5708
-4,4.93047,2.2665,1.5708
-4,4.93047,2.2665,1.5708
-4,4.93047,2.2665,1.5708
-4,4.93047,2.2665,1.5708
-4,4.93047,2.2665,1.5708
-4,4.93047,2.2665,1.5708
-4,4.93047,2.2665,1.5708
-4,4.93047,2.2665,1.5708
-4,4.93047,2.2665,1.5708
-4,4.93047,2.2665,1.5708
-4,4.93047,2.2665,1.5708
-4,4.93047,2.2665,1.5708
-4,4.93047,2.2665,1.5708
-4,4.93047,2.2665,1.5708
-4,4.93047,2.2665,1.5708
-4,4.93047,2.2665,1.5708
-4,4.93047,2.2665,1.5708
-4,4.93047,2.2665,1.5708
-4,4.93047,2.2665,1.5708
-4,4.93047,2.2665,1.5708
-4,4.93047,2.2665,1.5708
-4,4.93047,2.2665,1.5708
-4,4.93047,2.2665,1.5708
-4,4.93047,2.2665,1.5708
-4,4.93047,2.2665,1.5708
-4,4.93047,2.2665,1.5708
-4,4.93047,2.2665,1.5708
-4,4.93047,2.2665,1.5708
-4,4.93047,2.2665,1.5708
-4,4.93047,2.2665,1.5708
-4,4.93047,2.2665,1.5708
-4,4.93047,2.2665,1.5708
-4,4.93047,2.2665,1.5708
-4,4.93047,2.2665,1.5708
-4,4.93047,2.2665,1.5708
-4,4.93047,2.2665,1.5708
-4,4.93047,2.2665,1.5708
-4,4.93047,2.2665,1.5708
-4,4.93047,2.2665,1.5708
-4,4.93047,2.2665,1.5708
-4,4.93047,2.2665,1.5708
-4,4.93047,2.2665,1.5708
-4,4.93047,2.2665,1.5708
-4,4.93047,2.2665,1.5708
-4,4.93047,2.2665,1.5708
-4,4.93047,2.2665,1.5708
-4,4.93047,2.2665,1.5708
-4,4.93047,2.2665,1.5708
-4,4.93047,2.2665,1.5708
-4,4.93047,2.2665,1.5708
-4,4.93047,2.2665,1.5708
-4,4.93047,2.2665,1.5708
-4,4.93047,2.2665,1.5708
-4,4.93047,2.2665,1.5708
-4,4.93047,2.2665,1.5708
-4,4.93047,2.2665,1.5708
-4,4.93047,2.2665,1.5708
-4,4.93047,2.2665,1.5708
-4,4.93047,2.2665,1.5708
-4,4.93047,2.2665,1.5708
-4,4.93047,2.2665,1.5708
-4,4.93047,2.2665,1.5708
-4,4.93047,2.2665,1.5708
-4,4.93047,2.2665,1.5708
-4,4.93047,2.2665,1.5708
-4,4.93047,2.2665,1.5708
-4,4.93047,2.2665,1.5708
-4,4.93047,2.2665,1.5708
-4,4.93047,2.2665,1.5708
-4,4.93047,2.2665,1.5708
-4,4.93047,2.2665,1.5708
-4,4.93047,2.2665,1.5708
-4,4.93047,2.2665,1.5708
-4,4.93047,2.2665,1.5708
-4,4.93047,2.2665,1.5708
-4,4.93047,2.2665,1.5708
-4,4.93047,2.2665,1.5708
-4,4.93047,2.2665,1.5708
-4,4.93047,2.2665,1.5708
-4,4.93047,2.2665,1.5708
-4,4.93047,2.2665,1.5708
-4,4.93047,2.2665,1.5708
-4,4.93047,2.2665,1.5708
-4,4.93047,2.2665,1.5708
-4,4.93047,2.2665,1.5708
-4,4.93047,2.2665,1.5708
-4,4.93047,2.2665,1.5708
-4,4.93047,2.2665,1.5708
-4,4.93047,2.2665,1.5708
-4,4.93047,2.2665,1.5708
-4,4.93047,2.2665,1.5708
-4,4.93047,2.2665,1.5708
-4,4.93047,2.2665,1.5708
-4,4.93047,2.2665,1.5708
-4,4.93047,2.2665,1.5708
-4,4.93047,2.2665,1.5708
-4,4.93047,2.2665,1.5708
-4,4.93047,2.2665,1.5708
-4,4.93047,2.2665,1.5708
-4,4.93047,2.2665,1.5708
-4,4.93047,2.2665,1.5708
-4,4.93047,2.2665,1.5708
-4,4.93047,2.2665,1.5708
-4,4.93047,2.2665,1.5708
-4,4.93047,2.2665,1.5708
-4,4.93047,2.2665,1.5708
-4,4.93047,2.2665,1.5708
-4,4.93047,2.2665,1.5708
-4,4.93047,2.2665,1.5708
-4,4.93047,2.2665,1.5708
-4,4.93047,2.2665,1.5708
-4,4.93047,2.2665,1.5708
-4,4.93047,2.2665,1.5708
-4,4.93047,2.2665,1.5708
-4,4.93047,2.2665,1.5708
-4,4.93047,2.2665,1.5708
-4,4.93047,2.2665,1.5708
-4,4.93047,2.2665,1.5708
-4,4.93047,2.2665,1.5708
-4,4.93047,2.2665,1.5708
-4,4.93047,2.2665,1.5708
-4,4.93047,2.2665,1.5708
-4,4.93047,2.2665,1.5708
-4,4.93047,2.2665,1.5708
-4,4.93047,2.2665,1.5708
-4,4.93047,2.2665,1.5708
-4,4.93047,2.2665,1.5708
-4,4.93047,2.2665,1.5708
-4,4.93047,2.2665,1.5708
-4,4.93047,2.2665,1.5708
-4,4.93047,2.2665,1.5708
-4,4.93047,2.2665,1.5708
-4,4.93047,2.2665,1.5708
-4,4.93047,2.2665,1.5708
-4,4.93047,2.2665,1.5708
-4,4.93047,2.2665,1.5708
-4,4.93047,2.2665,1.5708
-4,4.93047,2.2665,1.5708
-4,4.93047,2.2665,1.5708
-4,4.93047,2.2665,1.5708
-4,4.93047,2.2665,1.5708
-4,4.93047,2.2665,1.5708
-4,4.93047,2.2665,1.5708
-4,4.93047,2.2665,1.5708
-4,4.93047,2.2665,1.5708
-4,4.93047,2.2665,1.5708
-4,4.93047,2.2665,1.5708
-4,4.93047,2.2665,1.5708
-4,4.93047,2.2665,1.5708
-4,4.93047,2.2665,1.5708
-4,4.93047,2.2665,1.5708
-4,4.93047,2.2665,1.5708
-4,4.93047,2.2665,1.5708
-4,4.93047,2.2665,1.5708
-4,4.93047,2.2665,1.5708
-4,4.93047,2.2665,1.5708
-4,4.93047,2.2665,1.5708
-4,4.93047,2.2665,1.5708
-4,4.93047,2.2665,1.5708
-4,4.93047,2.2665,1.5708
-4,4.93047,2.2665,1.5708
-4,4.93047,2.2665,1.5708
-4,4.93047,2.2665,1.5708
-4,4.93047,2.2665,1.5708
-4,4.93047,2.2665,1.5708
-4,4.93047,2.2665,1.5708
-4,4.93047,2.2665,1.5708
-4,4.93047,2.2665,1.5708
-4,4.93047,2.2665,1.5708
-4,4.93047,2.2665,1.5708
-4,4.93047,2.2665,1.5708
-4,4.93047,2.2665,1.5708
-4,4.93047,2.2665,1.5708
-4,4.93047,2.2665,1.5708
-4,4.93047,2.2665,1.5708
-4,4.93047,2.2665,1.5708
-4,4.93047,2.2665,1.5708
-4,4.93047,2.2665,1.5708
-4,4.93047,2.2665,1.5708
-4,4.93047,2.2665,1.5708
-4,4.93047,2.2665,1.5708
-4,4.93047,2.2665,1.5708
-4,4.93047,2.2665,1.5708
-4,4.93047,2.2665,1.5708
-4,4.93047,2.2665,1.5708
-4,4.93047,2.2665,1.5708
-4,4.93047,2.2665,1.5708
-4,4.93047,2.2665,1.5708
-4,4.93047,2.2665,1.5708
-4,4.93047,2.2665,1.5708
-4,4.93047,2.2665,1.5708
-4,4.93047,2.2665,1.5708
-4,4.93047,2.2665,1.5708
-4,4.93047,2.2665,1.5708
-4,4.93047,2.2665,1.5708
-4,4.93047,2.2665,1.5708
-4,4.93047,2.2665,1.5708
-4,4.93047,2.2665,1.5708
-4,4.93047,2.2665,1.5708
-4,4.93047,2.2665,1.5708
-4,4.93047,2.2665,1.5708
-4,4.93047,2.2665,1.5708
-4,4.93047,2.2665,1.5708
-4,4.93047,2.2665,1.5708
-4,4.93047,2.2665,1.5708
-4,4.93047,2.2665,1.5708
-4,4.93047,2.2665,1.5708
-4,4.93047,2.2665,1.5708
-4,4.93047,2.2665,1.5708
-4,4.93047,2.2665,1.5708
-4,4.93047,2.2665,1.5708
-4,4.93047,2.2665,1.5708
-4,4.93047,2.2665,1.5708
-4,4.93047,2.2665,1.5708
-4,4.93047,2.2665,1.5708
-4,4.93047,2.2665,1.5708
-4,4.93047,2.2665,1.5708
-4,4.93047,2.2665,1.5708
-4,4.93047,2.2665,1.5708
-4,4.93047,2.2665,1.5708
-4,4.93047,2.2665,1.5708
-4,4.93047,2.2665,1.5708
-4,4.93047,2.2665,1.5708
-4,4.93047,2.2665,1.5708
-4,4.93047,2.2665