-2.5,1.5,0.523471,-6.51963e-05
-2.48662,1.51484,0.524487,0.0167016
-2.47325,1.52967,0.525504,0.0334684
-2.45987,1.54451,0.526521,0.0502352
-2.4465,1.55934,0.527537,0.067002
-2.43312,1.57418,0.528554,0.0837688
-2.41975,1.58901,0.52957,0.100536
-2.40637,1.60385,0.530587,0.117302
-2.393,1.61868,0.531604,0.134069
-2.37962,1.63352,0.53262,0.150836
-2.36625,1.64835,0.533637,0.167603
-2.35287,1.66319,0.534653,0.18437
-2.3395,1.67802,0.53567,0.201136
-2.32612,1.69286,0.536687,0.217903
-2.31275,1.70769,0.537703,0.23467
-2.29937,1.72253,0.53872,0.251437
-2.286,1.73736,0.539736,0.268203
-2.27262,1.7522,0.540753,0.28497
-2.25925,1.76703,0.54177,0.301737
-2.24587,1.78187,0.542786,0.318504
-2.2325,1.7967,0.543803,0.335271
-2.21912,1.81154,0.54482,0.352037
-2.20575,1.82637,0.545836,0.368804
-2.19237,1.84121,0.546853,0.385571
-2.179,1.85604,0.547869,0.402338
-2.16562,1.87088,0.548886,0.419105
-2.15225,1.88571,0.549903,0.435871
-2.13887,1.90055,0.550919,0.452638
-2.1255,1.91538,0.551936,0.469405
-2.11212,1.93022,0.552952,0.486172
-2.09875,1.94505,0.553969,0.502939
-2.08537,1.95989,0.554986,0.519705
-2.072,1.97472,0.556002,0.536472
-2.05862,1.98956,0.557019,0.553239
-2.04525,2.00439,0.558035,0.570006
-2.03187,2.01923,0.559052,0.586773
-2.0185,2.03406,0.560069,0.603539
-2.00512,2.0489,0.561085,0.620306
-1.99175,2.06373,0.562102,0.637073
-1.97838,2.07857,0.563118,0.65384
-1.965,2.0934,0.564135,0.670607
-1.95163,2.10824,0.565152,0.687373
-1.93825,2.12307,0.566168,0.70414
-1.92488,2.13791,0.567185,0.720907
-1.9115,2.15274,0.568202,0.737674
-1.89813,2.16758,0.569218,0.75444
-1.88475,2.18241,0.570235,0.771207
-1.87138,2.19725,0.571251,0.787974
-1.858,2.21208,0.572268,0.804741
-1.84463,2.22692,0.573285,0.821508
-1.83125,2.24175,0.574301,0.838274
-1.8473,2.25216,0.580146,0.871548
-1.86334,2.26257,0.58599,0.904821
-1.87939,2.27298,0.591835,0.938094
-1.89543,2.28339,0.597679,0.971367
-1.91148,2.2938,0.603524,1.00464
-1.92753,2.30421,0.609368,1.03791
-1.94357,2.31462,0.615213,1.07119
-1.95962,2.32503,0.621057,1.10446
-1.97566,2.33544,0.626902,1.13773
-1.99171,2.34585,0.632746,1.17101
-2.00776,2.35626,0.638591,1.20428
-2.0238,2.36668,0.644435,1.23755
-2.03985,2.37709,0.65028,1.27082
-2.05589,2.3875,0.656124,1.3041
-2.07194,2.39791,0.661968,1.33737
-2.08799,2.40832,0.667813,1.37064
-2.10403,2.41873,0.673657,1.40392
-2.12008,2.42914,0.679502,1.43719
-2.13612,2.43955,0.685346,1.47046
-2.15217,2.44996,0.691191,1.50374
-2.16822,2.46037,0.697035,1.53701
-2.18426,2.47078,0.70288,1.57028
-2.20031,2.48119,0.708724,1.60356
-2.21635,2.4916,0.714569,1.63683
-2.2324,2.50201,0.720413,1.6701
-2.24845,2.51242,0.726258,1.70338
-2.26449,2.52283,0.732102,1.73665
-2.28054,2.53324,0.737947,1.76992
-2.29658,2.54365,0.743791,1.80319
-2.31263,2.55406,0.749636,1.83647
-2.32867,2.56447,0.75548,1.86974
-2.34472,2.57488,0.761325,1.90301
-2.36077,2.58529,0.767169,1.93629
-2.37681,2.5957,0.773014,1.96956
-2.39286,2.60611,0.778858,2.00283
-2.4089,2.61652,0.784703,2.03611
-2.42495,2.62693,0.790547,2.06938
-2.441,2.63734,0.796392,2.10265
-2.45704,2.64775,0.802236,2.13593
-2.47309,2.65816,0.808081,2.1692
-2.48913,2.66857,0.813925,2.20247
-2.50518,2.67898,0.81977,2.23575
-2.52123,2.68939,0.825614,2.26902
-2.53727,2.6998,0.831459,2.30229
-2.55332,2.71021,0.837303,2.33556
-2.56936,2.72062,0.843148,2.36884
-2.58541,2.73103,0.848992,2.40211
-2.60146,2.74144,0.854837,2.43538
-2.6175,2.75185,0.860681,2.46866
-2.63355,2.76226,0.866525,2.50193
-2.64959,2.77267,0.87237,2.50193
-2.66564,2.78308,0.878214,2.50193
-2.68169,2.79349,0.884059,2.50193
-2.69773,2.8039,0.889903,2.50193
-2.71378,2.81431,0.895748,2.50193
-2.72982,2.82472,0.901592,2.50193
-2.74587,2.83513,0.907437,2.50193
-2.76192,2.84554,0.913281,2.50193
-2.77796,2.85595,0.919126,2.50193
-2.79401,2.86636,0.92497,2.50193
-2.81005,2.87677,0.930815,2.50193
-2.8261,2.88718,0.936659,2.50193
-2.84215,2.89759,0.942504,2.50193
-2.85819,2.908,0.948348,2.50193
-2.87424,2.91841,0.954193,2.50193
-2.89028,2.92882,0.960037,2.50193
-2.90633,2.93923,0.965882,2.50193
-2.92237,2.94964,0.971726,2.50193
-2.93842,2.96005,0.977571,2.50193
-2.95447,2.97046,0.983415,2.50193
-2.97051,2.98087,0.98926,2.50193
-2.98656,2.99128,0.995104,2.50193
-3,3,1,2.50193
-3.00894,3.01789,1,2.49258
-3.01789,3.03578,1,2.48323
-3.02683,3.05367,1,2.47388
-3.03578,3.07155,1,2.46453
-3.04472,3.08944,1,2.45518
-3.05367,3.10733,1,2.44583
-3.06261,3.12522,1,2.43648
-3.07155,3.14311,1,2.42713
-3.0805,3.161,1,2.41778
-3.08944,3.17889,1,2.40843
-3.09839,3.19677,1,2.39908
-3.10733,3.21466,1,2.38973
-3.11628,3.23255,1,2.38038
-3.12522,3.25044,1,2.37103
-3.13416,3.26833,1,2.36168
-3.14311,3.28622,1,2.35233
-3.15205,3.30411,1,2.34298
-3.161,3.32199,1,2.33363
-3.16994,3.33988,1,2.32429
-3.17889,3.35777,1,2.31494
-3.18783,3.37566,1,2.30559
-3.19677,3.39355,1,2.29624
-3.20572,3.41144,1,2.28689
-3.21466,3.42933,1,2.27754
-3.22361,3.44721,1,2.26819
-3.23255,3.4651,1,2.25884
-3.2415,3.48299,1,2.24949
-3.25044,3.50088,1,2.24014
-3.25938,3.51877,1,2.23079
-3.26833,3.53666,1,2.22144
-3.27727,3.55454,1,2.21209
-3.28622,3.57243,1,2.20274
-3.29516,3.59032,1,2.19339
-3.30411,3.60821,1,2.18404
-3.31305,3.6261,1,2.17469
-3.32199,3.64399,1,2.16534
-3.33094,3.66188,1,2.15599
-3.33988,3.67976,1,2.14664
-3.34883,3.69765,1,2.13729
-3.35777,3.71554,1,2.12794
-3.36672,3.73343,1,2.11859
-3.37566,3.75132,1,2.10924
-3.3846,3.76921,1,2.09989
-3.39355,3.7871,1,2.09054
-3.40249,3.80498,1,2.08119
-3.41144,3.82287,1,2.07184
-3.42038,3.84076,1,2.06249
-3.42933,3.85865,1,2.05314
-3.43827,3.87654,1,2.04379
-3.44721,3.89443,1,2.03444
-3.45616,3.91232,1,2.03444
-3.4651,3.9302,1,2.03444
-3.47405,3.94809,1,2.03444
-3.48299,3.96598,1,2.03444
-3.49193,3.98387,1,2.03444
-3.50088,4.00176,1,2.03444
-3.50982,4.01965,1,2.03444
-3.51877,4.03754,1,2.03444
-3.52771,4.05542,1,2.03444
-3.53666,4.07331,1,2.03444
-3.5456,4.0912,1,2.03444
-3.55454,4.10909,1,2.03444
-3.56349,4.12698,1,2.03444
-3.57243,4.14487,1,2.03444
-3.58138,4.16276,1,2.03444
-3.59032,4.18064,1,2.03444
-3.59927,4.19853,1,2.03444
-3.60821,4.21642,1,2.03444
-3.61715,4.23431,1,2.03444
-3.6261,4.2522,1,2.03444
-3.63504,4.27009,1,2.03444
-3.64399,4.28798,1,2.03444
-3.65293,4.30586,1,2.03444
-3.66188,4.32375,1,2.03444
-3.67082,4.34164,1,2.03444
-3.67976,4.35953,1,2.03444
-3.68871,4.37742,1,2.03444
-3.69765,4.39531,1,2.03444
-3.7066,4.41319,1,2.03444
-3.71554,4.43108,1,2.03444
-3.72449,4.44897,1,2.03444
-3.73343,4.46686,1,2.03444
-3.74237,4.48475,1,2.03444
-3.75132,4.50264,1,2.03444
-3.76026,4.52053,1,2.03444
-3.76921,4.53841,1,2.03444
-3.77815,4.5563,1,2.03444
-3.7871,4.57419,1,2.03444
-3.79604,4.59208,1,2.03444
-3.80498,4.60997,1,2.03444
-3.81393,4.62786,1,2.03444
-3.82287,4.64575,1,2.03444
-3.83182,4.66363,1,2.03444
-3.84076,4.68152,1,2.03444
-3.84971,4.69941,1,2.03444
-3.85865,4.7173,1,2.03444
-3.86759,4.73519,1,2.03444
-3.87654,4.75308,1,2.03444
-3.88548,4.77097,1,2.03444
-3.89443,4.78885,1,2.03444
-3.88091,4.77411,1,1.97718
-3.86739,4.75937,1,1.91992
-3.85387,4.74463,1,1.86266
-3.84036,4.72989,1,1.8054
-3.82684,4.71515,1,1.74814
-3.81332,4.70041,1,1.69088
-3.7998,4.68567,1,1.63362
-3.78628,4.67094,1,1.57635
-3.77277,4.6562,1,1.51909
-3.75925,4.64146,1,1.46183
-3.74573,4.62672,1,1.40457
-3.73221,4.61198,1,1.34731
-3.71869,4.59724,1,1.29005
-3.70518,4.5825,1,1.23279
-3.69166,4.56776,1,1.17553
-3.67814,4.55302,1,1.11827
-3.66462,4.53828,1,1.061
-3.6511,4.52354,1,1.00374
-3.63759,4.5088,1,0.946481
-3.62407,4.49406,1,0.88922
-3.61055,4.47932,1,0.831959
-3.59703,4.46458,1,0.774698
-3.58351,4.44984,1,0.717437
-3.57,4.4351,1,0.660176
-3.55648,4.42036,1,0.602914
-3.54296,4.40562,1,0.545653
-3.52944,4.39088,1,0.488392
-3.51592,4.37614,1,0.431131
-3.50241,4.3614,1,0.37387
-3.48889,4.34666,1,0.316608
-3.47537,4.33192,1,0.259347
-3.46185,4.31718,1,0.202086
-3.44834,4.30244,1,0.144825
-3.43482,4.2877,1,0.0875637
-3.4213,4.27296,1,0.0303025
-3.40778,4.25822,1,-0.0269586
-3.39426,4.24348,1,-0.0842198
-3.38075,4.22874,1,-0.141481
-3.36723,4.214,1,-0.198742
-3.35371,4.19926,1,-0.256003
-3.34019,4.18452,1,-0.313265
-3.32667,4.16978,1,-0.370526
-3.31316,4.15504,1,-0.427787
-3.29964,4.1403,1,-0.485048
-3.28612,4.12556,1,-0.542309
-3.2726,4.11082,1,-0.59957
-3.25908,4.09608,1,-0.656832
-3.24557,4.08134,1,-0.714093
-3.23205,4.0666,1,-0.771354
-3.21853,4.05186,1,-0.828615
-3.20501,4.03712,1,-0.828615
-3.19149,4.02238,1,-0.828615
-3.17798,4.00764,1,-0.828615
-3.16446,3.9929,1,-0.828615
-3.15094,3.97816,1,-0.828615
-3.13742,3.96342,1,-0.828615
-3.1239,3.94868,1,-0.828615
-3.11039,3.93394,1,-0.828615
-3.09687,3.9192,1,-0.828615
-3.08335,3.90446,1,-0.828615
-3.06983,3.88972,1,-0.828615
-3.05631,3.87498,1,-0.828615
-3.0428,3.86024,1,-0.828615
-3.02928,3.8455,1,-0.828615
-3.01576,3.83076,1,-0.828615
-3.00224,3.81602,1,-0.828615
-2.98873,3.80128,1,-0.828615
-2.97521,3.78654,1,-0.828615
-2.96169,3.7718,1,-0.828615
-2.94817,3.75706,1,-0.828615
-2.93465,3.74232,1,-0.828615
-2.92114,3.72758,1,-0.828615
-2.90762,3.71284,1,-0.828615
-2.8941,3.6981,1,-0.828615
-2.88058,3.68336,1,-0.828615
-2.86706,3.66862,1,-0.828615
-2.85355,3.65388,1,-0.828615
-2.84003,3.63914,1,-0.828615
-2.82651,3.6244,1,-0.828615
-2.81299,3.60966,1,-0.828615
-2.79947,3.59492,1,-0.828615
-2.78596,3.58018,1,-0.828615
-2.77244,3.56544,1,-0.828615
-2.75892,3.5507,1,-0.828615
-2.7454,3.53596,1,-0.828615
-2.73188,3.52122,1,-0.828615
-2.71837,3.50648,1,-0.828615
-2.70485,3.49174,1,-0.828615
-2.69133,3.477,1,-0.828615
-2.67781,3.46226,1,-0.828615
-2.66429,3.44752,1,-0.828615
-2.65078,3.43278,1,-0.828615
-2.63726,3.41804,1,-0.828615
-2.62374,3.4033,1,-0.828615
-2.61022,3.38856,1,-0.828615
-2.5967,3.37382,1,-0.828615
-2.58319,3.35908,1,-0.828615
-2.56967,3.34434,1,-0.828615
-2.55615,3.3296,1,-0.828615
-2.54263,3.31486,1,-0.828615
-2.52912,3.30012,1,-0.828615
-2.5156,3.28538,1,-0.828615
-2.50208,3.27064,1,-0.828615
-2.48856,3.2559,1,-0.828615
-2.47504,3.24116,1,-0.828615
-2.46153,3.22642,1,-0.828615
-2.44801,3.21168,1,-0.828615
-2.43449,3.19694,1,-0.828615
-2.42097,3.1822,1,-0.828615
-2.40745,3.16746,1,-0.828615
-2.39394,3.15272,1,-0.828615
-2.38042,3.13798,1,-0.828615
-2.3669,3.12324,1,-0.828615
-2.35338,3.1085,1,-0.828615
-2.33986,3.09376,1,-0.828615
-2.32635,3.07902,1,-0.828615
-2.31283,3.06428,1,-0.828615
-2.29931,3.04954,1,-0.828615
-2.28579,3.0348,1,-0.828615
-2.27227,3.02006,1,-0.828615
-2.25876,3.00532,1,-0.828615
-2.24524,2.99058,1,-0.828615
-2.23172,2.97584,1,-0.828615
-2.2182,2.9611,1,-0.828615
-2.20468,2.94636,1,-0.828615
-2.19117,2.93162,1,-0.828615
-2.17765,2.91688,1,-0.828615
-2.16413,2.90214,1,-0.828615
-2.15061,2.8874,1,-0.828615
-2.1371,2.87266,1,-0.828615
-2.12358,2.85792,1,-0.828615
-2.11006,2.84318,1,-0.828615
-2.09654,2.82844,1,-0.828615
-2.08302,2.8137,1,-0.828615
-2.06951,2.79896,1,-0.828615
-2.05599,2.78422,1,-0.828615
-2.04247,2.76949,1,-0.828615
-2.02895,2.75475,1,-0.828615
-2.01543,2.74001,1,-0.828615
-2.00192,2.72527,1,-0.828615
-1.9884,2.71053,1,-0.828615
-1.97488,2.69579,1,-0.828615
-1.96136,2.68105,1,-0.828615
-1.94784,2.66631,1,-0.828615
-1.93433,2.65157,1,-0.828615
-1.92081,2.63683,1,-0.828615
-1.90729,2.62209,1,-0.828615
-1.89377,2.60735,1,-0.828615
-1.88025,2.59261,1,-0.828615
-1.86674,2.57787,1,-0.828615
-1.85322,2.56313,1,-0.828615
-1.8397,2.54839,1,-0.828615
-1.82618,2.53365,1,-0.828615
-1.81266,2.51891,1,-0.828615
-1.79915,2.50417,1,-0.828615
-1.78563,2.48943,1,-0.828615
-1.77211,2.47469,1,-0.828615
-1.75859,2.45995,1,-0.828615
-1.74507,2.44521,1,-0.828615
-1.73156,2.43047,1,-0.828615
-1.71804,2.41573,1,-0.828615
-1.70452,2.40099,1,-0.828615
-1.691,2.38625,1,-0.828615
-1.67749,2.37151,1,-0.828615
-1.66397,2.35677,1,-0.828615
-1.65045,2.34203,1,-0.828615
-1.63693,2.32729,1,-0.828615
-1.62341,2.31255,1,-0.828615
-1.6099,2.29781,1,-0.828615
-1.59638,2.28307,1,-0.828615
-1.58286,2.26833,1,-0.828615
-1.56934,2.25359,1,-0.828615
-1.55582,2.23885,1,-0.828615
-1.54231,2.22411,1,-0.828615
-1.52879,2.20937,1,-0.828615
-1.51527,2.19463,1,-0.828615
-1.50175,2.17989,1,-0.828615
-1.48823,2.16515,1,-0.828615
-1.47472,2.15041,1,-0.828615
-1.4612,2.13567,1,-0.828615
-1.44768,2.12093,1,-0.828615
-1.43416,2.10619,1,-0.828615
-1.42064,2.09145,1,-0.828615
-1.40713,2.07671,1,-0.828615
-1.39361,2.06197,1,-0.828615
-1.38009,2.04723,1,-0.828615
-1.36657,2.03249,1,-0.828615
-1.35305,2.01775,1,-0.828615
-1.33954,2.00301,1,-0.828615
-1.32602,1.98827,1,-0.828615
-1.3125,1.97353,1,-0.828615
-1.29898,1.95879,1,-0.828615
-1.28546,1.94405,1,-0.828615
-1.27195,1.92931,1,-0.828615
-1.25843,1.91457,1,-0.828615
-1.24491,1.89983,1,-0.828615
-1.23139,1.88509,1,-0.828615
-1.21788,1.87035,1,-0.828615
-1.20436,1.85561,1,-0.828615
-1.19084,1.84087,1,-0.828615
-1.17732,1.82613,1,-0.828615
-1.1638,1.81139,1,-0.828615
-1.15029,1.79665,1,-0.828615
-1.13677,1.78191,1,-0.828615
-1.12325,1.76717,1,-0.828615
-1.10973,1.75243,1,-0.828615
-1.09621,1.73769,1,-0.828615
-1.0827,1.72295,1,-0.828615
-1.06918,1.70821,1,-0.828615
-1.05566,1.69347,1,-0.828615
-1.04214,1.67873,1,-0.828615
-1.02862,1.66399,1,-0.828615
-1.01511,1.64925,1,-0.828615
-1.00159,1.63451,1,-0.828615
-0.98807,1.61977,1,-0.828615
-0.974552,1.60503,1,-0.828615
-0.961034,1.59029,1,-0.828615
-0.947516,1.57555,1,-0.828615
-0.933998,1.56081,1,-0.828615
-0.92048,1.54607,1,-0.828615
-0.906962,1.53133,1,-0.828615
-0.893445,1.51659,1,-0.828615
-0.879927,1.50185,1,-0.828615
-0.866409,1.48711,1,-0.828615
-0.852891,1.47237,1,-0.828615
-0.839373,1.45763,1,-0.828615
-0.825855,1.44289,1,-0.828615
-0.812337,1.42815,1,-0.828615
-0.798819,1.41341,1,-0.828615
-0.785301,1.39867,1,-0.828615
-0.771783,1.38393,1,-0.828615
-0.758265,1.36919,1,-0.828615
-0.744747,1.35445,1,-0.828615
-0.731229,1.33971,1,-0.828615
-0.717711,1.32497,1,-0.828615
-0.704193,1.31023,1,-0.828615
-0.690675,1.29549,1,-0.828615
-0.677157,1.28075,1,-0.828615
-0.66364,1.26601,1,-0.828615
-0.650122,1.25127,1,-0.828615
-0.636604,1.23653,1,-0.828615
-0.623086,1.22179,1,-0.828615
-0.609568,1.20705,1,-0.828615
-0.59605,1.19231,1,-0.828615
-0.582532,1.17757,1,-0.828615
-0.569014,1.16283,1,-0.828615
-0.555496,1.14809,1,-0.828615
-0.541978,1.13335,1,-0.828615
-0.52846,1.11861,1,-0.828615
-0.514942,1.10387,1,-0.828615
-0.498385,1.11501,0.998608,-0.800132
-0.481828,1.12614,0.997217,-0.771649
-0.465272,1.13727,0.995825,-0.743166
-0.448715,1.1484,0.994433,-0.714683
-0.432158,1.15954,0.993042,-0.686199
-0.415601,1.17067,0.99165,-0.657716
-0.399044,1.1818,0.990258,-0.629233
-0.382487,1.19293,0.988866,-0.60075
-0.36593,1.20407,0.987475,-0.572267
-0.349373,1.2152,0.986083,-0.543783
-0.332817,1.22633,0.984691,-0.5153
-0.31626,1.23746,0.9833,-0.486817
-0.299703,1.2486,0.981908,-0.458334
-0.283146,1.25973,0.980516,-0.429851
-0.266589,1.27086,0.979125,-0.401368
-0.250032,1.28199,0.977733,-0.372884
-0.233475,1.29313,0.976341,-0.344401
-0.216918,1.30426,0.974949,-0.315918
-0.200362,1.31539,0.973558,-0.287435
-0.183805,1.32652,0.972166,-0.258952
-0.167248,1.33766,0.970774,-0.230469
-0.150691,1.34879,0.969383,-0.201985
-0.134134,1.35992,0.967991,-0.173502
-0.117577,1.37105,0.966599,-0.145019
-0.10102,1.38219,0.965208,-0.116536
-0.0844635,1.39332,0.963816,-0.0880527
-0.0679066,1.40445,0.962424,-0.0595695
-0.0513497,1.41558,0.961032,-0.0310863
-0.0347928,1.42672,0.959641,-0.00260316
-0.018236,1.43785,0.958249,0.02588
-0.0016791,1.44898,0.956857,0.0543632
0.0148778,1.46011,0.955466,0.0828464
0.0314347,1.47125,0.954074,0.11133
0.0479915,1.48238,0.952682,0.139813
0.0645484,1.49351,0.951291,0.168296
0.0811053,1.50464,0.949899,0.196779
0.0976622,1.51578,0.948507,0.225262
0.114219,1.52691,0.947115,0.253745
0.130776,1.53804,0.945724,0.282229
0.147333,1.54917,0.944332,0.310712
0.16389,1.56031,0.94294,0.339195
0.180447,1.57144,0.941549,0.367678
0.197003,1.58257,0.940157,0.396161
0.21356,1.5937,0.938765,0.424644
0.230117,1.60484,0.937374,0.453128
0.246674,1.61597,0.935982,0.481611
0.263231,1.6271,0.93459,0.510094
0.279788,1.63823,0.933198,0.538577
0.296345,1.64937,0.931807,0.56706
0.312902,1.6605,0.930415,0.595543
0.324823,1.64444,0.930561,0.564989
0.336744,1.62838,0.930707,0.534434
0.348666,1.61233,0.930853,0.503879
0.360587,1.59627,0.930999,0.473324
0.372508,1.58021,0.931144,0.442769
0.38443,1.56415,0.93129,0.412214
0.396351,1.54809,0.931436,0.381659
0.408272,1.53204,0.931582,0.351104
0.420194,1.51598,0.931728,0.320549
0.432115,1.49992,0.931874,0.289994
0.444036,1.48386,0.93202,0.25944
0.455958,1.4678,0.932165,0.228885
0.467879,1.45175,0.932311,0.19833
0.4798,1.43569,0.932457,0.167775
0.491722,1.41963,0.932603,0.13722
0.503643,1.40357,0.932749,0.106665
0.515565,1.38751,0.932895,0.0761102
0.527486,1.37146,0.933041,0.0455553
0.539407,1.3554,0.933187,0.0150004
0.551329,1.33934,0.933332,-0.0155545
0.56325,1.32328,0.933478,-0.0461094
0.575171,1.30722,0.933624,-0.0766643
0.587093,1.29117,0.93377,-0.107219
0.599014,1.27511,0.933916,-0.137774
0.610935,1.25905,0.934062,-0.168329
0.622857,1.24299,0.934208,-0.198884
0.634778,1.22693,0.934353,-0.229439
0.646699,1.21088,0.934499,-0.259994
0.658621,1.19482,0.934645,-0.290549
0.670542,1.17876,0.934791,-0.321104
0.682464,1.1627,0.934937,-0.351658
0.694385,1.14664,0.935083,-0.382213
0.706306,1.13059,0.935229,-0.412768
0.718228,1.11453,0.935374,-0.443323
0.730149,1.09847,0.93552,-0.473878
0.74207,1.08241,0.935666,-0.504433
0.753992,1.06635,0.935812,-0.534988
0.765913,1.0503,0.935958,-0.565543
0.777834,1.03424,0.936104,-0.596098
0.789756,1.01818,0.93625,-0.626653
0.801677,1.00212,0.936396,-0.657207
0.813598,0.986063,0.936541,-0.687762
0.82552,0.970005,0.936687,-0.718317
0.837441,0.953947,0.936833,-0.748872
0.849363,0.937889,0.936979,-0.779427
0.861284,0.921831,0.937125,-0.809982
0.873205,0.905773,0.937271,-0.840537
0.885127,0.889715,0.937417,-0.871092
0.897048,0.873657,0.937562,-0.901647
0.908969,0.857599,0.937708,-0.932202
0.920891,0.841541,0.937854,-0.932202
0.932812,0.825483,0.938,-0.932202
0.944733,0.809425,0.938146,-0.932202
0.956655,0.793367,0.938292,-0.932202
0.968576,0.777309,0.938438,-0.932202
0.980497,0.761251,0.938584,-0.932202
0.992419,0.745193,0.938729,-0.932202
1.00434,0.729135,0.938875,-0.932202
1.01626,0.713077,0.939021,-0.932202
1.02818,0.697019,0.939167,-0.932202
1.0401,0.680961,0.939313,-0.932202
1.05203,0.664903,0.939459,-0.932202
1.06395,0.648845,0.939605,-0.932202
1.07587,0.632787,0.93975,-0.932202
1.08779,0.616729,0.939896,-0.932202
1.09971,0.600671,0.940042,-0.932202
1.11163,0.584613,0.940188,-0.932202
1.12355,0.568555,0.940334,-0.932202
1.13548,0.552497,0.94048,-0.932202
1.1474,0.536439,0.940626,-0.932202
1.15932,0.520381,0.940771,-0.932202
1.17124,0.504323,0.940917,-0.932202
1.18316,0.488265,0.941063,-0.932202
1.19508,0.472207,0.941209,-0.932202
1.207,0.456149,0.941355,-0.932202
1.21892,0.440091,0.941501,-0.932202
1.23085,0.424032,0.941647,-0.932202
1.24277,0.407974,0.941793,-0.932202
1.25469,0.391916,0.941938,-0.932202
1.26661,0.375858,0.942084,-0.932202
1.27853,0.3598,0.94223,-0.932202
1.29045,0.343742,0.942376,-0.932202
1.30237,0.327684,0.942522,-0.932202
1.3143,0.311626,0.942668,-0.932202
1.32622,0.295568,0.942814,-0.932202
1.33814,0.27951,0.942959,-0.932202
1.35006,0.263452,0.943105,-0.932202
1.36198,0.247394,0.943251,-0.932202
1.3739,0.231336,0.943397,-0.932202
1.38582,0.215278,0.943543,-0.932202
1.39774,0.19922,0.943689,-0.932202
1.40967,0.183162,0.943835,-0.932202
1.42159,0.167104,0.94398,-0.932202
1.43351,0.151046,0.944126,-0.932202
1.44543,0.134988,0.944272,-0.932202
1.45735,0.11893,0.944418,-0.932202
1.46927,0.102872,0.944564,-0.932202
1.48119,0.0868141,0.94471,-0.932202
1.49312,0.070756,0.944856,-0.932202
1.50504,0.054698,0.945002,-0.932202
1.51696,0.03864,0.945147,-0.932202
1.52888,0.022582,0.945293,-0.932202
1.5408,0.00652396,0.945439,-0.932202
1.55272,-0.00953406,0.945585,-0.932202
1.56464,-0.0255921,0.945731,-0.932202
1.57657,-0.0416501,0.945877,-0.932202
1.58849,-0.0577081,0.946023,-0.932202
1.60041,-0.0737661,0.946168,-0.932202
1.61233,-0.0898242,0.946314,-0.932202
1.62425,-0.105882,0.94646,-0.932202
1.63617,-0.12194,0.946606,-0.932202
1.64809,-0.137998,0.946752,-0.932202
1.66001,-0.154056,0.946898,-0.932202
1.67194,-0.170114,0.947044,-0.932202
1.68386,-0.186172,0.94719,-0.932202
1.69578,-0.20223,0.947335,-0.932202
1.7077,-0.218288,0.947481,-0.932202
1.71962,-0.234346,0.947627,-0.932202
1.73154,-0.250404,0.947773,-0.932202
1.74346,-0.266462,0.947919,-0.932202
1.75539,-0.28252,0.948065,-0.932202
1.76731,-0.298578,0.948211,-0.932202
1.77923,-0.314636,0.948356,-0.932202
1.79115,-0.330694,0.948502,-0.932202
1.80307,-0.346752,0.948648,-0.932202
1.81499,-0.362811,0.948794,-0.932202
1.82691,-0.378869,0.94894,-0.932202
1.83883,-0.394927,0.949086,-0.932202
1.85076,-0.410985,0.949232,-0.932202
1.86268,-0.427043,0.949377,-0.932202
1.8746,-0.443101,0.949523,-0.932202
1.88652,-0.459159,0.949669,-0.932202
1.89844,-0.475217,0.949815,-0.932202
1.91036,-0.491275,0.949961,-0.932202
1.92228,-0.507333,0.950107,-0.932202
1.93421,-0.523391,0.950253,-0.932202
1.94613,-0.539449,0.950399,-0.932202
1.95805,-0.555507,0.950544,-0.932202
1.96997,-0.571565,0.95069,-0.932202
1.98189,-0.587623,0.950836,-0.932202
1.99381,-0.603681,0.950982,-0.932202
2.00573,-0.619739,0.951128,-0.932202
2.01766,-0.635797,0.951274,-0.932202
2.02958,-0.651855,0.95142,-0.932202
2.0415,-0.667913,0.951565,-0.932202
2.05342,-0.683971,0.951711,-0.932202
2.06534,-0.700029,0.951857,-0.932202
2.07726,-0.716087,0.952003,-0.932202
2.08918,-0.732145,0.952149,-0.932202
2.1011,-0.748203,0.952295,-0.932202
2.11303,-0.764261,0.952441,-0.932202
2.12495,-0.780319,0.952587,-0.932202
2.13687,-0.796377,0.952732,-0.932202
2.14879,-0.812435,0.952878,-0.932202
2.16071,-0.828493,0.953024,-0.932202
2.17263,-0.844551,0.95317,-0.932202
2.18455,-0.860609,0.953316,-0.932202
2.19648,-0.876667,0.953462,-0.932202
2.2084,-0.892725,0.953608,-0.932202
2.22032,-0.908783,0.953753,-0.932202
2.23224,-0.924841,0.953899,-0.932202
2.24416,-0.940899,0.954045,-0.932202
2.25608,-0.956957,0.954191,-0.932202
2.268,-0.973015,0.954337,-0.932202
2.27993,-0.989073,0.954483,-0.932202
2.29185,-1.00513,0.954629,-0.932202
2.30377,-1.02119,0.954774,-0.932202
2.31569,-1.03725,0.95492,-0.932202
2.32761,-1.05331,0.955066,-0.932202
2.33953,-1.06936,0.955212,-0.932202
2.35145,-1.08542,0.955358,-0.932202
2.36337,-1.10148,0.955504,-0.932202
2.3753,-1.11754,0.95565,-0.932202
2.38722,-1.1336,0.955796,-0.932202
2.39914,-1.14965,0.955941,-0.932202
2.41106,-1.16571,0.956087,-0.932202
2.42298,-1.18177,0.956233,-0.932202
2.4349,-1.19783,0.956379,-0.932202
2.44682,-1.21389,0.956525,-0.932202
2.45875,-1.22994,0.956671,-0.932202
2.47067,-1.246,0.956817,-0.932202
2.48259,-1.26206,0.956962,-0.932202
2.49451,-1.27812,0.957108,-0.932202
2.50643,-1.29418,0.957254,-0.932202
2.51835,-1.31023,0.9574,-0.932202
2.53027,-1.32629,0.957546,-0.932202
2.54219,-1.34235,0.957692,-0.932202
2.55412,-1.35841,0.957838,-0.932202
2.56604,-1.37447,0.957984,-0.932202
2.57796,-1.39052,0.958129,-0.932202
2.58988,-1.40658,0.958275,-0.932202
2.6018,-1.42264,0.958421,-0.932202
2.61372,-1.4387,0.958567,-0.932202
2.62564,-1.45476,0.958713,-0.932202
2.63757,-1.47081,0.958859,-0.932202
2.64949,-1.48687,0.959005,-0.932202
2.66141,-1.50293,0.95915,-0.932202
2.67333,-1.51899,0.959296,-0.932202
2.68525,-1.53505,0.959442,-0.932202
2.69717,-1.5511,0.959588,-0.932202
2.70909,-1.56716,0.959734,-0.932202
2.72102,-1.58322,0.95988,-0.932202
2.73294,-1.59928,0.960026,-0.932202
2.74486,-1.61534,0.960171,-0.932202
2.75678,-1.63139,0.960317,-0.932202
2.7687,-1.64745,0.960463,-0.932202
2.78062,-1.66351,0.960609,-0.932202
2.79254,-1.67957,0.960755,-0.932202
2.80446,-1.69563,0.960901,-0.932202
2.81639,-1.71168,0.961047,-0.932202
2.82831,-1.72774,0.961193,-0.932202
2.84023,-1.7438,0.961338,-0.932202
2.85215,-1.75986,0.961484,-0.932202
2.86407,-1.77592,0.96163,-0.932202
2.87599,-1.79197,0.961776,-0.932202
2.88791,-1.80803,0.961922,-0.932202
2.89984,-1.82409,0.962068,-0.932202
2.91176,-1.84015,0.962214,-0.932202
2.92368,-1.85621,0.962359,-0.932202
2.9356,-1.87226,0.962505,-0.932202
2.94752,-1.88832,0.962651,-0.932202
2.95944,-1.90438,0.962797,-0.932202
2.97136,-1.92044,0.962943,-0.932202
2.98329,-1.9365,0.963089,-0.932202
2.99521,-1.95255,0.963235,-0.932202
3.00713,-1.96861,0.96338,-0.932202
3.01905,-1.98467,0.963526,-0.932202
3.03097,-2.00073,0.963672,-0.932202
3.04289,-2.01679,0.963818,-0.932202
3.05481,-2.03284,0.963964,-0.932202
3.06673,-2.0489,0.96411,-0.932202
3.07866,-2.06496,0.964256,-0.932202
3.09058,-2.08102,0.964402,-0.932202
3.1025,-2.09708,0.964547,-0.932202
3.11442,-2.11313,0.964693,-0.932202
3.12634,-2.12919,0.964839,-0.932202
3.13826,-2.14525,0.964985,-0.932202
3.15018,-2.16131,0.965131,-0.932202
3.16211,-2.17737,0.965277,-0.932202
3.17403,-2.19342,0.965423,-0.932202
3.18595,-2.20948,0.965568,-0.932202
3.19787,-2.22554,0.965714,-0.932202
3.20979,-2.2416,0.96586,-0.932202
3.22171,-2.25766,0.966006,-0.932202
3.23363,-2.27371,0.966152,-0.932202
3.24555,-2.28977,0.966298,-0.932202
3.25748,-2.30583,0.966444,-0.932202
3.2694,-2.32189,0.96659,-0.932202
3.28132,-2.33795,0.966735,-0.932202
3.29324,-2.35401,0.966881,-0.932202
3.30516,-2.37006,0.967027,-0.932202
3.31708,-2.38612,0.967173,-0.932202
3.329,-2.40218,0.967319,-0.932202
3.34093,-2.41824,0.967465,-0.932202
3.35285,-2.4343,0.967611,-0.932202
3.36477,-2.45035,0.967756,-0.932202
3.37669,-2.46641,0.967902,-0.932202
3.38861,-2.48247,0.968048,-0.932202
3.40053,-2.49853,0.968194,-0.932202
3.41245,-2.51459,0.96834,-0.932202
3.42438,-2.53064,0.968486,-0.932202
3.4363,-2.5467,0.968632,-0.932202
3.44822,-2.56276,0.968777,-0.932202
3.46014,-2.57882,0.968923,-0.932202
3.47206,-2.59488,0.969069,-0.932202
3.48398,-2.61093,0.969215,-0.932202
3.4959,-2.62699,0.969361,-0.932202
3.50782,-2.64305,0.969507,-0.932202
3.51975,-2.65911,0.969653,-0.932202
3.53167,-2.67517,0.969799,-0.932202
3.54359,-2.69122,0.969944,-0.932202
3.55551,-2.70728,0.97009,-0.932202
3.56743,-2.72334,0.970236,-0.932202
3.57935,-2.7394,0.970382,-0.932202
3.59127,-2.75546,0.970528,-0.932202
3.6032,-2.77151,0.970674,-0.932202
3.61512,-2.78757,0.97082,-0.932202
3.62704,-2.80363,0.970965,-0.932202
3.63896,-2.81969,0.971111,-0.932202
3.65088,-2.83575,0.971257,-0.932202
3.6628,-2.8518,0.971403,-0.932202
3.67472,-2.86786,0.971549,-0.932202
3.68665,-2.88392,0.971695,-0.932202
3.69857,-2.89998,0.971841,-0.932202
3.71049,-2.91604,0.971987,-0.932202
3.72241,-2.93209,0.972132,-0.932202
3.73433,-2.94815,0.972278,-0.932202
3.74625,-2.96421,0.972424,-0.932202
3.75817,-2.98027,0.97257,-0.932202
3.77009,-2.99633,0.972716,-0.932202
3.78202,-3.01238,0.972862,-0.932202
3.79394,-3.02844,0.973008,-0.932202
3.80586,-3.0445,0.973153,-0.932202
3.81778,-3.06056,0.973299,-0.932202
3.8297,-3.07662,0.973445,-0.932202
3.84162,-3.09267,0.973591,-0.932202
3.85354,-3.10873,0.973737,-0.932202
3.86547,-3.12479,0.973883,-0.932202
3.87739,-3.14085,0.974029,-0.932202
3.88931,-3.15691,0.974174,-0.932202
3.90123,-3.17296,0.97432,-0.932202
3.91315,-3.18902,0.974466,-0.932202
3.92507,-3.20508,0.974612,-0.932202
3.93699,-3.22114,0.974758,-0.932202
3.94891,-3.2372,0.974904,-0.932202
3.96084,-3.25325,0.97505,-0.932202
3.97276,-3.26931,0.975196,-0.932202
3.98468,-3.28537,0.975341,-0.932202
3.9966,-3.30143,0.975487,-0.932202
4.00852,-3.31749,0.975633,-0.932202
4.02044,-3.33354,0.975779,-0.932202
4.03236,-3.3496,0.975925,-0.932202
4.04429,-3.36566,0.976071,-0.932202
4.05621,-3.38172,0.976217,-0.932202
4.06813,-3.39778,0.976362,-0.932202
4.08005,-3.41383,0.976508,-0.932202
4.09197,-3.42989,0.976654,-0.932202
4.10389,-3.44595,0.9768,-0.932202
4.11581,-3.46201,0.976946,-0.932202
4.12774,-3.47807,0.977092,-0.932202
4.13966,-3.49412,0.977238,-0.932202
4.15158,-3.51018,0.977383,-0.932202
4.1635,-3.52624,0.977529,-0.932202
4.17542,-3.5423,0.977675,-0.932202
4.18734,-3.55836,0.977821,-0.932202
4.19926,-3.57441,0.977967,-0.932202
4.21118,-3.59047,0.978113,-0.932202
4.22311,-3.60653,0.978259,-0.932202
4.23503,-3.62259,0.978405,-0.932202
4.24695,-3.63865,0.97855,-0.932202
4.25887,-3.6547,0.978696,-0.932202
4.27079,-3.67076,0.978842,-0.932202
4.28271,-3.68682,0.978988,-0.932202
4.29463,-3.70288,0.979134,-0.932202
4.30656,-3.71894,0.97928,-0.932202
4.31848,-3.73499,0.979426,-0.932202
4.3304,-3.75105,0.979571,-0.932202
4.34232,-3.76711,0.979717,-0.932202
4.35424,-3.78317,0.979863,-0.932202
4.36616,-3.79923,0.980009,-0.932202
4.37808,-3.81528,0.980155,-0.932202
4.39001,-3.83134,0.980301,-0.932202
4.40193,-3.8474,0.980447,-0.932202
4.41385,-3.86346,0.980593,-0.932202
4.42577,-3.87952,0.980738,-0.932202
4.43769,-3.89557,0.980884,-0.932202
4.44961,-3.91163,0.98103,-0.932202
4.46153,-3.92769,0.981176,-0.932202
4.47345,-3.94375,0.981322,-0.932202
4.48538,-3.95981,0.981468,-0.932202
4.4973,-3.97587,0.981614,-0.932202
4.50922,-3.99192,0.981759,-0.932202
4.52114,-4.00798,0.981905,-0.932202
4.53306,-4.02404,0.982051,-0.932202
4.54498,-4.0401,0.982197,-0.932202
4.5569,-4.05616,0.982343,-0.932202
4.56883,-4.07221,0.982489,-0.932202
4.58075,-4.08827,0.982635,-0.932202
4.59267,-4.10433,0.98278,-0.932202
4.60459,-4.12039,0.982926,-0.932202
4.61651,-4.13645,0.983072,-0.932202
4.62843,-4.1525,0.983218,-0.932202
4.64035,-4.16856,0.983364,-0.932202
4.65227,-4.18462,0.98351,-0.932202
4.6642,-4.20068,0.983656,-0.932202
4.67612,-4.21674,0.983802,-0.932202
4.68804,-4.23279,0.983947,-0.932202
4.69996,-4.24885,0.984093,-0.932202
4.71188,-4.26491,0.984239,-0.932202
4.7238,-4.28097,0.984385,-0.932202
4.73572,-4.29703,0.984531,-0.932202
4.74765,-4.31308,0.984677,-0.932202
4.75957,-4.32914,0.984823,-0.932202
4.77149,-4.3452,0.984968,-0.932202
4.78341,-4.36126,0.985114,-0.932202
4.79533,-4.37732,0.98526,-0.932202
4.80725,-4.39337,0.985406,-0.932202
4.81917,-4.40943,0.985552,-0.932202
4.8311,-4.42549,0.985698,-0.932202
4.84302,-4.44155,0.985844,-0.932202
4.85494,-4.45761,0.98599,-0.932202
4.86686,-4.47366,0.986135,-0.932202
4.87878,-4.48972,0.986281,-0.932202
4.8907,-4.50578,0.986427,-0.932202
4.90262,-4.52184,0.986573,-0.932202
4.91454,-4.5379,0.986719,-0.932202
4.92647,-4.55395,0.986865,-0.932202
4.93839,-4.57001,0.987011,-0.932202
4.95031,-4.58607,0.987156,-0.932202
4.96223,-4.60213,0.987302,-0.932202
4.97415,-4.61819,0.987448,-0.932202
4.98607,-4.63424,0.987594,-0.932202
4.99799,-4.6503,0.98774,-0.932202
5.00992,-4.66636,0.987886,-0.932202
5.02184,-4.68242,0.988032,-0.932202
5.03376,-4.69848,0.988177,-0.932202
5.04568,-4.71453,0.988323,-0.932202
5.0576,-4.73059,0.988469,-0.932202
5.06952,-4.74665,0.988615,-0.932202
5.08144,-4.76271,0.988761,-0.932202
5.09336,-4.77877,0.988907,-0.932202
5.10529,-4.79482,0.989053,-0.932202
5.11721,-4.81088,0.989199,-0.932202
5.12913,-4.82694,0.989344,-0.932202
5.14105,-4.843,0.98949,-0.932202
5.15297,-4.85906,0.989636,-0.932202
5.16489,-4.87511,0.989782,-0.932202
5.17681,-4.89117,0.989928,-0.932202
5.18874,-4.90723,0.990074,-0.932202
5.20066,-4.92329,0.99022,-0.932202
5.21258,-4.93935,0.990365,-0.932202
5.2245,-4.9554,0.990511,-0.932202
5.23642,-4.97146,0.990657,-0.932202
5.24834,-4.98752,0.990803,-0.932202
5.26026,-5.00358,0.990949,-0.932202
5.27219,-5.01964,0.991095,-0.932202
5.28411,-5.03569,0.991241,-0.932202
5.29603,-5.05175,0.991386,-0.932202
5.30795,-5.06781,0.991532,-0.932202
5.31987,-5.08387,0.991678,-0.932202
5.33179,-5.09993,0.991824,-0.932202
5.34371,-5.11598,0.99197,-0.932202
5.35563,-5.13204,0.992116,-0.932202
5.36756,-5.1481,0.992262,-0.932202
5.37948,-5.16416,0.992408,-0.932202
5.3914,-5.18022,0.992553,-0.932202
5.40332,-5.19627,0.992699,-0.932202
5.41524,-5.21233,0.992845,-0.932202
5.42716,-5.22839,0.992991,-0.932202
5.43908,-5.24445,0.993137,-0.932202
5.45101,-5.26051,0.993283,-0.932202
5.46293,-5.27656,0.993429,-0.932202
5.47485,-5.29262,0.993574,-0.932202
5.48677,-5.30868,0.99372,-0.932202
5.49869,-5.32474,0.993866,-0.932202
5.51061,-5.3408,0.994012,-0.932202
5.52253,-5.35685,0.994158,-0.932202
5.53446,-5.37291,0.994304,-0.932202
5.54638,-5.38897,0.99445,-0.932202
5.5583,-5.40503,0.994596,-0.932202
5.57022,-5.42109,0.994741,-0.932202
5.58214,-5.43714,0.994887,-0.932202
5.59406,-5.4532,0.995033,-0.932202
5.60598,-5.46926,0.995179,-0.932202
5.6179,-5.48532,0.995325,-0.932202
5.62983,-5.50138,0.995471,-0.932202
5.64175,-5.51743,0.995617,-0.932202
5.65367,-5.53349,0.995762,-0.932202
5.66559,-5.54955,0.995908,-0.932202
5.67751,-5.56561,0.996054,-0.932202
5.68943,-5.58167,0.9962,-0.932202
5.70135,-5.59773,0.996346,-0.932202
5.71328,-5.61378,0.996492,-0.932202
5.7252,-5.62984,0.996638,-0.932202
5.73712,-5.6459,0.996783,-0.932202
5.74904,-5.66196,0.996929,-0.932202
5.76096,-5.67802,0.997075,-0.932202
5.77288,-5.69407,0.997221,-0.932202
5.7848,-5.71013,0.997367,-0.932202
5.79672,-5.72619,0.997513,-0.932202
5.80865,-5.74225,0.997659,-0.932202
5.82057,-5.75831,0.997805,-0.932202
5.83249,-5.77436,0.99795,-0.932202
5.84441,-5.79042,0.998096,-0.932202
5.85633,-5.80648,0.998242,-0.932202
5.86825,-5.82254,0.998388,-0.932202
5.88017,-5.8386,0.998534,-0.932202
5.8921,-5.85465,0.99868,-0.932202
5.90402,-5.87071,0.998826,-0.932202
5.91594,-5.88677,0.998971,-0.932202
5.92786,-5.90283,0.999117,-0.932202
5.93978,-5.91889,0.999263,-0.932202
5.9517,-5.93494,0.999409,-0.932202
5.96362,-5.951,0.999555,-0.932202
5.97555,-5.96706,0.999701,-0.932202
5.98747,-5.98312,0.999847,-0.932202
5.99939,-5.99918,0.999993,-0.932202
6,-6,1,-0.932202
6.01777,-5.99569,0.99189,-0.904017
6.03553,-5.99139,0.98378,-0.875832
6.0533,-5.98708,0.975669,-0.847647
6.07107,-5.98277,0.967559,-0.819462
6.08884,-5.97846,0.959449,-0.791277
6.1066,-5.97416,0.951339,-0.763092
6.12437,-5.96985,0.943229,-0.734907
6.14214,-5.96554,0.935118,-0.706722
6.1599,-5.96123,0.927008,-0.678537
6.17767,-5.95693,0.918898,-0.650352
6.19544,-5.95262,0.910788,-0.622167
6.21321,-5.94831,0.902678,-0.593982
6.23097,-5.944,0.894567,-0.565797
6.24874,-5.9397,0.886457,-0.537612
6.26651,-5.93539,0.878347,-0.509428
6.28427,-5.93108,0.870237,-0.481243
6.30204,-5.92677,0.862127,-0.453058
6.31981,-5.92247,0.854016,-0.424873
6.33758,-5.91816,0.845906,-0.396688
6.35534,-5.91385,0.837796,-0.368503
6.37311,-5.90954,0.829686,-0.340318
6.39088,-5.90524,0.821575,-0.312133
6.40864,-5.90093,0.813465,-0.283948
6.42641,-5.89662,0.805355,-0.255763
6.44418,-5.89231,0.797245,-0.227578
6.46194,-5.88801,0.789135,-0.199393
6.47971,-5.8837,0.781024,-0.171208
6.49748,-5.87939,0.772914,-0.143023
6.51525,-5.87508,0.764804,-0.114839
6.53301,-5.87078,0.756694,-0.0866536
6.55078,-5.86647,0.748584,-0.0584687
6.56855,-5.86216,0.740473,-0.0302837
6.58631,-5.85785,0.732363,-0.00209882
6.60408,-5.85355,0.724253,0.0260861
6.62185,-5.84924,0.716143,0.054271
6.63962,-5.84493,0.708033,0.082456
6.65738,-5.84062,0.699922,0.110641
6.67515,-5.83632,0.691812,0.138826
6.69292,-5.83201,0.683702,0.167011
6.71068,-5.8277,0.675592,0.195196
6.72845,-5.82339,0.667482,0.223381
6.74622,-5.81909,0.659371,0.251566
6.76399,-5.81478,0.651261,0.27975
6.78175,-5.81047,0.643151,0.307935
6.79952,-5.80616,0.635041,0.33612
6.81729,-5.80186,0.626931,0.364305
6.83505,-5.79755,0.61882,0.39249
6.85282,-5.79324,0.61071,0.420675
6.87059,-5.78893,0.6026,0.44886
6.88836,-5.78463,0.59449,0.477045
6.87006,-5.77716,0.597545,0.522028
6.85176,-5.76969,0.600601,0.567011
6.83346,-5.76222,0.603656,0.611994
6.81516,-5.75474,0.606712,0.656977
6.79686,-5.74727,0.609767,0.70196
6.77856,-5.7398,0.612823,0.746943
6.76026,-5.73233,0.615878,0.791925
6.74196,-5.72486,0.618934,0.836908
6.72366,-5.71739,0.621989,0.881891
6.70536,-5.70992,0.625045,0.926874
6.68707,-5.70245,0.6281,0.971857
6.66877,-5.69498,0.631156,1.01684
6.65047,-5.68751,0.634211,1.06182
6.63217,-5.68004,0.637266,1.10681
6.61387,-5.67257,0.640322,1.15179
6.59557,-5.6651,0.643377,1.19677
6.57727,-5.65763,0.646433,1.24175
6.55897,-5.65016,0.649488,1.28674
6.54067,-5.64269,0.652544,1.33172
6.52237,-5.63522,0.655599,1.3767
6.50407,-5.62775,0.658655,1.42169
6.48578,-5.62028,0.66171,1.46667
6.46748,-5.61281,0.664766,1.51165
6.44918,-5.60534,0.667821,1.55664
6.43088,-5.59787,0.670877,1.60162
6.41258,-5.5904,0.673932,1.6466
6.39428,-5.58292,0.676988,1.69158
6.37598,-5.57545,0.680043,1.73657
6.35768,-5.56798,0.683099,1.78155
6.33938,-5.56051,0.686154,1.82653
6.32108,-5.55304,0.68921,1.87152
6.30278,-5.54557,0.692265,1.9165
6.28449,-5.5381,0.695321,1.96148
6.26619,-5.53063,0.698376,2.00646
6.24789,-5.52316,0.701432,2.05145
6.22959,-5.51569,0.704487,2.09643
6.21129,-5.50822,0.707543,2.14141
6.19299,-5.50075,0.710598,2.1864
6.17469,-5.49328,0.713654,2.23138
6.15639,-5.48581,0.716709,2.27636
6.13809,-5.47834,0.719764,2.32134
6.11979,-5.47087,0.72282,2.36633
6.10149,-5.4634,0.725875,2.41131
6.0832,-5.45593,0.728931,2.45629
6.0649,-5.44846,0.731986,2.50128
6.0466,-5.44099,0.735042,2.54626
6.0283,-5.43352,0.738097,2.59124
6.01,-5.42605,0.741153,2.63623
5.9917,-5.41857,0.744208,2.68121
5.9734,-5.4111,0.747264,2.72619
5.98293,-5.39489,0.754065,2.69315
5.99246,-5.37868,0.760867,2.66011
6.00199,-5.36246,0.767669,2.62707
6.01152,-5.34625,0.77447,2.59402
6.02105,-5.33003,0.781272,2.56098
6.03058,-5.31382,0.788074,2.52794
6.04011,-5.2976,0.794875,2.4949
6.04964,-5.28139,0.801677,2.46186
6.05917,-5.26517,0.808479,2.42882
6.06871,-5.24896,0.81528,2.39577
6.07824,-5.23275,0.822082,2.36273
6.08777,-5.21653,0.828884,2.32969
6.0973,-5.20032,0.835685,2.29665
6.10683,-5.1841,0.842487,2.26361
6.11636,-5.16789,0.849289,2.23057
6.12589,-5.15167,0.85609,2.19752
6.13542,-5.13546,0.862892,2.16448
6.14495,-5.11924,0.869694,2.13144
6.15448,-5.10303,0.876495,2.0984
6.16401,-5.08682,0.883297,2.06536
6.17354,-5.0706,0.890099,2.03231
6.18307,-5.05439,0.8969,1.99927
6.1926,-5.03817,0.903702,1.96623
6.20213,-5.02196,0.910504,1.93319
6.21166,-5.00574,0.917305,1.90015
6.22119,-4.98953,0.924107,1.86711
6.23072,-4.97331,0.930909,1.83406
6.24025,-4.9571,0.93771,1.80102
6.24978,-4.94088,0.944512,1.76798
6.25931,-4.92467,0.951314,1.73494
6.26884,-4.90846,0.958115,1.7019
6.27837,-4.89224,0.964917,1.66886
6.2879,-4.87603,0.971719,1.63581
6.29743,-4.85981,0.97852,1.60277
6.30696,-4.8436,0.985322,1.56973
6.3165,-4.82738,0.992124,1.53669
6.32603,-4.81117,0.998925,1.50365
6.33556,-4.79495,1.00573,1.47061
6.34509,-4.77874,1.01253,1.43756
6.35462,-4.76253,1.01933,1.40452
6.36415,-4.74631,1.02613,1.37148
6.37368,-4.7301,1.03293,1.33844
6.38321,-4.71388,1.03974,1.3054
6.39274,-4.69767,1.04654,1.27235
6.40227,-4.68145,1.05334,1.23931
6.4118,-4.66524,1.06014,1.20627
6.42133,-4.64902,1.06694,1.17323
6.43086,-4.63281,1.07374,1.14019
6.44039,-4.6166,1.08055,1.10715
6.44992,-4.60038,1.08735,1.0741
6.44591,-4.61677,1.07661,1.01717
6.4419,-4.63316,1.06587,0.960228
6.43788,-4.64954,1.05513,0.90329
6.43387,-4.66593,1.04439,0.846351
6.42986,-4.68232,1.03365,0.789413
6.42584,-4.69871,1.02291,0.732475
6.42183,-4.7151,1.01217,0.675537
6.41782,-4.73148,1.00143,0.618598
6.41381,-4.74787,0.990694,0.56166
6.40979,-4.76426,0.979955,0.504722
6.40578,-4.78065,0.969215,0.447783
6.40177,-4.79704,0.958476,0.390845
6.39775,-4.81342,0.947737,0.333907
6.39374,-4.82981,0.936998,0.276969
6.38973,-4.8462,0.926259,0.22003
6.38572,-4.86259,0.915519,0.163092
6.3817,-4.87898,0.90478,0.106154
6.37769,-4.89536,0.894041,0.0492153
6.37368,-4.91175,0.883302,-0.00772295
6.36966,-4.92814,0.872563,-0.0646612
6.36565,-4.94453,0.861823,-0.1216
6.36164,-4.96092,0.851084,-0.178538
6.35763,-4.9773,0.840345,-0.235476
6.35361,-4.99369,0.829606,-0.292414
6.3496,-5.01008,0.818866,-0.349353
6.34559,-5.02647,0.808127,-0.406291
6.34157,-5.04286,0.797388,-0.463229
6.33756,-5.05924,0.786649,-0.520168
6.33355,-5.07563,0.77591,-0.577106
6.32954,-5.09202,0.76517,-0.634044
6.32552,-5.10841,0.754431,-0.690982
6.32151,-5.1248,0.743692,-0.747921
6.3175,-5.14118,0.732953,-0.804859
6.31348,-5.15757,0.722213,-0.861797
6.30947,-5.17396,0.711474,-0.918736
6.30546,-5.19035,0.700735,-0.975674
6.30145,-5.20674,0.689996,-1.03261
6.29743,-5.22312,0.679257,-1.08955
6.29342,-5.23951,0.668517,-1.14649
6.28941,-5.2559,0.657778,-1.20343
6.28539,-5.27229,0.647039,-1.26037
6.28138,-5.28868,0.6363,-1.3173
6.27737,-5.30506,0.625561,-1.37424
6.27336,-5.32145,0.614821,-1.43118
6.26934,-5.33784,0.604082,-1.48812
6.26533,-5.35423,0.593343,-1.54506
6.26132,-5.37062,0.582604,-1.602
6.2573,-5.387,0.571864,-1.65893
6.25329,-5.40339,0.561125,-1.71587
6.24928,-5.41978,0.550386,-1.77281
6.24115,-5.42901,0.566154,-1.77715
6.23301,-5.43824,0.581923,-1.78148
6.22488,-5.44748,0.597691,-1.78582
6.21675,-5.45671,0.613459,-1.79015
6.20862,-5.46594,0.629227,-1.79448
6.20048,-5.47517,0.644996,-1.79882
6.19235,-5.4844,0.660764,-1.80315
6.18422,-5.49363,0.676532,-1.80749
6.17608,-5.50286,0.692301,-1.81182
6.16795,-5.5121,0.708069,-1.81616
6.15982,-5.52133,0.723837,-1.82049
6.15169,-5.53056,0.739605,-1.82483
6.14355,-5.53979,0.755374,-1.82916
6.13542,-5.54902,0.771142,-1.8335
6.12729,-5.55825,0.78691,-1.83783
6.11916,-5.56749,0.802679,-1.84217
6.11102,-5.57672,0.818447,-1.8465
6.10289,-5.58595,0.834215,-1.85084
6.09476,-5.59518,0.849983,-1.85517
6.08663,-5.60441,0.865752,-1.85951
6.07849,-5.61364,0.88152,-1.86384
6.07036,-5.62288,0.897288,-1.86818
6.06223,-5.63211,0.913057,-1.87251
6.0541,-5.64134,0.928825,-1.87685
6.04596,-5.65057,0.944593,-1.88118
6.03783,-5.6598,0.960361,-1.88552
6.0297,-5.66903,0.97613,-1.88985
6.02157,-5.67826,0.991898,-1.89419
6.01343,-5.6875,1.00767,-1.89852
6.0053,-5.69673,1.02343,-1.90286
5.99717,-5.70596,1.0392,-1.90719
5.98903,-5.71519,1.05497,-1.91153
5.9809,-5.72442,1.07074,-1.91586
5.97277,-5.73365,1.08651,-1.9202
5.96464,-5.74289,1.10228,-1.92453
5.9565,-5.75212,1.11804,-1.92887
5.94837,-5.76135,1.13381,-1.9332
5.94024,-5.77058,1.14958,-1.93754
5.93211,-5.77981,1.16535,-1.94187
5.92397,-5.78904,1.18112,-1.94621
5.91584,-5.79827,1.19689,-1.95054
5.90771,-5.80751,1.21265,-1.95488
5.89958,-5.81674,1.22842,-1.95921
5.89144,-5.82597,1.24419,-1.96355
5.88331,-5.8352,1.25996,-1.96788
5.87518,-5.84443,1.27573,-1.97222
5.86705,-5.85366,1.2915,-1.97655
5.85891,-5.8629,1.30726,-1.98089
5.85078,-5.87213,1.32303,-1.98522
5.84265,-5.88136,1.3388,-1.98956
5.83731,-5.89928,1.33169,-1.98645
5.83198,-5.91719,1.32458,-1.98334
5.82664,-5.93511,1.31748,-1.98023
5.82131,-5.95303,1.31037,-1.97712
5.81597,-5.97094,1.30326,-1.97401
5.81064,-5.98886,1.29615,-1.9709
5.8053,-6.00678,1.28904,-1.96778
5.79997,-6.02469,1.28193,-1.96467
5.79463,-6.04261,1.27483,-1.96156
5.7893,-6.06053,1.26772,-1.95845
5.78396,-6.07844,1.26061,-1.95534
5.77863,-6.09636,1.2535,-1.95223
5.77329,-6.11428,1.24639,-1.94912
5.76795,-6.13219,1.23928,-1.94601
5.76262,-6.15011,1.23218,-1.9429
5.75728,-6.16803,1.22507,-1.93979
5.75195,-6.18594,1.21796,-1.93668
5.74661,-6.20386,1.21085,-1.93357
5.74128,-6.22178,1.20374,-1.93046
5.73594,-6.23969,1.19663,-1.92734
5.73061,-6.25761,1.18953,-1.92423
5.72527,-6.27553,1.18242,-1.92112
5.71994,-6.29344,1.17531,-1.91801
5.7146,-6.31136,1.1682,-1.9149
5.70927,-6.32928,1.16109,-1.91179
5.70393,-6.34719,1.15398,-1.90868
5.6986,-6.36511,1.14688,-1.90557
5.69326,-6.38303,1.13977,-1.90246
5.68793,-6.40094,1.13266,-1.89935
5.68259,-6.41886,1.12555,-1.89624
5.67726,-6.43678,1.11844,-1.89313
5.67192,-6.45469,1.11134,-1.89002
5.66659,-6.47261,1.10423,-1.88691
5.66125,-6.49053,1.09712,-1.88379
5.65592,-6.50844,1.09001,-1.88068
5.65058,-6.52636,1.0829,-1.87757
5.64525,-6.54428,1.07579,-1.87446
5.63991,-6.56219,1.06869,-1.87135
5.63458,-6.58011,1.06158,-1.86824
5.62924,-6.59803,1.05447,-1.86513
5.6239,-6.61594,1.04736,-1.86202
5.61857,-6.63386,1.04025,-1.85891
5.61323,-6.65178,1.03314,-1.8558
5.6079,-6.66969,1.02604,-1.85269
5.60256,-6.68761,1.01893,-1.84958
5.59723,-6.70553,1.01182,-1.84647
5.59189,-6.72344,1.00471,-1.84336
5.58755,-6.73802,0.99893,-1.84083
5.58094,-6.71915,0.998483,-1.89152
5.57433,-6.70027,0.998036,-1.94221
5.56772,-6.6814,0.997589,-1.9929
5.56111,-6.66253,0.997143,-2.0436
5.55449,-6.64366,0.996696,-2.09429
5.54788,-6.62479,0.996249,-2.14498
5.54127,-6.60592,0.995802,-2.19567
5.53466,-6.58705,0.995355,-2.24636
5.52805,-6.56818,0.994909,-2.29706
5.52143,-6.54931,0.994462,-2.34775
5.51482,-6.53044,0.994015,-2.39844
5.50821,-6.51157,0.993568,-2.44913
5.5016,-6.4927,0.993121,-2.49983
5.49499,-6.47383,0.992674,-2.55052
5.48837,-6.45496,0.992228,-2.60121
5.48176,-6.43609,0.991781,-2.6519
5.47515,-6.41722,0.991334,-2.7026
5.46854,-6.39835,0.990887,-2.75329
5.46193,-6.37948,0.99044,-2.80398
5.45531,-6.36061,0.989994,-2.85467
5.4487,-6.34174,0.989547,-2.90537
5.44209,-6.32287,0.9891,-2.95606
5.43548,-6.304,0.988653,-3.00675
5.42887,-6.28513,0.988206,-3.05744
5.42225,-6.26626,0.987759,-3.10814
5.41564,-6.24739,0.987313,3.12436
5.40903,-6.22852,0.986866,3.07366
5.40242,-6.20965,0.986419,3.02297
5.39581,-6.19078,0.985972,2.97228
5.38919,-6.17191,0.985525,2.92159
5.38258,-6.15304,0.985079,2.87089
5.37597,-6.13417,0.984632,2.8202
5.36936,-6.1153,0.984185,2.76951
5.36275,-6.09643,0.983738,2.71882
5.35613,-6.07756,0.983291,2.66812
5.34952,-6.05869,0.982844,2.61743
5.34291,-6.03982,0.982398,2.56674
5.3363,-6.02095,0.981951,2.51605
5.32969,-6.00208,0.981504,2.46535
5.32307,-5.98321,0.981057,2.41466
5.31646,-5.96434,0.98061,2.36397
5.30985,-5.94547,0.980164,2.31328
5.30324,-5.9266,0.979717,2.26258
5.29663,-5.90773,0.97927,2.21189
5.29001,-5.88886,0.978823,2.1612
5.2834,-5.86999,0.978376,2.11051
5.27679,-5.85112,0.977929,2.05981
5.27018,-5.83225,0.977483,2.00912
5.26357,-5.81338,0.977036,1.95843
5.25695,-5.79451,0.976589,1.90774
5.25053,-5.7756,0.977677,1.90754
5.2441,-5.75669,0.978764,1.90735
5.23767,-5.73779,0.979852,1.90715
5.23125,-5.71888,0.980939,1.90695
5.22482,-5.69997,0.982027,1.90676
5.21839,-5.68106,0.983114,1.90656
5.21196,-5.66215,0.984202,1.90637
5.20554,-5.64325,0.985289,1.90617
5.19911,-5.62434,0.986377,1.90598
5.19268,-5.60543,0.987464,1.90578
5.18626,-5.58652,0.988552,1.90558
5.17983,-5.56761,0.989639,1.90539
5.1734,-5.54871,0.990727,1.90519
5.16698,-5.5298,0.991814,1.905
5.16055,-5.51089,0.992902,1.9048
5.15412,-5.49198,0.99399,1.90461
5.14769,-5.47307,0.995077,1.90441
5.14127,-5.45417,0.996165,1.90421
5.13484,-5.43526,0.997252,1.90402
5.12841,-5.41635,0.99834,1.90382
5.12199,-5.39744,0.999427,1.90363
5.11556,-5.37853,1.00051,1.90343
5.10913,-5.35963,1.0016,1.90324
5.10271,-5.34072,1.00269,1.90304
5.09628,-5.32181,1.00378,1.90284
5.08985,-5.3029,1.00486,1.90265
5.08342,-5.28399,1.00595,1.90245
5.077,-5.26509,1.00704,1.90226
5.07057,-5.24618,1.00813,1.90206
5.06414,-5.22727,1.00921,1.90187
5.05772,-5.20836,1.0103,1.90167
5.05129,-5.18945,1.01139,1.90147
5.04486,-5.17055,1.01248,1.90128
5.03844,-5.15164,1.01357,1.90108
5.03201,-5.13273,1.01465,1.90089
5.02558,-5.11382,1.01574,1.90069
5.01915,-5.09491,1.01683,1.9005
5.01273,-5.07601,1.01792,1.9003
5.0063,-5.0571,1.019,1.9001
4.99987,-5.03819,1.02009,1.89991
4.99345,-5.01928,1.02118,1.89971
4.98702,-5.00037,1.02227,1.89952
4.98059,-4.98147,1.02335,1.89932
4.97417,-4.96256,1.02444,1.89913
4.96774,-4.94365,1.02553,1.89893
4.96131,-4.92474,1.02662,1.89873
4.95488,-4.90584,1.0277,1.89854
4.94846,-4.88693,1.02879,1.89834
4.94203,-4.86802,1.02988,1.89815
4.9356,-4.84911,1.03097,1.89795
4.93933,-4.82967,1.03379,1.88766
4.94306,-4.81022,1.03662,1.87736
4.94679,-4.79078,1.03945,1.86707
4.95052,-4.77133,1.04228,1.85678
4.95424,-4.75189,1.04511,1.84649
4.95797,-4.73244,1.04794,1.83619
4.9617,-4.713,1.05077,1.8259
4.96543,-4.69355,1.05359,1.81561
4.96916,-4.67411,1.05642,1.80531
4.97288,-4.65466,1.05925,1.79502
4.97661,-4.63522,1.06208,1.78473
4.98034,-4.61577,1.06491,1.77443
4.98407,-4.59633,1.06774,1.76414
4.9878,-4.57688,1.07056,1.75385
4.99153,-4.55744,1.07339,1.74355
4.99525,-4.53799,1.07622,1.73326
4.99898,-4.51855,1.07905,1.72297
5.00271,-4.4991,1.08188,1.71267
5.00644,-4.47966,1.08471,1.70238
5.01017,-4.46021,1.08754,1.69209
5.01389,-4.44077,1.09036,1.68179
5.01762,-4.42133,1.09319,1.6715
5.02135,-4.40188,1.09602,1.66121
5.02508,-4.38244,1.09885,1.65092
5.02881,-4.36299,1.10168,1.64062
5.03253,-4.34355,1.10451,1.63033
5.03626,-4.3241,1.10734,1.62004
5.03999,-4.30466,1.11016,1.60974
5.04372,-4.28521,1.11299,1.59945
5.04745,-4.26577,1.11582,1.58916
5.05117,-4.24632,1.11865,1.57886
5.0549,-4.22688,1.12148,1.56857
5.05863,-4.20743,1.12431,1.55828
5.06236,-4.18799,1.12713,1.54798
5.06609,-4.16854,1.12996,1.53769
5.06982,-4.1491,1.13279,1.5274
5.07354,-4.12965,1.13562,1.5171
5.07727,-4.11021,1.13845,1.50681
5.081,-4.09076,1.14128,1.49652
5.08473,-4.07132,1.14411,1.48623
5.08846,-4.05187,1.14693,1.47593
5.09218,-4.03243,1.14976,1.46564
5.09591,-4.01298,1.15259,1.45535
5.09964,-3.99354,1.15542,1.44505
5.10337,-3.97409,1.15825,1.43476
5.1071,-3.95465,1.16108,1.42447
5.11082,-3.93521,1.1639,1.41417
5.11455,-3.91576,1.16673,1.40388
5.11828,-3.89632,1.16956,1.39359
5.12201,-3.87687,1.17239,1.38329
5.14183,-3.87646,1.17502,1.3583
5.16165,-3.87605,1.17766,1.33331
5.18147,-3.87565,1.18029,1.30831
5.2013,-3.87524,1.18292,1.28332
5.22112,-3.87483,1.18556,1.25833
5.24094,-3.87442,1.18819,1.23334
5.26076,-3.87401,1.19083,1.20834
5.28058,-3.8736,1.19346,1.18335
5.3004,-3.8732,1.19609,1.15836
5.32023,-3.87279,1.19873,1.13336
5.34005,-3.87238,1.20136,1.10837
5.35987,-3.87197,1.20399,1.08338
5.37969,-3.87156,1.20663,1.05839
5.39951,-3.87115,1.20926,1.03339
5.41933,-3.87075,1.21189,1.0084
5.43916,-3.87034,1.21453,0.983408
5.45898,-3.86993,1.21716,0.958415
5.4788,-3.86952,1.2198,0.933422
5.49862,-3.86911,1.22243,0.908429
5.51844,-3.8687,1.22506,0.883436
5.53826,-3.8683,1.2277,0.858443
5.55809,-3.86789,1.23033,0.833451
5.57791,-3.86748,1.23296,0.808458
5.59773,-3.86707,1.2356,0.783465
5.61755,-3.86666,1.23823,0.758472
5.63737,-3.86625,1.24086,0.733479
5.65719,-3.86585,1.2435,0.708486
5.67702,-3.86544,1.24613,0.683493
5.69684,-3.86503,1.24876,0.6585
5.71666,-3.86462,1.2514,0.633508
5.73648,-3.86421,1.25403,0.608515
5.7563,-3.8638,1.25667,0.583522
5.77612,-3.8634,1.2593,0.558529
5.79595,-3.86299,1.26193,0.533536
5.81577,-3.86258,1.26457,0.508543
5.83559,-3.86217,1.2672,0.48355
5.85541,-3.86176,1.26983,0.458558
5.87523,-3.86135,1.27247,0.433565
5.89505,-3.86095,1.2751,0.408572
5.91487,-3.86054,1.27773,0.383579
5.9347,-3.86013,1.28037,0.358586
5.95452,-3.85972,1.283,0.333593
5.97434,-3.85931,1.28563,0.3086
5.99416,-3.8589,1.28827,0.283608
6.01398,-3.8585,1.2909,0.258615
6.0338,-3.85809,1.29354,0.233622
6.05363,-3.85768,1.29617,0.208629
6.07345,-3.85727,1.2988,0.183636
6.09327,-3.85686,1.30144,0.158643
6.11309,-3.85646,1.30407,0.13365
6.12223,-3.87405,1.30145,0.109049
6.13136,-3.89165,1.29883,0.0844467
6.1405,-3.90925,1.29621,0.0598448
6.14963,-3.92685,1.29359,0.035243
6.15877,-3.94444,1.29097,0.0106411
6.1679,-3.96204,1.28836,-0.0139607
6.17704,-3.97964,1.28574,-0.0385626
6.18617,-3.99724,1.28312,-0.0631644
6.19531,-4.01484,1.2805,-0.0877663
6.20444,-4.03243,1.27788,-0.112368
6.21358,-4.05003,1.27526,-0.13697
6.22271,-4.06763,1.27264,-0.161572
6.23185,-4.08523,1.27002,-0.186174
6.24099,-4.10283,1.2674,-0.210775
6.25012,-4.12042,1.26478,-0.235377
6.25926,-4.13802,1.26216,-0.259979
6.26839,-4.15562,1.25954,-0.284581
6.27753,-4.17322,1.25693,-0.309183
6.28666,-4.19082,1.25431,-0.333785
6.2958,-4.20841,1.25169,-0.358387
6.30493,-4.22601,1.24907,-0.382988
6.31407,-4.24361,1.24645,-0.40759
6.3232,-4.26121,1.24383,-0.432192
6.33234,-4.2788,1.24121,-0.456794
6.34147,-4.2964,1.23859,-0.481396
6.35061,-4.314,1.23597,-0.505998
6.35974,-4.3316,1.23335,-0.530599
6.36888,-4.3492,1.23073,-0.555201
6.37801,-4.36679,1.22811,-0.579803
6.38715,-4.38439,1.2255,-0.604405
6.39629,-4.40199,1.22288,-0.629007
6.40542,-4.41959,1.22026,-0.653609
6.41456,-4.43719,1.21764,-0.678211
6.42369,-4.45478,1.21502,-0.702812
6.43283,-4.47238,1.2124,-0.727414
6.44196,-4.48998,1.20978,-0.752016
6.4511,-4.50758,1.20716,-0.776618
6.46023,-4.52518,1.20454,-0.80122
6.46937,-4.54277,1.20192,-0.825822
6.4785,-4.56037,1.1993,-0.850423
6.48764,-4.57797,1.19668,-0.875025
6.49677,-4.59557,1.19407,-0.899627
6.50591,-4.61317,1.19145,-0.924229
6.51504,-4.63076,1.18883,-0.948831
6.52418,-4.64836,1.18621,-0.973433
6.53331,-4.66596,1.18359,-0.998035
6.54245,-4.68356,1.18097,-1.02264
6.55158,-4.70115,1.17835,-1.04724
6.56072,-4.71875,1.17573,-1.07184
6.56986,-4.73635,1.17311,-1.09644
6.56434,-4.75555,1.17214,-1.11152
6.55882,-4.77475,1.17118,-1.1266
6.5533,-4.79395,1.17021,-1.14167
6.54779,-4.81315,1.16924,-1.15675
6.54227,-4.83235,1.16827,-1.17182
6.53675,-4.85155,1.16731,-1.1869
6.53124,-4.87075,1.16634,-1.20198
6.52572,-4.88995,1.16537,-1.21705
6.5202,-4.90915,1.1644,-1.23213
6.51469,-4.92835,1.16344,-1.24721
6.50917,-4.94755,1.16247,-1.26228
6.50365,-4.96675,1.1615,-1.27736
6.49813,-4.98595,1.16053,-1.29244
6.49262,-5.00515,1.15957,-1.30751
6.4871,-5.02435,1.1586,-1.32259
6.48158,-5.04355,1.15763,-1.33767
6.47607,-5.06274,1.15666,-1.35274
6.47055,-5.08194,1.1557,-1.36782
6.46503,-5.10114,1.15473,-1.3829
6.45952,-5.12034,1.15376,-1.39797
6.454,-5.13954,1.15279,-1.41305
6.44848,-5.15874,1.15183,-1.42813
6.44296,-5.17794,1.15086,-1.4432
6.43745,-5.19714,1.14989,-1.45828
6.43193,-5.21634,1.14893,-1.47336
6.42641,-5.23554,1.14796,-1.48843
6.4209,-5.25474,1.14699,-1.50351
6.41538,-5.27394,1.14602,-1.51859
6.40986,-5.29314,1.14506,-1.53366
6.40435,-5.31234,1.14409,-1.54874
6.39883,-5.33154,1.14312,-1.56382
6.39331,-5.35074,1.14215,-1.57889
6.38779,-5.36994,1.14119,-1.59397
6.38228,-5.38914,1.14022,-1.60904
6.37676,-5.40834,1.13925,-1.62412
6.37124,-5.42754,1.13828,-1.6392
6.36573,-5.44674,1.13732,-1.65427
6.36021,-5.46594,1.13635,-1.66935
6.35469,-5.48514,1.13538,-1.68443
6.34918,-5.50434,1.13441,-1.6995
6.34366,-5.52354,1.13345,-1.71458
6.33814,-5.54274,1.13248,-1.72966
6.33263,-5.56194,1.13151,-1.74473
6.32711,-5.58114,1.13054,-1.75981
6.32159,-5.60034,1.12958,-1.77489
6.31607,-5.61953,1.12861,-1.78996
6.31056,-5.63873,1.12764,-1.80504
6.30504,-5.65793,1.12667,-1.82012
6.29952,-5.67713,1.12571,-1.83519
6.29401,-5.69633,1.12474,-1.85027
6.27819,-5.70854,1.12396,-1.86293
6.26237,-5.72076,1.12318,-1.87559
6.24655,-5.73297,1.12239,-1.88825
6.23073,-5.74518,1.12161,-1.90091
6.21491,-5.75739,1.12083,-1.91357
6.19909,-5.7696,1.12005,-1.92623
6.18327,-5.78181,1.11927,-1.93888
6.16745,-5.79402,1.11849,-1.95154
6.15163,-5.80624,1.11771,-1.9642
6.13581,-5.81845,1.11692,-1.97686
6.11999,-5.83066,1.11614,-1.98952
6.10417,-5.84287,1.11536,-2.00218
6.08835,-5.85508,1.11458,-2.01484
6.07253,-5.86729,1.1138,-2.0275
6.05671,-5.8795,1.11302,-2.04016
6.04089,-5.89172,1.11224,-2.05282
6.02507,-5.90393,1.11146,-2.06548
6.00925,-5.91614,1.11067,-2.07814
5.99343,-5.92835,1.10989,-2.0908
5.97761,-5.94056,1.10911,-2.10346
5.96179,-5.95277,1.10833,-2.11612
5.94597,-5.96498,1.10755,-2.12877
5.93015,-5.9772,1.10677,-2.14143
5.91433,-5.98941,1.10599,-2.15409
5.89851,-6.00162,1.1052,-2.16675
5.88269,-6.01383,1.10442,-2.17941
5.86687,-6.02604,1.10364,-2.19207
5.85105,-6.03825,1.10286,-2.20473
5.83523,-6.05046,1.10208,-2.21739
5.81941,-6.06268,1.1013,-2.23005
5.80359,-6.07489,1.10052,-2.24271
5.78777,-6.0871,1.09974,-2.25537
5.77195,-6.09931,1.09895,-2.26803
5.75613,-6.11152,1.09817,-2.28069
5.74031,-6.12373,1.09739,-2.29335
5.72449,-6.13594,1.09661,-2.306
5.70867,-6.14816,1.09583,-2.31866
5.69285,-6.16037,1.09505,-2.33132
5.67703,-6.17258,1.09427,-2.34398
5.66121,-6.18479,1.09349,-2.35664
5.64539,-6.197,1.0927,-2.3693
5.62957,-6.20921,1.09192,-2.38196
5.61375,-6.22142,1.09114,-2.39462
5.59793,-6.23364,1.09036,-2.40728
5.58211,-6.24585,1.08958,-2.41994
5.56629,-6.25806,1.0888,-2.4326
5.55047,-6.27027,1.08802,-2.44526
5.53465,-6.28248,1.08723,-2.45792
5.51883,-6.29469,1.08645,-2.47058
5.50301,-6.3069,1.08567,-2.48324
5.50093,-6.28702,1.08508,-2.52574
5.49885,-6.26714,1.08449,-2.56824
5.49678,-6.24725,1.0839,-2.61074
5.4947,-6.22737,1.08331,-2.65325
5.49262,-6.20749,1.08271,-2.69575
5.49055,-6.1876,1.08212,-2.73825
5.48847,-6.16772,1.08153,-2.78075
5.48639,-6.14784,1.08094,-2.82326
5.48432,-6.12796,1.08035,-2.86576
5.48224,-6.10807,1.07976,-2.90826
5.48017,-6.08819,1.07916,-2.95076
5.47809,-6.06831,1.07857,-2.99327
5.47601,-6.04842,1.07798,-3.03577
5.47394,-6.02854,1.07739,-3.07827
5.47186,-6.00866,1.0768,-3.12078
5.46978,-5.98877,1.07621,3.11991
5.46771,-5.96889,1.07562,3.0774
5.46563,-5.94901,1.07502,3.0349
5.46355,-5.92912,1.07443,2.9924
5.46148,-5.90924,1.07384,2.9499
5.4594,-5.88936,1.07325,2.90739
5.45732,-5.86948,1.07266,2.86489
5.45525,-5.84959,1.07207,2.82239
5.45317,-5.82971,1.07147,2.77989
5.45109,-5.80983,1.07088,2.73738
5.44902,-5.78994,1.07029,2.69488
5.44694,-5.77006,1.0697,2.65238
5.44486,-5.75018,1.06911,2.60987
5.44279,-5.73029,1.06852,2.56737
5.44071,-5.71041,1.06793,2.52487
5.43863,-5.69053,1.06733,2.48237
5.43656,-5.67064,1.06674,2.43986
5.43448,-5.65076,1.06615,2.39736
5.4324,-5.63088,1.06556,2.35486
5.43033,-5.611,1.06497,2.31236
5.42825,-5.59111,1.06438,2.26985
5.42617,-5.57123,1.06378,2.22735
5.4241,-5.55135,1.06319,2.18485
5.42202,-5.53146,1.0626,2.14234
5.41994,-5.51158,1.06201,2.09984
5.41787,-5.4917,1.06142,2.05734
5.41579,-5.47181,1.06083,2.01484
5.41371,-5.45193,1.06024,1.97233
5.41164,-5.43205,1.05964,1.92983
5.40956,-5.41216,1.05905,1.88733
5.40748,-5.39228,1.05846,1.84483
5.40541,-5.3724,1.05787,1.80232
5.40333,-5.35251,1.05728,1.75982
5.40125,-5.33263,1.05669,1.71732
5.39918,-5.31275,1.0561,1.67482
5.39744,-5.3246,1.07211,1.73383
5.39571,-5.33645,1.08813,1.79284
5.39397,-5.3483,1.10415,1.85186
5.39224,-5.36014,1.12017,1.91087
5.3905,-5.37199,1.13619,1.96988
5.38876,-5.38384,1.15221,2.0289
5.38703,-5.39569,1.16822,2.08791
5.38529,-5.40754,1.18424,2.14693
5.38356,-5.41939,1.20026,2.20594
5.38182,-5.43124,1.21628,2.26495
5.38009,-5.44309,1.2323,2.32397
5.37835,-5.45494,1.24832,2.38298
5.37662,-5.46679,1.26433,2.442
5.37488,-5.47864,1.28035,2.50101
5.37315,-5.49048,1.29637,2.56002
5.37141,-5.50233,1.31239,2.61904
5.36967,-5.51418,1.32841,2.67805
5.36794,-5.52603,1.34443,2.73707
5.3662,-5.53788,1.36044,2.79608
5.36447,-5.54973,1.37646,2.85509
5.36273,-5.56158,1.39248,2.91411
5.361,-5.57343,1.4085,2.97312
5.35926,-5.58528,1.42452,3.03213
5.35753,-5.59713,1.44054,3.09115
5.35579,-5.60898,1.45655,-3.13302
5.35406,-5.62082,1.47257,-3.07401
5.35232,-5.63267,1.48859,-3.015
5.35059,-5.64452,1.50461,-2.95598
5.34885,-5.65637,1.52063,-2.89697
5.34711,-5.66822,1.53665,-2.83795
5.34538,-5.68007,1.55266,-2.77894
5.34364,-5.69192,1.56868,-2.71993
5.34191,-5.70377,1.5847,-2.66091
5.34017,-5.71562,1.60072,-2.6019
5.33844,-5.72747,1.61674,-2.54288
5.3367,-5.73932,1.63276,-2.48387
5.33497,-5.75116,1.64877,-2.42486
5.33323,-5.76301,1.66479,-2.36584
5.3315,-5.77486,1.68081,-2.30683
5.32976,-5.78671,1.69683,-2.24781
5.32803,-5.79856,1.71285,-2.1888
5.32629,-5.81041,1.72887,-2.12979
5.32455,-5.82226,1.74488,-2.07077
5.32282,-5.83411,1.7609,-2.01176
5.32108,-5.84596,1.77692,-1.95275
5.31935,-5.85781,1.79294,-1.89373
5.31761,-5.86966,1.80896,-1.83472
5.31588,-5.8815,1.82498,-1.7757
5.31414,-5.89335,1.84099,-1.71669
5.31241,-5.9052,1.85701,-1.65768
5.30971,-5.9193,1.84308,-1.65886
5.30701,-5.93339,1.82915,-1.66004
5.30431,-5.94748,1.81522,-1.66122
5.30161,-5.96157,1.80128,-1.6624
5.29891,-5.97567,1.78735,-1.66358
5.29621,-5.98976,1.77342,-1.66477
5.29351,-6.00385,1.75949,-1.66595
5.29081,-6.01794,1.74555,-1.66713
5.28811,-6.03204,1.73162,-1.66831
5.28541,-6.04613,1.71769,-1.66949
5.28271,-6.06022,1.70376,-1.67067
5.28002,-6.07432,1.68982,-1.67185
5.27732,-6.08841,1.67589,-1.67304
5.27462,-6.1025,1.66196,-1.67422
5.27192,-6.11659,1.64803,-1.6754
5.26922,-6.13069,1.6341,-1.67658
5.26652,-6.14478,1.62016,-1.67776
5.26382,-6.15887,1.60623,-1.67894
5.26112,-6.17296,1.5923,-1.68013
5.25842,-6.18706,1.57837,-1.68131
5.25572,-6.20115,1.56443,-1.68249
5.25302,-6.21524,1.5505,-1.68367
5.25032,-6.22934,1.53657,-1.68485
5.24762,-6.24343,1.52264,-1.68603
5.24492,-6.25752,1.5087,-1.68722
5.24222,-6.27161,1.49477,-1.6884
5.23953,-6.28571,1.48084,-1.68958
5.23683,-6.2998,1.46691,-1.69076
5.23413,-6.31389,1.45297,-1.69194
5.23143,-6.32798,1.43904,-1.69312
5.22873,-6.34208,1.42511,-1.69431
5.22603,-6.35617,1.41118,-1.69549
5.22333,-6.37026,1.39725,-1.69667
5.22063,-6.38435,1.38331,-1.69785
5.21793,-6.39845,1.36938,-1.69903
5.21523,-6.41254,1.35545,-1.70021
5.21253,-6.42663,1.34152,-1.70139
5.20983,-6.44073,1.32758,-1.70258
5.20713,-6.45482,1.31365,-1.70376
5.20443,-6.46891,1.29972,-1.70494
5.20174,-6.483,1.28579,-1.70612
5.20161,-6.48364,1.28516,-1.70617
5.22098,-6.4817,1.28055,-1.667
5.24034,-6.47976,1.27595,-1.62782
5.25971,-6.47782,1.27134,-1.58865
5.27907,-6.47588,1.26673,-1.54947
5.29844,-6.47394,1.26213,-1.5103
5.31781,-6.472,1.25752,-1.47112
5.33717,-6.47006,1.25291,-1.43194
5.35654,-6.46812,1.24831,-1.39277
5.3759,-6.46618,1.2437,-1.35359
5.39527,-6.46424,1.23909,-1.31442
5.41463,-6.4623,1.23449,-1.27524
5.434,-6.46036,1.22988,-1.23607
5.45336,-6.45842,1.22527,-1.19689
5.47273,-6.45648,1.22066,-1.15771
5.49209,-6.45454,1.21606,-1.11854
5.51146,-6.4526,1.21145,-1.07936
5.53082,-6.45066,1.20684,-1.04019
5.55019,-6.44871,1.20224,-1.00101
5.56955,-6.44677,1.19763,-0.961836
5.58892,-6.44483,1.19302,-0.92266
5.60828,-6.44289,1.18842,-0.883485
5.62765,-6.44095,1.18381,-0.844309
5.64701,-6.43901,1.1792,-0.805133
5.66638,-6.43707,1.1746,-0.765958
5.68575,-6.43513,1.16999,-0.726782
5.70511,-6.43319,1.16538,-0.687606
5.72448,-6.43125,1.16078,-0.648431
5.74384,-6.42931,1.15617,-0.609255
5.76321,-6.42737,1.15156,-0.570079
5.78257,-6.42543,1.14696,-0.530903
5.80194,-6.42349,1.14235,-0.491728
5.8213,-6.42155,1.13774,-0.452552
5.84067,-6.41961,1.13314,-0.413376
5.86003,-6.41767,1.12853,-0.374201
5.8794,-6.41573,1.12392,-0.335025
5.89876,-6.41379,1.11932,-0.295849
5.91813,-6.41185,1.11471,-0.256674
5.93749,-6.40991,1.1101,-0.217498
5.95686,-6.40797,1.1055,-0.178322
5.97622,-6.40603,1.10089,-0.139146
5.99559,-6.40409,1.09628,-0.0999708
6.01495,-6.40215,1.09168,-0.0607951
6.03432,-6.40021,1.08707,-0.0216194
6.05369,-6.39827,1.08246,0.0175563
6.07305,-6.39633,1.07786,0.056732
6.09242,-6.39439,1.07325,0.0959077
6.11178,-6.39245,1.06864,0.135083
6.13115,-6.39051,1.06404,0.174259
6.15051,-6.38857,1.05943,0.213435
6.16988,-6.38663,1.05482,0.252611
6.1501,-6.38393,1.05361,0.307423
6.13032,-6.38123,1.0524,0.362235
6.11054,-6.37854,1.05119,0.417047
6.09076,-6.37584,1.04998,0.471859
6.07098,-6.37314,1.04876,0.526672
6.0512,-6.37045,1.04755,0.581484
6.03142,-6.36775,1.04634,0.636296
6.01163,-6.36505,1.04513,0.691108
5.99185,-6.36236,1.04392,0.74592
5.97207,-6.35966,1.04271,0.800733
5.95229,-6.35696,1.04149,0.855545
5.93251,-6.35426,1.04028,0.910357
5.91273,-6.35157,1.03907,0.965169
5.89295,-6.34887,1.03786,1.01998
5.87317,-6.34617,1.03665,1.07479
5.85339,-6.34348,1.03544,1.12961
5.83361,-6.34078,1.03422,1.18442
5.81383,-6.33808,1.03301,1.23923
5.79405,-6.33539,1.0318,1.29404
5.77427,-6.33269,1.03059,1.34885
5.75449,-6.32999,1.02938,1.40367
5.73471,-6.3273,1.02817,1.45848
5.71493,-6.3246,1.02695,1.51329
5.69515,-6.3219,1.02574,1.5681
5.67537,-6.31921,1.02453,1.62292
5.65559,-6.31651,1.02332,1.67773
5.63581,-6.31381,1.02211,1.73254
5.61603,-6.31111,1.0209,1.78735
5.59625,-6.30842,1.01968,1.84216
5.57647,-6.30572,1.01847,1.89698
5.55669,-6.30302,1.01726,1.95179
5.53691,-6.30033,1.01605,2.0066
5.51713,-6.29763,1.01484,2.06141
5.49735,-6.29493,1.01363,2.11623
5.47757,-6.29224,1.01241,2.17104
5.45779,-6.28954,1.0112,2.22585
5.43801,-6.28684,1.00999,2.28066
5.41823,-6.28415,1.00878,2.33547
5.39845,-6.28145,1.00757,2.39029
5.37867,-6.27875,1.00636,2.4451
5.35889,-6.27606,1.00514,2.49991
5.33911,-6.27336,1.00393,2.55472
5.31933,-6.27066,1.00272,2.60954
5.29955,-6.26797,1.00151,2.66435
5.27977,-6.26527,1.0003,2.71916
5.25998,-6.26257,0.999085,2.77397
5.2402,-6.25987,0.997873,2.82878
5.22042,-6.25718,0.996662,2.8836
5.20064,-6.25448,0.99545,2.93841
5.18086,-6.25178,0.994238,2.99322
5.1759,-6.23241,0.994605,2.96978
5.17095,-6.21304,0.994973,2.94635
5.16599,-6.19367,0.99534,2.92291
5.16103,-6.1743,0.995707,2.89947
5.15607,-6.15492,0.996074,2.87604
5.15111,-6.13555,0.996441,2.8526
5.14615,-6.11618,0.996808,2.82916
5.14119,-6.09681,0.997175,2.80572
5.13623,-6.07744,0.997542,2.78229
5.13127,-6.05806,0.997909,2.75885
5.12631,-6.03869,0.998276,2.73541
5.12135,-6.01932,0.998643,2.71198
5.11639,-5.99995,0.99901,2.68854
5.11144,-5.98058,0.999377,2.6651
5.10648,-5.96121,0.999744,2.64167
5.10152,-5.94183,1.00011,2.61823
5.09656,-5.92246,1.00048,2.59479
5.0916,-5.90309,1.00085,2.57135
5.08664,-5.88372,1.00121,2.54792
5.08168,-5.86435,1.00158,2.52448
5.07672,-5.84497,1.00195,2.50104
5.07176,-5.8256,1.00231,2.47761
5.0668,-5.80623,1.00268,2.45417
5.06184,-5.78686,1.00305,2.43073
5.05688,-5.76749,1.00341,2.4073
5.05192,-5.74811,1.00378,2.38386
5.04697,-5.72874,1.00415,2.36042
5.04201,-5.70937,1.00452,2.33698
5.03705,-5.69,1.00488,2.31355
5.03209,-5.67063,1.00525,2.29011
5.02713,-5.65125,1.00562,2.26667
5.02217,-5.63188,1.00598,2.24324
5.01721,-5.61251,1.00635,2.2198
5.01225,-5.59314,1.00672,2.19636
5.00729,-5.57377,1.00709,2.17293
5.00233,-5.55439,1.00745,2.14949
4.99737,-5.53502,1.00782,2.12605
4.99241,-5.51565,1.00819,2.10261
4.98746,-5.49628,1.00855,2.07918
4.9825,-5.47691,1.00892,2.05574
4.97754,-5.45753,1.00929,2.0323
4.97258,-5.43816,1.00965,2.00887
4.96762,-5.41879,1.01002,1.98543
4.96266,-5.39942,1.01039,1.96199
4.9577,-5.38005,1.01076,1.93855
4.95274,-5.36068,1.01112,1.91512
4.94778,-5.3413,1.01149,1.89168
4.94282,-5.32193,1.01186,1.86824
4.93786,-5.30256,1.01222,1.84481
4.9329,-5.28319,1.01259,1.82137
4.94506,-5.29209,1.02574,1.76659
4.95722,-5.30099,1.03889,1.71182
4.96938,-5.30989,1.05205,1.65704
4.98153,-5.3188,1.0652,1.60226
4.99369,-5.3277,1.07835,1.54749
5.00585,-5.3366,1.0915,1.49271
5.018,-5.3455,1.10465,1.43794
5.03016,-5.35441,1.1178,1.38316
5.04232,-5.36331,1.13095,1.32838
5.05447,-5.37221,1.1441,1.27361
5.06663,-5.38111,1.15726,1.21883
5.07879,-5.39001,1.17041,1.16405
5.09095,-5.39892,1.18356,1.10928
5.1031,-5.40782,1.19671,1.0545
5.11526,-5.41672,1.20986,0.999726
5.12742,-5.42562,1.22301,0.944949
5.13957,-5.43453,1.23616,0.890173
5.15173,-5.44343,1.24931,0.835397
5.16389,-5.45233,1.26247,0.780621
5.17605,-5.46123,1.27562,0.725844
5.1882,-5.47014,1.28877,0.671068
5.20036,-5.47904,1.30192,0.616292
5.21252,-5.48794,1.31507,0.561516
5.22467,-5.49684,1.32822,0.506739
5.23683,-5.50574,1.34137,0.451963
5.24899,-5.51465,1.35452,0.397187
5.26114,-5.52355,1.36768,0.34241
5.2733,-5.53245,1.38083,0.287634
5.28546,-5.54135,1.39398,0.232858