-0.499019,-0.498867,1.0233,0.00215088
-0.510603,-0.482564,1.02319,0.0459836
-0.522188,-0.466262,1.02307,0.0898163
-0.533773,-0.449959,1.02296,0.133649
-0.545358,-0.433656,1.02284,0.177482
-0.556943,-0.417354,1.02273,0.221314
-0.568528,-0.401051,1.02261,0.265147
-0.580113,-0.384748,1.0225,0.30898
-0.591698,-0.368445,1.02238,0.352813
-0.603282,-0.352143,1.02227,0.396645
-0.614867,-0.33584,1.02215,0.440478
-0.626452,-0.319537,1.02204,0.484311
-0.638037,-0.303235,1.02192,0.528144
-0.649622,-0.286932,1.02181,0.571976
-0.661207,-0.270629,1.02169,0.615809
-0.672792,-0.254327,1.02158,0.659642
-0.684377,-0.238024,1.02146,0.703474
-0.695961,-0.221721,1.02135,0.747307
-0.707546,-0.205419,1.02123,0.79114
-0.719131,-0.189116,1.02112,0.834973
-0.730716,-0.172813,1.021,0.878805
-0.742301,-0.156511,1.02089,0.922638
-0.753886,-0.140208,1.02077,0.966471
-0.765471,-0.123905,1.02066,1.0103
-0.777055,-0.107602,1.02054,1.05414
-0.78864,-0.0912998,1.02043,1.09797
-0.800225,-0.0749971,1.02031,1.1418
-0.81181,-0.0586944,1.02019,1.18563
-0.823395,-0.0423918,1.02008,1.22947
-0.83498,-0.0260891,1.01996,1.2733
-0.846565,-0.00978638,1.01985,1.31713
-0.85815,0.00651631,1.01973,1.36097
-0.869734,0.022819,1.01962,1.4048
-0.881319,0.0391217,1.0195,1.44863
-0.892904,0.0554244,1.01939,1.49246
-0.904489,0.0717271,1.01927,1.5363
-0.916074,0.0880297,1.01916,1.58013
-0.927659,0.104332,1.01904,1.62396
-0.939244,0.120635,1.01893,1.66779
-0.950829,0.136938,1.01881,1.71163
-0.962413,0.15324,1.0187,1.75546
-0.973998,0.169543,1.01858,1.79929
-0.985583,0.185846,1.01847,1.84313
-0.997168,0.202149,1.01835,1.88696
-1.00875,0.218451,1.01824,1.93079
-1.02034,0.234754,1.01812,1.97462
-1.03192,0.251057,1.01801,2.01846
-1.04351,0.267359,1.01789,2.06229
-1.05509,0.283662,1.01778,2.10612
-1.06668,0.299965,1.01766,2.14995
-1.07826,0.316267,1.01755,2.19379
-1.08989,0.33254,1.01744,2.19379
-1.10152,0.348813,1.01733,2.19379
-1.11314,0.365085,1.01722,2.19379
-1.12477,0.381358,1.01711,2.19379
-1.1364,0.39763,1.017,2.19379
-1.14802,0.413903,1.0169,2.19379
-1.15965,0.430176,1.01679,2.19379
-1.17128,0.446448,1.01668,2.19379
-1.18291,0.462721,1.01657,2.19379
-1.19453,0.478993,1.01646,2.19379
-1.20616,0.495266,1.01635,2.19379
-1.21779,0.511539,1.01624,2.19379
-1.22942,0.527811,1.01613,2.19379
-1.24104,0.544084,1.01603,2.19379
-1.25267,0.560356,1.01592,2.19379
-1.2643,0.576629,1.01581,2.19379
-1.27592,0.592902,1.0157,2.19379
-1.28755,0.609174,1.01559,2.19379
-1.29918,0.625447,1.01548,2.19379
-1.31081,0.641719,1.01537,2.19379
-1.32243,0.657992,1.01526,2.19379
-1.33406,0.674265,1.01516,2.19379
-1.34569,0.690537,1.01505,2.19379
-1.35731,0.70681,1.01494,2.19379
-1.36894,0.723082,1.01483,2.19379
-1.38057,0.739355,1.01472,2.19379
-1.3922,0.755628,1.01461,2.19379
-1.40382,0.7719,1.0145,2.19379
-1.41545,0.788173,1.01439,2.19379
-1.42708,0.804445,1.01429,2.19379
-1.4387,0.820718,1.01418,2.19379
-1.45033,0.836991,1.01407,2.19379
-1.46196,0.853263,1.01396,2.19379
-1.47359,0.869536,1.01385,2.19379
-1.48521,0.885808,1.01374,2.19379
-1.49684,0.902081,1.01363,2.19379
-1.50847,0.918354,1.01352,2.19379
-1.52009,0.934626,1.01341,2.19379
-1.53172,0.950899,1.01331,2.19379
-1.54335,0.967171,1.0132,2.19379
-1.55498,0.983444,1.01309,2.19379
-1.5666,0.999716,1.01298,2.19379
-1.57823,1.01599,1.01287,2.19379
-1.58986,1.03226,1.01276,2.19379
-1.60148,1.04853,1.01265,2.19379
-1.61311,1.06481,1.01254,2.19379
-1.62474,1.08108,1.01244,2.19379
-1.63637,1.09735,1.01233,2.19379
-1.64799,1.11362,1.01222,2.19379
-1.65962,1.1299,1.01211,2.19379
-1.67127,1.14615,1.012,2.19379
-1.68292,1.16241,1.0119,2.19379
-1.69456,1.17867,1.01179,2.19379
-1.70621,1.19493,1.01169,2.19379
-1.71786,1.21118,1.01158,2.19379
-1.72951,1.22744,1.01148,2.19379
-1.74116,1.2437,1.01137,2.19379
-1.75281,1.25996,1.01126,2.19379
-1.76445,1.27621,1.01116,2.19379
-1.7761,1.29247,1.01105,2.19379
-1.78775,1.30873,1.01095,2.19379
-1.7994,1.32499,1.01084,2.19379
-1.81105,1.34125,1.01074,2.19379
-1.8227,1.3575,1.01063,2.19379
-1.83434,1.37376,1.01052,2.19379
-1.84599,1.39002,1.01042,2.19379
-1.85764,1.40628,1.01031,2.19379
-1.86929,1.42253,1.01021,2.19379
-1.88094,1.43879,1.0101,2.19379
-1.89258,1.45505,1.01,2.19379
-1.90423,1.47131,1.00989,2.19379
-1.91588,1.48756,1.00978,2.19379
-1.92753,1.50382,1.00968,2.19379
-1.93918,1.52008,1.00957,2.19379
-1.95083,1.53634,1.00947,2.19379
-1.96247,1.55259,1.00936,2.19379
-1.97412,1.56885,1.00926,2.19379
-1.98577,1.58511,1.00915,2.19379
-1.99742,1.60137,1.00904,2.19379
-2.00907,1.61762,1.00894,2.19379
-2.02072,1.63388,1.00883,2.19379
-2.03236,1.65014,1.00873,2.19379
-2.04401,1.6664,1.00862,2.19379
-2.05566,1.68265,1.00852,2.19379
-2.06731,1.69891,1.00841,2.19379
-2.07896,1.71517,1.00831,2.19379
-2.09061,1.73143,1.0082,2.19379
-2.10225,1.74768,1.00809,2.19379
-2.1139,1.76394,1.00799,2.19379
-2.12555,1.7802,1.00788,2.19379
-2.1372,1.79646,1.00778,2.19379
-2.14885,1.81271,1.00767,2.19379
-2.16049,1.82897,1.00757,2.19379
-2.17214,1.84523,1.00746,2.19379
-2.18379,1.86149,1.00735,2.19379
-2.19544,1.87774,1.00725,2.19379
-2.20709,1.894,1.00714,2.19379
-2.21874,1.91026,1.00704,2.19379
-2.23038,1.92652,1.00693,2.19379
-2.24203,1.94277,1.00683,2.19379
-2.25369,1.95903,1.00672,2.19377
-2.26534,1.97528,1.00662,2.19375
-2.27699,1.99154,1.00651,2.19373
-2.28865,2.00779,1.00641,2.19371
-2.3003,2.02404,1.0063,2.19369
-2.31195,2.0403,1.0062,2.19367
-2.3236,2.05655,1.00609,2.19365
-2.33526,2.07281,1.00599,2.19363
-2.34691,2.08906,1.00588,2.19361
-2.35856,2.10531,1.00578,2.19359
-2.37022,2.12157,1.00567,2.19357
-2.38187,2.13782,1.00557,2.19355
-2.39352,2.15408,1.00546,2.19353
-2.40518,2.17033,1.00536,2.19351
-2.41683,2.18658,1.00525,2.19349
-2.42848,2.20284,1.00515,2.19347
-2.44014,2.21909,1.00504,2.19345
-2.45179,2.23535,1.00494,2.19343
-2.46344,2.2516,1.00483,2.19341
-2.4751,2.26785,1.00473,2.19339
-2.48675,2.28411,1.00462,2.19337
-2.4984,2.30036,1.00452,2.19335
-2.51005,2.31662,1.00441,2.19333
-2.52171,2.33287,1.00431,2.19331
-2.53336,2.34912,1.0042,2.19329
-2.54501,2.36538,1.0041,2.19327
-2.55667,2.38163,1.00399,2.19325
-2.56832,2.39789,1.00389,2.19323
-2.57997,2.41414,1.00378,2.19321
-2.59163,2.43039,1.00368,2.19319
-2.60328,2.44665,1.00357,2.19317
-2.61493,2.4629,1.00347,2.19315
-2.62659,2.47916,1.00336,2.19313
-2.63824,2.49541,1.00326,2.19311
-2.64989,2.51166,1.00315,2.19309
-2.66155,2.52792,1.00305,2.19307
-2.6732,2.54417,1.00294,2.19305
-2.68485,2.56043,1.00284,2.19303
-2.69651,2.57668,1.00273,2.19301
-2.70816,2.59293,1.00263,2.19299
-2.71981,2.60919,1.00252,2.19297
-2.73146,2.62544,1.00242,2.19295
-2.74312,2.6417,1.00231,2.19293
-2.75477,2.65795,1.00221,2.19291
-2.76642,2.6742,1.0021,2.19289
-2.77808,2.69046,1.002,2.19287
-2.78973,2.70671,1.00189,2.19285
-2.80138,2.72297,1.00179,2.19283
-2.81304,2.73922,1.00168,2.19281
-2.82469,2.75547,1.00158,2.19279
-2.81148,2.74046,1.00158,2.13195
-2.79827,2.72545,1.00157,2.07111
-2.78505,2.71043,1.00157,2.01027
-2.77184,2.69542,1.00157,1.94944
-2.75863,2.6804,1.00156,1.8886
-2.74542,2.66539,1.00156,1.82776
-2.7322,2.65037,1.00156,1.76692
-2.71899,2.63536,1.00155,1.70608
-2.70578,2.62034,1.00155,1.64524
-2.69257,2.60533,1.00155,1.5844
-2.67935,2.59032,1.00155,1.52356
-2.66614,2.5753,1.00154,1.46272
-2.65293,2.56029,1.00154,1.40189
-2.63972,2.54527,1.00154,1.34105
-2.6265,2.53026,1.00153,1.28021
-2.61329,2.51524,1.00153,1.21937
-2.60008,2.50023,1.00153,1.15853
-2.58687,2.48522,1.00152,1.09769
-2.57365,2.4702,1.00152,1.03685
-2.56044,2.45519,1.00152,0.976014
-2.54723,2.44017,1.00151,0.915175
-2.53402,2.42516,1.00151,0.854337
-2.5208,2.41014,1.00151,0.793498
-2.50759,2.39513,1.00151,0.732659
-2.49438,2.38011,1.0015,0.67182
-2.48117,2.3651,1.0015,0.610981
-2.46795,2.35009,1.0015,0.550142
-2.45474,2.33507,1.00149,0.489304
-2.44153,2.32006,1.00149,0.428465
-2.42832,2.30504,1.00149,0.367626
-2.4151,2.29003,1.00148,0.306787
-2.40189,2.27501,1.00148,0.245948
-2.38868,2.26,1.00148,0.185109
-2.37547,2.24498,1.00147,0.124271
-2.36226,2.22997,1.00147,0.0634317
-2.34904,2.21496,1.00147,0.00259288
-2.33583,2.19994,1.00147,-0.0582459
-2.32262,2.18493,1.00146,-0.119085
-2.30941,2.16991,1.00146,-0.179924
-2.29619,2.1549,1.00146,-0.240762
-2.28298,2.13988,1.00145,-0.301601
-2.26977,2.12487,1.00145,-0.36244
-2.25656,2.10986,1.00145,-0.423279
-2.24334,2.09484,1.00144,-0.484118
-2.23013,2.07983,1.00144,-0.544957
-2.21692,2.06481,1.00144,-0.605795
-2.20371,2.0498,1.00144,-0.666634
-2.19049,2.03478,1.00143,-0.727473
-2.17728,2.01977,1.00143,-0.788312
-2.16407,2.00475,1.00143,-0.849151
-2.15086,1.98974,1.00142,-0.849151
-2.13764,1.97473,1.00142,-0.849151
-2.12443,1.95971,1.00142,-0.849151
-2.11122,1.9447,1.00141,-0.849151
-2.09801,1.92968,1.00141,-0.849151
-2.08479,1.91467,1.00141,-0.849151
-2.07158,1.89965,1.0014,-0.849151
-2.05837,1.88464,1.0014,-0.849151
-2.04516,1.86963,1.0014,-0.849151
-2.03194,1.85461,1.0014,-0.849151
-2.01873,1.8396,1.00139,-0.849151
-2.00552,1.82458,1.00139,-0.849151
-1.99231,1.80957,1.00139,-0.849151
-1.9791,1.79455,1.00138,-0.849151
-1.96588,1.77954,1.00138,-0.849151
-1.95267,1.76452,1.00138,-0.849151
-1.93946,1.74951,1.00137,-0.849151
-1.92625,1.7345,1.00137,-0.849151
-1.91303,1.71948,1.00137,-0.849151
-1.89982,1.70447,1.00136,-0.849151
-1.88661,1.68945,1.00136,-0.849151
-1.8734,1.67444,1.00136,-0.849151
-1.86018,1.65942,1.00136,-0.849151
-1.84697,1.64441,1.00135,-0.849151
-1.83376,1.62939,1.00135,-0.849151
-1.82055,1.61438,1.00135,-0.849151
-1.80733,1.59937,1.00134,-0.849151
-1.79412,1.58435,1.00134,-0.849151
-1.78091,1.56934,1.00134,-0.849151
-1.7677,1.55432,1.00133,-0.849151
-1.75448,1.53931,1.00133,-0.849151
-1.74127,1.52429,1.00133,-0.849151
-1.72806,1.50928,1.00133,-0.849151
-1.71485,1.49427,1.00132,-0.849151
-1.70163,1.47925,1.00132,-0.849151
-1.68842,1.46424,1.00132,-0.849151
-1.67521,1.44922,1.00131,-0.849151
-1.662,1.43421,1.00131,-0.849151
-1.64878,1.41919,1.00131,-0.849151
-1.63557,1.40418,1.0013,-0.849151
-1.62236,1.38916,1.0013,-0.849151
-1.60915,1.37415,1.0013,-0.849151
-1.59593,1.35914,1.00129,-0.849151
-1.58272,1.34412,1.00129,-0.849151
-1.56951,1.32911,1.00129,-0.849151
-1.5563,1.31409,1.00129,-0.849151
-1.54309,1.29908,1.00128,-0.849151
-1.52987,1.28406,1.00128,-0.849151
-1.51666,1.26905,1.00128,-0.849151
-1.50345,1.25404,1.00127,-0.849151
-1.49024,1.23902,1.00127,-0.849151
-1.47702,1.22401,1.00127,-0.849151
-1.46381,1.20899,1.00126,-0.849151
-1.4506,1.19398,1.00126,-0.849151
-1.43739,1.17896,1.00126,-0.849151
-1.42417,1.16395,1.00125,-0.849151
-1.41096,1.14893,1.00125,-0.849151
-1.39775,1.13392,1.00125,-0.849151
-1.38454,1.11891,1.00125,-0.849151
-1.37132,1.10389,1.00124,-0.849151
-1.35811,1.08888,1.00124,-0.849151
-1.3449,1.07386,1.00124,-0.849151
-1.33169,1.05885,1.00123,-0.849151
-1.31847,1.04383,1.00123,-0.849151
-1.30526,1.02882,1.00123,-0.849151
-1.29205,1.0138,1.00122,-0.849151
-1.27884,0.99879,1.00122,-0.849151
-1.26562,0.983776,1.00122,-0.849151
-1.25241,0.968762,1.00122,-0.849151
-1.2392,0.953747,1.00121,-0.849151
-1.22599,0.938733,1.00121,-0.849151
-1.21277,0.923718,1.00121,-0.849151
-1.19956,0.908704,1.0012,-0.849151
-1.18635,0.89369,1.0012,-0.849151
-1.17314,0.878675,1.0012,-0.849151
-1.15993,0.863661,1.00119,-0.849151
-1.14671,0.848646,1.00119,-0.849151
-1.1335,0.833632,1.00119,-0.849151
-1.12029,0.818618,1.00118,-0.849151
-1.10708,0.803603,1.00118,-0.849151
-1.09386,0.788589,1.00118,-0.849151
-1.08065,0.773574,1.00118,-0.849151
-1.06744,0.75856,1.00117,-0.849151
-1.05423,0.743546,1.00117,-0.849151
-1.04101,0.728531,1.00117,-0.849151
-1.0278,0.713517,1.00116,-0.849151
-1.01459,0.698502,1.00116,-0.849151
-1.00138,0.683488,1.00116,-0.849151
-0.988164,0.668474,1.00115,-0.849151
-0.974951,0.653459,1.00115,-0.849151
-0.961739,0.638445,1.00115,-0.849151
-0.948526,0.623431,1.00114,-0.849151
-0.935314,0.608416,1.00114,-0.849151
-0.922102,0.593402,1.00114,-0.849151
-0.908889,0.578387,1.00114,-0.849151
-0.895677,0.563373,1.00113,-0.849151
-0.882464,0.548359,1.00113,-0.849151
-0.869252,0.533344,1.00113,-0.849151
-0.85604,0.51833,1.00112,-0.849151
-0.842827,0.503315,1.00112,-0.849151
-0.829615,0.488301,1.00112,-0.849151
-0.816402,0.473287,1.00111,-0.849151
-0.80319,0.458272,1.00111,-0.849151
-0.789977,0.443258,1.00111,-0.849151
-0.776765,0.428243,1.00111,-0.849151
-0.763553,0.413229,1.0011,-0.849151
-0.75034,0.398215,1.0011,-0.849151
-0.737128,0.3832,1.0011,-0.849151
-0.723915,0.368186,1.00109,-0.849151
-0.710703,0.353171,1.00109,-0.849151
-0.69749,0.338157,1.00109,-0.849151
-0.684278,0.323143,1.00108,-0.849151
-0.671066,0.308128,1.00108,-0.849151
-0.657853,0.293114,1.00108,-0.849151
-0.644641,0.278099,1.00107,-0.849151
-0.631428,0.263085,1.00107,-0.849151
-0.618216,0.248071,1.00107,-0.849151
-0.605004,0.233056,1.00107,-0.849151
-0.591791,0.218042,1.00106,-0.849151
-0.578579,0.203028,1.00106,-0.849151
-0.565366,0.188013,1.00106,-0.849151
-0.552154,0.172999,1.00105,-0.849151
-0.538941,0.157984,1.00105,-0.849151
-0.525729,0.14297,1.00105,-0.849151
-0.512517,0.127956,1.00104,-0.849151
-0.499304,0.112941,1.00104,-0.849151
-0.486092,0.0979268,1.00104,-0.849151
-0.472879,0.0829124,1.00103,-0.849151
-0.459667,0.067898,1.00103,-0.849151
-0.446455,0.0528836,1.00103,-0.849151
-0.433242,0.0378692,1.00103,-0.849151
-0.42003,0.0228548,1.00102,-0.849151
-0.406817,0.00784042,1.00102,-0.849151
-0.393605,-0.00717397,1.00102,-0.849151
-0.380392,-0.0221884,1.00101,-0.849151
-0.36718,-0.0372028,1.00101,-0.849151
-0.353968,-0.0522171,1.00101,-0.849151
-0.340755,-0.0672315,1.001,-0.849151
-0.327543,-0.0822459,1.001,-0.849151
-0.31433,-0.0972603,1.001,-0.849151
-0.301118,-0.112275,1.00099,-0.849151
-0.287906,-0.127289,1.00099,-0.849151
-0.274693,-0.142304,1.00099,-0.849151
-0.261481,-0.157318,1.00099,-0.849151
-0.248268,-0.172332,1.00098,-0.849151
-0.235056,-0.187347,1.00098,-0.849151
-0.221843,-0.202361,1.00098,-0.849151
-0.208631,-0.217375,1.00097,-0.849151
-0.195419,-0.23239,1.00097,-0.849151
-0.182206,-0.247404,1.00097,-0.849151
-0.185174,-0.26605,1.00756,-0.866563
-0.188142,-0.284696,1.01416,-0.883975
-0.19111,-0.303342,1.02076,-0.901386
-0.194078,-0.321988,1.02735,-0.918798
-0.197046,-0.340634,1.03395,-0.93621
-0.200014,-0.35928,1.04055,-0.953622
-0.202982,-0.377926,1.04715,-0.971034
-0.20595,-0.396572,1.05374,-0.988446
-0.208918,-0.415218,1.06034,-1.00586
-0.211886,-0.433864,1.06694,-1.02327
-0.214854,-0.45251,1.07353,-1.04068
-0.217822,-0.471156,1.08013,-1.05809
-0.22079,-0.489802,1.08673,-1.07551
-0.223758,-0.508448,1.09332,-1.09292
-0.226726,-0.527094,1.09992,-1.11033
-0.229694,-0.54574,1.10652,-1.12774
-0.232662,-0.564386,1.11311,-1.14515
-0.23563,-0.583032,1.11971,-1.16256
-0.238598,-0.601678,1.12631,-1.17998
-0.241566,-0.620324,1.1329,-1.19739
-0.244534,-0.63897,1.1395,-1.2148
-0.247502,-0.657616,1.1461,-1.23221
-0.25047,-0.676262,1.15269,-1.24962
-0.253438,-0.694908,1.15929,-1.26704
-0.256405,-0.713554,1.16589,-1.28445
-0.259373,-0.7322,1.17248,-1.30186
-0.262341,-0.750846,1.17908,-1.31927
-0.265309,-0.769492,1.18568,-1.33668
-0.268277,-0.788138,1.19227,-1.3541
-0.271245,-0.806784,1.19887,-1.37151
-0.274213,-0.82543,1.20547,-1.38892
-0.277181,-0.844076,1.21206,-1.40633
-0.280149,-0.862722,1.21866,-1.42374
-0.283117,-0.881368,1.22526,-1.44115
-0.286085,-0.900014,1.23186,-1.45857
-0.289053,-0.91866,1.23845,-1.47598
-0.292021,-0.937306,1.24505,-1.49339
-0.294989,-0.955952,1.25165,-1.5108
-0.297957,-0.974598,1.25824,-1.52821
-0.300925,-0.993244,1.26484,-1.54563
-0.303893,-1.01189,1.27144,-1.56304
-0.306861,-1.03054,1.27803,-1.58045
-0.309829,-1.04918,1.28463,-1.59786
-0.312797,-1.06783,1.29123,-1.61527
-0.315765,-1.08647,1.29782,-1.63269
-0.318733,-1.10512,1.30442,-1.6501
-0.321701,-1.12377,1.31102,-1.66751
-0.324669,-1.14241,1.31761,-1.68492
-0.327637,-1.16106,1.32421,-1.70233
-0.330605,-1.1797,1.33081,-1.71975
-0.32605,-1.19583,1.34173,-1.71217
-0.321494,-1.21195,1.35265,-1.7046
-0.316939,-1.22808,1.36357,-1.69702
-0.312384,-1.2442,1.37449,-1.68945
-0.307828,-1.26033,1.38541,-1.68187
-0.303273,-1.27645,1.39633,-1.6743
-0.298718,-1.29257,1.40725,-1.66672
-0.294162,-1.3087,1.41817,-1.65915
-0.289607,-1.32482,1.42909,-1.65157
-0.285052,-1.34095,1.44001,-1.644
-0.280496,-1.35707,1.45093,-1.63642
-0.275941,-1.37319,1.46186,-1.62885
-0.271386,-1.38932,1.47278,-1.62128
-0.266831,-1.40544,1.4837,-1.6137
-0.262275,-1.42157,1.49462,-1.60613
-0.25772,-1.43769,1.50554,-1.59855
-0.253165,-1.45381,1.51646,-1.59098
-0.248609,-1.46994,1.52738,-1.5834
-0.244054,-1.48606,1.5383,-1.57583
-0.239499,-1.50219,1.54922,-1.56825
-0.234943,-1.51831,1.56014,-1.56068
-0.230388,-1.53444,1.57106,-1.5531
-0.225833,-1.55056,1.58198,-1.54553
-0.221278,-1.56668,1.5929,-1.53795
-0.216722,-1.58281,1.60382,-1.53038
-0.212167,-1.59893,1.61474,-1.52281
-0.207612,-1.61506,1.62567,-1.51523
-0.203056,-1.63118,1.63659,-1.50766
-0.198501,-1.6473,1.64751,-1.50008
-0.193946,-1.66343,1.65843,-1.49251
-0.18939,-1.67955,1.66935,-1.48493
-0.184835,-1.69568,1.68027,-1.47736
-0.18028,-1.7118,1.69119,-1.46978
-0.175724,-1.72793,1.70211,-1.46221
-0.171169,-1.74405,1.71303,-1.45463
-0.166614,-1.76017,1.72395,-1.44706
-0.162059,-1.7763,1.73487,-1.43948
-0.157503,-1.79242,1.74579,-1.43191
-0.152948,-1.80855,1.75671,-1.42434
-0.148393,-1.82467,1.76763,-1.41676
-0.143837,-1.84079,1.77855,-1.40919
-0.139282,-1.85692,1.78948,-1.40161
-0.134727,-1.87304,1.8004,-1.39404
-0.130171,-1.88917,1.81132,-1.38646
-0.125616,-1.90529,1.82224,-1.37889
-0.121061,-1.92142,1.83316,-1.37131
-0.116505,-1.93754,1.84408,-1.36374
-0.11195,-1.95366,1.855,-1.35616
-0.107395,-1.96979,1.86592,-1.34859
-0.10284,-1.98591,1.87684,-1.34101
-0.120854,-1.99347,1.88112,-1.36804
-0.138869,-2.00103,1.8854,-1.39506
-0.156884,-2.00859,1.88968,-1.42209
-0.174899,-2.01616,1.89395,-1.44911
-0.192913,-2.02372,1.89823,-1.47614
-0.210928,-2.03128,1.90251,-1.50316
-0.228943,-2.03884,1.90679,-1.53019
-0.246958,-2.0464,1.91107,-1.55721
-0.264973,-2.05396,1.91534,-1.58424
-0.282987,-2.06152,1.91962,-1.61126
-0.301002,-2.06908,1.9239,-1.63829
-0.319017,-2.07664,1.92818,-1.66531
-0.337032,-2.0842,1.93246,-1.69234
-0.355046,-2.09176,1.93673,-1.71936
-0.373061,-2.09932,1.94101,-1.74639
-0.391076,-2.10689,1.94529,-1.77341
-0.409091,-2.11445,1.94957,-1.80044
-0.427106,-2.12201,1.95385,-1.82746
-0.44512,-2.12957,1.95812,-1.85449
-0.463135,-2.13713,1.9624,-1.88151
-0.48115,-2.14469,1.96668,-1.90854
-0.499165,-2.15225,1.97096,-1.93556
-0.517179,-2.15981,1.97524,-1.96259
-0.535194,-2.16737,1.97951,-1.98961
-0.553209,-2.17493,1.98379,-2.01664
-0.571224,-2.18249,1.98807,-2.04366
-0.589238,-2.19005,1.99235,-2.07069
-0.607253,-2.19761,1.99663,-2.09771
-0.625268,-2.20518,2.0009,-2.12474
-0.643283,-2.21274,2.00518,-2.15176
-0.661298,-2.2203,2.00946,-2.17879
-0.679312,-2.22786,2.01374,-2.20581
-0.697327,-2.23542,2.01802,-2.23284
-0.715342,-2.24298,2.02229,-2.25986
-0.733357,-2.25054,2.02657,-2.28689
-0.751371,-2.2581,2.03085,-2.31391
-0.769386,-2.26566,2.03513,-2.34094
-0.787401,-2.27322,2.03941,-2.36796
-0.805416,-2.28078,2.04369,-2.39499
-0.823431,-2.28834,2.04796,-2.42201
-0.841445,-2.29591,2.05224,-2.44904
-0.85946,-2.30347,2.05652,-2.47606
-0.877475,-2.31103,2.0608,-2.50309
-0.89549,-2.31859,2.06508,-2.53011
-0.913504,-2.32615,2.06935,-2.55714
-0.931519,-2.33371,2.07363,-2.58416
-0.949534,-2.34127,2.07791,-2.61119
-0.967549,-2.34883,2.08219,-2.63821
-0.985564,-2.35639,2.08647,-2.66524
-1.00358,-2.36395,2.09074,-2.69226
-1.00624,-2.37769,2.07645,-2.6725
-1.00889,-2.39143,2.06216,-2.65274
-1.01155,-2.40517,2.04787,-2.63297
-1.01421,-2.41891,2.03358,-2.61321
-1.01687,-2.43264,2.01929,-2.59345
-1.01953,-2.44638,2.005,-2.57368
-1.02219,-2.46012,1.99072,-2.55392
-1.02484,-2.47386,1.97643,-2.53416
-1.0275,-2.4876,1.96214,-2.5144
-1.03016,-2.50133,1.94785,-2.49463
-1.03282,-2.51507,1.93356,-2.47487
-1.03548,-2.52881,1.91927,-2.45511
-1.03814,-2.54255,1.90498,-2.43534
-1.04079,-2.55629,1.89069,-2.41558
-1.04345,-2.57002,1.8764,-2.39582
-1.04611,-2.58376,1.86211,-2.37605
-1.04877,-2.5975,1.84782,-2.35629
-1.05143,-2.61124,1.83353,-2.33653
-1.05409,-2.62498,1.81924,-2.31676
-1.05674,-2.63872,1.80495,-2.297
-1.0594,-2.65245,1.79066,-2.27724
-1.06206,-2.66619,1.77637,-2.25747
-1.06472,-2.67993,1.76208,-2.23771
-1.06738,-2.69367,1.74779,-2.21795
-1.07004,-2.70741,1.7335,-2.19818
-1.07269,-2.72114,1.71921,-2.17842
-1.07535,-2.73488,1.70492,-2.15866
-1.07801,-2.74862,1.69063,-2.13889
-1.08067,-2.76236,1.67634,-2.11913
-1.08333,-2.7761,1.66205,-2.09937
-1.08599,-2.78983,1.64776,-2.07961
-1.08864,-2.80357,1.63347,-2.05984
-1.0913,-2.81731,1.61918,-2.04008
-1.09396,-2.83105,1.60489,-2.02032
-1.09662,-2.84479,1.5906,-2.00055
-1.09928,-2.85853,1.57631,-1.98079
-1.10194,-2.87226,1.56202,-1.96103
-1.10459,-2.886,1.54773,-1.94126
-1.10725,-2.89974,1.53344,-1.9215
-1.10991,-2.91348,1.51915,-1.90174
-1.11257,-2.92722,1.50486,-1.88197
-1.11523,-2.94095,1.49057,-1.86221
-1.11788,-2.95469,1.47628,-1.84245
-1.12054,-2.96843,1.46199,-1.82268
-1.1232,-2.98217,1.4477,-1.80292
-1.12586,-2.99591,1.43341,-1.78316
-1.12852,-3.00964,1.41912,-1.76339
-1.13118,-3.02338,1.40483,-1.74363
-1.13383,-3.03712,1.39054,-1.72387
-1.13649,-3.05086,1.37625,-1.70411
-1.12015,-3.06238,1.37584,-1.66633
-1.10381,-3.0739,1.37543,-1.62855
-1.08747,-3.08543,1.37501,-1.59078
-1.07113,-3.09695,1.3746,-1.553
-1.05478,-3.10847,1.37418,-1.51522
-1.03844,-3.12,1.37377,-1.47745
-1.0221,-3.13152,1.37335,-1.43967
-1.00576,-3.14304,1.37294,-1.40189
-0.989418,-3.15457,1.37252,-1.36412
-0.973077,-3.16609,1.37211,-1.32634
-0.956735,-3.17761,1.3717,-1.28857
-0.940394,-3.18913,1.37128,-1.25079
-0.924052,-3.20066,1.37087,-1.21301
-0.90771,-3.21218,1.37045,-1.17524
-0.891369,-3.2237,1.37004,-1.13746
-0.875027,-3.23523,1.36962,-1.09968
-0.858685,-3.24675,1.36921,-1.06191
-0.842344,-3.25827,1.36879,-1.02413
-0.826002,-3.2698,1.36838,-0.986355
-0.809661,-3.28132,1.36797,-0.948579
-0.793319,-3.29284,1.36755,-0.910803
-0.776977,-3.30437,1.36714,-0.873027
-0.760636,-3.31589,1.36672,-0.83525
-0.744294,-3.32741,1.36631,-0.797474
-0.727953,-3.33893,1.36589,-0.759698
-0.711611,-3.35046,1.36548,-0.721921
-0.695269,-3.36198,1.36507,-0.684145
-0.678928,-3.3735,1.36465,-0.646369
-0.665128,-3.38323,1.3643,-0.614468
-0.657623,-3.40101,1.36957,-0.625901
-0.650118,-3.41878,1.37484,-0.637335
-0.642614,-3.43655,1.38012,-0.648768
-0.635109,-3.45433,1.38539,-0.660202
-0.627604,-3.4721,1.39066,-0.671636
-0.6201,-3.48987,1.39593,-0.683069
-0.612595,-3.50765,1.4012,-0.694503
-0.60509,-3.52542,1.40648,-0.705936
-0.597586,-3.54319,1.41175,-0.71737
-0.590081,-3.56097,1.41702,-0.728803
-0.582576,-3.57874,1.42229,-0.740237
-0.575072,-3.59651,1.42756,-0.751671
-0.567567,-3.61429,1.43284,-0.763104
-0.560062,-3.63206,1.43811,-0.774538
-0.552557,-3.64983,1.44338,-0.785971
-0.545053,-3.6676,1.44865,-0.797405
-0.537548,-3.68538,1.45392,-0.808839
-0.530043,-3.70315,1.4592,-0.820272
-0.522539,-3.72092,1.46447,-0.831706
-0.515034,-3.7387,1.46974,-0.843139
-0.507529,-3.75647,1.47501,-0.854573
-0.500025,-3.77424,1.48028,-0.866006
-0.49252,-3.79202,1.48556,-0.87744
-0.485015,-3.80979,1.49083,-0.888874
-0.477511,-3.82756,1.4961,-0.900307
-0.470006,-3.84534,1.50137,-0.911741
-0.462501,-3.86311,1.50664,-0.923174
-0.454996,-3.88088,1.51192,-0.934608
-0.447492,-3.89866,1.51719,-0.946041
-0.439987,-3.91643,1.52246,-0.957475
-0.432482,-3.9342,1.52773,-0.968909
-0.424978,-3.95198,1.533,-0.980342
-0.417473,-3.96975,1.53828,-0.991776
-0.409968,-3.98752,1.54355,-1.00321
-0.402464,-4.0053,1.54882,-1.01464
-0.394959,-4.02307,1.55409,-1.02608
-0.387454,-4.04084,1.55936,-1.03751
-0.37995,-4.05861,1.56464,-1.04894
-0.372445,-4.07639,1.56991,-1.06038
-0.36494,-4.09416,1.57518,-1.07181
-0.357435,-4.11193,1.58045,-1.08324
-0.349931,-4.12971,1.58572,-1.09468
-0.342426,-4.14748,1.591,-1.10611
-0.334921,-4.16525,1.59627,-1.11755
-0.327417,-4.18303,1.60154,-1.12898
-0.319912,-4.2008,1.60681,-1.14041
-0.312407,-4.21857,1.61208,-1.15185
-0.304903,-4.23635,1.61736,-1.16328
-0.297398,-4.25412,1.62263,-1.17471
-0.289893,-4.27189,1.6279,-1.18615
-0.296406,-4.25325,1.63105,-1.12437
-0.302918,-4.2346,1.63421,-1.0626
-0.309431,-4.21596,1.63736,-1.00083
-0.315943,-4.19731,1.64051,-0.939057
-0.322455,-4.17867,1.64366,-0.877285
-0.328968,-4.16002,1.64682,-0.815513
-0.33548,-4.14138,1.64997,-0.753741
-0.341993,-4.12273,1.65312,-0.691969
-0.348505,-4.10409,1.65628,-0.630196
-0.355018,-4.08544,1.65943,-0.568424
-0.36153,-4.06679,1.66258,-0.506652
-0.368042,-4.04815,1.66574,-0.44488
-0.374555,-4.0295,1.66889,-0.383107
-0.381067,-4.01086,1.67204,-0.321335
-0.38758,-3.99221,1.67519,-0.259563
-0.394092,-3.97357,1.67835,-0.197791
-0.400605,-3.95492,1.6815,-0.136018
-0.407117,-3.93628,1.68465,-0.0742461
-0.413629,-3.91763,1.68781,-0.0124739
-0.420142,-3.89899,1.69096,0.0492984
-0.426654,-3.88034,1.69411,0.111071
-0.433167,-3.8617,1.69727,0.172843
-0.439679,-3.84305,1.70042,0.234615
-0.446192,-3.82441,1.70357,0.296387
-0.452704,-3.80576,1.70672,0.35816
-0.459217,-3.78712,1.70988,0.419932
-0.465729,-3.76847,1.71303,0.481704
-0.472241,-3.74982,1.71618,0.543476
-0.478754,-3.73118,1.71934,0.605249
-0.485266,-3.71253,1.72249,0.667021
-0.491779,-3.69389,1.72564,0.728793
-0.498291,-3.67524,1.7288,0.790565
-0.504804,-3.6566,1.73195,0.852338
-0.511316,-3.63795,1.7351,0.91411
-0.517828,-3.61931,1.73825,0.975882
-0.524341,-3.60066,1.74141,1.03765
-0.530853,-3.58202,1.74456,1.09943
-0.537366,-3.56337,1.74771,1.1612
-0.543878,-3.54473,1.75087,1.22297
-0.550391,-3.52608,1.75402,1.28474
-0.556903,-3.50744,1.75717,1.34652
-0.563416,-3.48879,1.76033,1.40829
-0.569928,-3.47015,1.76348,1.47006
-0.57644,-3.4515,1.76663,1.53183
-0.582953,-3.43285,1.76978,1.5936
-0.589465,-3.41421,1.77294,1.65538
-0.595978,-3.39556,1.77609,1.71715
-0.60249,-3.37692,1.77924,1.77892
-0.609003,-3.35827,1.7824,1.84069
-0.615515,-3.33963,1.78555,1.90247
-0.605953,-3.35469,1.79459,1.84297
-0.596392,-3.36976,1.80362,1.78347
-0.58683,-3.38482,1.81266,1.72398
-0.577268,-3.39989,1.82169,1.66448
-0.567706,-3.41495,1.83073,1.60499
-0.558145,-3.43001,1.83976,1.54549
-0.548583,-3.44508,1.8488,1.486
-0.539021,-3.46014,1.85783,1.4265
-0.529459,-3.47521,1.86687,1.367
-0.519898,-3.49027,1.87591,1.30751
-0.510336,-3.50533,1.88494,1.24801
-0.500774,-3.5204,1.89398,1.18852
-0.491212,-3.53546,1.90301,1.12902
-0.481651,-3.55053,1.91205,1.06953
-0.472089,-3.56559,1.92108,1.01003
-0.462527,-3.58066,1.93012,0.950534
-0.452965,-3.59572,1.93915,0.891038
-0.443404,-3.61078,1.94819,0.831543
-0.433842,-3.62585,1.95723,0.772047
-0.42428,-3.64091,1.96626,0.712551
-0.414718,-3.65598,1.9753,0.653055
-0.405157,-3.67104,1.98433,0.59356
-0.395595,-3.68611,1.99337,0.534064
-0.386033,-3.70117,2.0024,0.474568
-0.376471,-3.71623,2.01144,0.415072
-0.36691,-3.7313,2.02048,0.355577
-0.357348,-3.74636,2.02951,0.296081
-0.347786,-3.76143,2.03855,0.236585
-0.338224,-3.77649,2.04758,0.17709
-0.328663,-3.79155,2.05662,0.117594
-0.319101,-3.80662,2.06565,0.0580981
-0.309539,-3.82168,2.07469,-0.0013976
-0.299977,-3.83675,2.08372,-0.0608933
-0.290416,-3.85181,2.09276,-0.120389
-0.280854,-3.86688,2.1018,-0.179885
-0.271292,-3.88194,2.11083,-0.23938
-0.26173,-3.897,2.11987,-0.298876
-0.252169,-3.91207,2.1289,-0.358372
-0.242607,-3.92713,2.13794,-0.417868
-0.233045,-3.9422,2.14697,-0.477363
-0.223483,-3.95726,2.15601,-0.536859
-0.213922,-3.97233,2.16505,-0.596355
-0.20436,-3.98739,2.17408,-0.655851
-0.194798,-4.00245,2.18312,-0.715346
-0.185236,-4.01752,2.19215,-0.774842
-0.175675,-4.03258,2.20119,-0.834338
-0.166113,-4.04765,2.21022,-0.893833
-0.156551,-4.06271,2.21926,-0.953329
-0.146989,-4.07778,2.22829,-1.01282
-0.137428,-4.09284,2.23733,-1.07232
-0.135058,-4.11269,2.23792,-1.07991
-0.132688,-4.13254,2.2385,-1.08751
-0.130319,-4.15239,2.23909,-1.0951
-0.127949,-4.17224,2.23968,-1.1027
-0.12558,-4.19209,2.24026,-1.11029
-0.12321,-4.21194,2.24085,-1.11789
-0.12084,-4.23179,2.24143,-1.12548
-0.118471,-4.25164,2.24202,-1.13307
-0.116101,-4.27149,2.24261,-1.14067
-0.113731,-4.29134,2.24319,-1.14826
-0.111362,-4.31119,2.24378,-1.15586
-0.108992,-4.33105,2.24437,-1.16345
-0.106622,-4.3509,2.24495,-1.17105
-0.104253,-4.37075,2.24554,-1.17864
-0.101883,-4.3906,2.24612,-1.18624
-0.0995135,-4.41045,2.24671,-1.19383
-0.0971438,-4.4303,2.2473,-1.20142
-0.0947742,-4.45015,2.24788,-1.20902
-0.0924045,-4.47,2.24847,-1.21661
-0.0900349,-4.48985,2.24906,-1.22421
-0.0876652,-4.5097,2.24964,-1.2318
-0.0852956,-4.52955,2.25023,-1.2394
-0.0829259,-4.5494,2.25081,-1.24699
-0.0805563,-4.56925,2.2514,-1.25458
-0.0781867,-4.5891,2.25199,-1.26218
-0.075817,-4.60895,2.25257,-1.26977
-0.0734474,-4.6288,2.25316,-1.27737
-0.0710777,-4.64865,2.25375,-1.28496
-0.0687081,-4.6685,2.25433,-1.29256
-0.0663384,-4.68835,2.25492,-1.30015
-0.0639688,-4.7082,2.2555,-1.30774
-0.0615992,-4.72805,2.25609,-1.31534
-0.0592295,-4.7479,2.25668,-1.32293
-0.0568599,-4.76776,2.25726,-1.33053
-0.0544902,-4.78761,2.25785,-1.33812
-0.0521206,-4.80746,2.25844,-1.34572
-0.0497509,-4.82731,2.25902,-1.35331
-0.0473813,-4.84716,2.25961,-1.3609
-0.0450116,-4.86701,2.26019,-1.3685
-0.042642,-4.88686,2.26078,-1.37609
-0.0402724,-4.90671,2.26137,-1.38369
-0.0379027,-4.92656,2.26195,-1.39128
-0.0355331,-4.94641,2.26254,-1.39888
-0.0331634,-4.96626,2.26313,-1.40647
-0.0307938,-4.98611,2.26371,-1.41406
-0.0284241,-5.00596,2.2643,-1.42166
-0.0260545,-5.02581,2.26488,-1.42925
-0.0236849,-5.04566,2.26547,-1.43685
-0.0213152,-5.06551,2.26606,-1.44444
-0.0189456,-5.08536,2.26664,-1.45204
-0.0387192,-5.08665,2.26935,-1.48281
-0.0584929,-5.08794,2.27206,-1.51359
-0.0782666,-5.08923,2.27477,-1.54437
-0.0980402,-5.09052,2.27748,-1.57515
-0.117814,-5.09181,2.28019,-1.60593
-0.137588,-5.0931,2.2829,-1.63671
-0.157361,-5.09439,2.28561,-1.66749
-0.177135,-5.09568,2.28832,-1.69827
-0.196909,-5.09697,2.29103,-1.72905
-0.216682,-5.09826,2.29374,-1.75983
-0.236456,-5.09954,2.29644,-1.79061
-0.25623,-5.10083,2.29915,-1.82139
-0.276003,-5.10212,2.30186,-1.85217
-0.295777,-5.10341,2.30457,-1.88295
-0.315551,-5.1047,2.30728,-1.91373
-0.335324,-5.10599,2.30999,-1.94451
-0.355098,-5.10728,2.3127,-1.97529
-0.374872,-5.10857,2.31541,-2.00607
-0.394645,-5.10986,2.31812,-2.03684
-0.414419,-5.11115,2.32083,-2.06762
-0.434193,-5.11244,2.32354,-2.0984
-0.453966,-5.11373,2.32625,-2.12918
-0.47374,-5.11502,2.32895,-2.15996
-0.493514,-5.11631,2.33166,-2.19074
-0.513287,-5.11759,2.33437,-2.22152
-0.533061,-5.11888,2.33708,-2.2523
-0.552835,-5.12017,2.33979,-2.28308
-0.572608,-5.12146,2.3425,-2.31386
-0.592382,-5.12275,2.34521,-2.34464
-0.612156,-5.12404,2.34792,-2.37542
-0.631929,-5.12533,2.35063,-2.4062
-0.651703,-5.12662,2.35334,-2.43698
-0.671477,-5.12791,2.35605,-2.46776
-0.69125,-5.1292,2.35876,-2.49854
-0.711024,-5.13049,2.36147,-2.52932
-0.730798,-5.13178,2.36417,-2.5601
-0.750571,-5.13307,2.36688,-2.59087
-0.770345,-5.13436,2.36959,-2.62165
-0.790119,-5.13564,2.3723,-2.65243
-0.809892,-5.13693,2.37501,-2.68321
-0.829666,-5.13822,2.37772,-2.71399
-0.84944,-5.13951,2.38043,-2.74477
-0.869213,-5.1408,2.38314,-2.77555
-0.888987,-5.14209,2.38585,-2.80633
-0.908761,-5.14338,2.38856,-2.83711
-0.928534,-5.14467,2.39127,-2.86789
-0.948308,-5.14596,2.39398,-2.89867
-0.968082,-5.14725,2.39668,-2.92945
-0.987855,-5.14854,2.39939,-2.96023
-1.00763,-5.14983,2.4021,-2.99101
-1.00687,-5.16743,2.39263,-2.96184
-1.00611,-5.18503,2.38316,-2.93268
-1.00534,-5.20263,2.37369,-2.90351
-1.00458,-5.22023,2.36423,-2.87434
-1.00382,-5.23783,2.35476,-2.84518
-1.00306,-5.25543,2.34529,-2.81601
-1.0023,-5.27302,2.33582,-2.78684
-1.00153,-5.29062,2.32635,-2.75768
-1.00077,-5.30822,2.31688,-2.72851
-1.00001,-5.32582,2.30741,-2.69935
-0.999249,-5.34342,2.29794,-2.67018
-0.998487,-5.36102,2.28847,-2.64101
-0.997725,-5.37862,2.279,-2.61185
-0.996963,-5.39622,2.26953,-2.58268
-0.996202,-5.41382,2.26006,-2.55351
-0.99544,-5.43142,2.25059,-2.52435
-0.994678,-5.44902,2.24112,-2.49518
-0.993916,-5.46662,2.23165,-2.46602
-0.993154,-5.48422,2.22218,-2.43685
-0.992392,-5.50182,2.21271,-2.40768
-0.991631,-5.51942,2.20325,-2.37852
-0.990869,-5.53702,2.19378,-2.34935
-0.990107,-5.55462,2.18431,-2.32018
-0.989345,-5.57222,2.17484,-2.29102
-0.988583,-5.58982,2.16537,-2.26185
-0.987821,-5.60742,2.1559,-2.23269
-0.98706,-5.62502,2.14643,-2.20352
-0.986298,-5.64262,2.13696,-2.17435
-0.985536,-5.66022,2.12749,-2.14519
-0.984774,-5.67782,2.11802,-2.11602
-0.984012,-5.69542,2.10855,-2.08685
-0.98325,-5.71302,2.09908,-2.05769
-0.982489,-5.73062,2.08961,-2.02852
-0.981727,-5.74822,2.08014,-1.99936
-0.980965,-5.76582,2.07067,-1.97019
-0.980203,-5.78342,2.0612,-1.94102
-0.979441,-5.80102,2.05173,-1.91186
-0.978679,-5.81862,2.04227,-1.88269
-0.977918,-5.83622,2.0328,-1.85352
-0.977156,-5.85382,2.02333,-1.82436
-0.976394,-5.87141,2.01386,-1.79519
-0.975632,-5.88901,2.00439,-1.76603
-0.97487,-5.90661,1.99492,-1.73686
-0.974108,-5.92421,1.98545,-1.70769
-0.973347,-5.94181,1.97598,-1.67853
-0.972585,-5.95941,1.96651,-1.64936
-0.971823,-5.97701,1.95704,-1.62019
-0.971061,-5.99461,1.94757,-1.59103
-0.970299,-6.01221,1.9381,-1.56186
-0.969537,-6.02981,1.92863,-1.5327
-0.950273,-6.02582,1.92503,-1.4966
-0.931009,-6.02183,1.92143,-1.4605
-0.911745,-6.01784,1.91783,-1.42441
-0.892481,-6.01384,1.91423,-1.38831
-0.873217,-6.00985,1.91063,-1.35221
-0.853953,-6.00586,1.90703,-1.31612
-0.834689,-6.00187,1.90343,-1.28002
-0.815425,-5.99788,1.89983,-1.24393
-0.796161,-5.99388,1.89623,-1.20783
-0.776896,-5.98989,1.89263,-1.17173
-0.757632,-5.9859,1.88903,-1.13564
-0.738368,-5.98191,1.88543,-1.09954
-0.719104,-5.97792,1.88183,-1.06345
-0.69984,-5.97392,1.87824,-1.02735
-0.680576,-5.96993,1.87464,-0.991253
-0.661312,-5.96594,1.87104,-0.955157
-0.642048,-5.96195,1.86744,-0.91906
-0.622784,-5.95796,1.86384,-0.882964
-0.60352,-5.95396,1.86024,-0.846868
-0.584255,-5.94997,1.85664,-0.810772
-0.564991,-5.94598,1.85304,-0.774676
-0.545727,-5.94199,1.84944,-0.738579
-0.526463,-5.938,1.84584,-0.702483
-0.507199,-5.934,1.84224,-0.666387
-0.487935,-5.93001,1.83864,-0.630291
-0.468671,-5.92602,1.83504,-0.594195
-0.449407,-5.92203,1.83144,-0.558098
-0.430143,-5.91804,1.82784,-0.522002
-0.410879,-5.91404,1.82424,-0.485906
-0.391615,-5.91005,1.82064,-0.44981
-0.37235,-5.90606,1.81704,-0.413714
-0.353086,-5.90207,1.81344,-0.377618
-0.333822,-5.89808,1.80984,-0.341521
-0.314558,-5.89408,1.80624,-0.305425
-0.295294,-5.89009,1.80264,-0.269329
-0.27603,-5.8861,1.79904,-0.233233
-0.256766,-5.88211,1.79544,-0.197137
-0.237502,-5.87812,1.79184,-0.16104
-0.218238,-5.87412,1.78824,-0.124944
-0.198974,-5.87013,1.78464,-0.088848
-0.179709,-5.86614,1.78104,-0.0527518
-0.160445,-5.86215,1.77744,-0.0166556
-0.141181,-5.85816,1.77384,0.0194406
-0.121917,-5.85416,1.77024,0.0555367
-0.102653,-5.85017,1.76664,0.0916329
-0.0833889,-5.84618,1.76304,0.127729
-0.0641248,-5.84219,1.75944,0.163825
-0.0448607,-5.8382,1.75584,0.199922
-0.0255966,-5.8342,1.75224,0.236018
-0.00633255,-5.83021,1.74864,0.272114
0.0133578,-5.83288,1.75091,0.263147
0.033048,-5.83555,1.75319,0.254181
0.0527383,-5.83822,1.75546,0.245214
0.0724286,-5.8409,1.75773,0.236248
0.0921189,-5.84357,1.76,0.227281
0.111809,-5.84624,1.76227,0.218315
0.1315,-5.84891,1.76454,0.209348
0.15119,-5.85158,1.76681,0.200382
0.17088,-5.85425,1.76909,0.191415
0.19057,-5.85692,1.77136,0.182449
0.210261,-5.85959,1.77363,0.173482
0.229951,-5.86226,1.7759,0.164516
0.249641,-5.86493,1.77817,0.155549
0.269332,-5.8676,1.78044,0.146583
0.289022,-5.87027,1.78271,0.137616
0.308712,-5.87294,1.78499,0.12865
0.328403,-5.87561,1.78726,0.119683
0.348093,-5.87829,1.78953,0.110717
0.367783,-5.88096,1.7918,0.10175
0.387473,-5.88363,1.79407,0.0927837
0.407164,-5.8863,1.79634,0.0838172
0.426854,-5.88897,1.79861,0.0748507
0.446544,-5.89164,1.80089,0.0658841
0.466235,-5.89431,1.80316,0.0569176
0.485925,-5.89698,1.80543,0.0479511
0.505615,-5.89965,1.8077,0.0389846
0.525305,-5.90232,1.80997,0.0300181
0.544996,-5.90499,1.81224,0.0210516
0.564686,-5.90766,1.81451,0.0120851
0.584376,-5.91033,1.81679,0.00311858
0.604067,-5.91301,1.81906,-0.00584793
0.623757,-5.91568,1.82133,-0.0148144
0.643447,-5.91835,1.8236,-0.023781
0.663138,-5.92102,1.82587,-0.0327475
0.682828,-5.92369,1.82814,-0.041714
0.702518,-5.92636,1.83041,-0.0506805
0.722208,-5.92903,1.83269,-0.059647
0.741899,-5.9317,1.83496,-0.0686135
0.761589,-5.93437,1.83723,-0.07758
0.781279,-5.93704,1.8395,-0.0865465
0.80097,-5.93971,1.84177,-0.095513
0.82066,-5.94238,1.84404,-0.10448
0.84035,-5.94505,1.84631,-0.113446
0.860041,-5.94773,1.84858,-0.122413
0.879731,-5.9504,1.85086,-0.131379
0.899421,-5.95307,1.85313,-0.140346
0.919111,-5.95574,1.8554,-0.149312
0.938802,-5.95841,1.85767,-0.158279
0.958492,-5.96108,1.85994,-0.167245
0.978182,-5.96375,1.86221,-0.176212
0.992658,-5.9732,1.87227,-0.187918
1.00713,-5.98265,1.88233,-0.199625
1.02161,-5.9921,1.89239,-0.211332
1.03608,-6.00154,1.90245,-0.223039
1.05056,-6.01099,1.91251,-0.234745
1.06503,-6.02044,1.92257,-0.246452
1.07951,-6.02989,1.93263,-0.258159
1.09399,-6.03934,1.94269,-0.269865
1.10846,-6.04879,1.95274,-0.281572
1.12294,-6.05824,1.9628,-0.293279
1.13741,-6.06769,1.97286,-0.304986
1.15189,-6.07713,1.98292,-0.316692
1.16636,-6.08658,1.99298,-0.328399
1.18084,-6.09603,2.00304,-0.340106
1.19531,-6.10548,2.0131,-0.351812
1.20979,-6.11493,2.02316,-0.363519
1.22426,-6.12438,2.03322,-0.375226
1.23874,-6.13383,2.04328,-0.386933
1.25321,-6.14328,2.05334,-0.398639
1.26769,-6.15272,2.06339,-0.410346
1.28217,-6.16217,2.07345,-0.422053
1.29664,-6.17162,2.08351,-0.433759
1.31112,-6.18107,2.09357,-0.445466
1.32559,-6.19052,2.10363,-0.457173
1.34007,-6.19997,2.11369,-0.46888
1.35454,-6.20942,2.12375,-0.480586
1.36902,-6.21887,2.13381,-0.492293
1.38349,-6.22831,2.14387,-0.504
1.39797,-6.23776,2.15393,-0.515707
1.41244,-6.24721,2.16398,-0.527413
1.42692,-6.25666,2.17404,-0.53912
1.44139,-6.26611,2.1841,-0.550827
1.45587,-6.27556,2.19416,-0.562533
1.47035,-6.28501,2.20422,-0.57424
1.48482,-6.29446,2.21428,-0.585947
1.4993,-6.3039,2.22434,-0.597654
1.51377,-6.31335,2.2344,-0.60936
1.52825,-6.3228,2.24446,-0.621067
1.54272,-6.33225,2.25452,-0.632774
1.5572,-6.3417,2.26458,-0.64448
1.57167,-6.35115,2.27463,-0.656187
1.58615,-6.3606,2.28469,-0.667894
1.60062,-6.37005,2.29475,-0.679601
1.6151,-6.3795,2.30481,-0.691307
1.62957,-6.38894,2.31487,-0.703014
1.64405,-6.39839,2.32493,-0.714721
1.65853,-6.40784,2.33499,-0.726428
1.673,-6.41729,2.34505,-0.738134
1.68748,-6.42674,2.35511,-0.749841
1.70195,-6.43619,2.36517,-0.761548
1.72162,-6.43624,2.3688,-0.749972
1.74128,-6.43629,2.37244,-0.738397
1.76095,-6.43634,2.37607,-0.726822
1.78062,-6.43639,2.37971,-0.715247
1.80029,-6.43644,2.38334,-0.703671
1.81995,-6.43649,2.38698,-0.692096
1.83962,-6.43654,2.39061,-0.680521
1.85929,-6.43659,2.39425,-0.668946
1.87895,-6.43664,2.39788,-0.65737
1.89862,-6.43669,2.40152,-0.645795
1.91829,-6.43674,2.40515,-0.63422
1.93795,-6.43679,2.40879,-0.622645
1.95762,-6.43684,2.41242,-0.611069
1.97729,-6.43689,2.41606,-0.599494
1.99695,-6.43694,2.41969,-0.587919
2.01662,-6.43699,2.42333,-0.576344
2.03629,-6.43704,2.42696,-0.564768
2.05595,-6.43709,2.4306,-0.553193
2.07562,-6.43714,2.43423,-0.541618
2.09529,-6.43719,2.43787,-0.530043
2.11495,-6.43724,2.4415,-0.518467
2.13462,-6.43729,2.44514,-0.506892
2.15429,-6.43734,2.44877,-0.495317
2.17396,-6.43739,2.45241,-0.483742
2.19362,-6.43744,2.45604,-0.472166
2.21329,-6.43749,2.45968,-0.460591
2.23296,-6.43754,2.46331,-0.449016
2.25262,-6.43759,2.46695,-0.437441
2.27229,-6.43765,2.47058,-0.425865
2.29196,-6.4377,2.47422,-0.41429
2.31162,-6.43775,2.47785,-0.402715
2.33129,-6.4378,2.48149,-0.39114
2.35096,-6.43785,2.48512,-0.379564
2.37062,-6.4379,2.48876,-0.367989
2.39029,-6.43795,2.49239,-0.356414
2.40996,-6.438,2.49603,-0.344839
2.42962,-6.43805,2.49966,-0.333263
2.44929,-6.4381,2.5033,-0.321688
2.46896,-6.43815,2.50693,-0.310113
2.48862,-6.4382,2.51057,-0.298538
2.50829,-6.43825,2.5142,-0.286962
2.52796,-6.4383,2.51784,-0.275387
2.54762,-6.43835,2.52147,-0.263812
2.56729,-6.4384,2.52511,-0.252237
2.58696,-6.43845,2.52874,-0.240661
2.60663,-6.4385,2.53238,-0.229086
2.62629,-6.43855,2.53601,-0.217511
2.64596,-6.4386,2.53965,-0.205936
2.66563,-6.43865,2.54328,-0.19436
2.68529,-6.4387,2.54692,-0.182785
2.69586,-6.42714,2.53448,-0.158847
2.70643,-6.41557,2.52205,-0.134909
2.71699,-6.40401,2.50962,-0.110971
2.72756,-6.39244,2.49718,-0.0870331
2.73813,-6.38088,2.48475,-0.0630951
2.7487,-6.36932,2.47231,-0.0391571
2.75926,-6.35775,2.45988,-0.0152191
2.76983,-6.34619,2.44745,0.00871895
2.7804,-6.33462,2.43501,0.0326569
2.79097,-6.32306,2.42258,0.056595
2.80153,-6.3115,2.41014,0.080533
2.8121,-6.29993,2.39771,0.104471
2.82267,-6.28837,2.38528,0.128409
2.83324,-6.2768,2.37284,0.152347
2.8438,-6.26524,2.36041,0.176285
2.85437,-6.25368,2.34797,0.200223
2.86494,-6.24211,2.33554,0.224161
2.87551,-6.23055,2.32311,0.248099
2.88607,-6.21898,2.31067,0.272037
2.89664,-6.20742,2.29824,0.295975
2.90721,-6.19586,2.28581,0.319913
2.91778,-6.18429,2.27337,0.343851
2.92834,-6.17273,2.26094,0.367789
2.93891,-6.16116,2.2485,0.391727
2.94948,-6.1496,2.23607,0.415665
2.96005,-6.13803,2.22364,0.439603
2.97061,-6.12647,2.2112,0.463541
2.98118,-6.11491,2.19877,0.487479
2.99175,-6.10334,2.18633,0.511417
3.00232,-6.09178,2.1739,0.535355
3.01288,-6.08021,2.16147,0.559293
3.02345,-6.06865,2.14903,0.583231
3.03402,-6.05709,2.1366,0.607169
3.04459,-6.04552,2.12416,0.631107
3.05515,-6.03396,2.11173,0.655045
3.06572,-6.02239,2.0993,0.678983
3.07629,-6.01083,2.08686,0.702921
3.08685,-5.99927,2.07443,0.726859
3.09742,-5.9877,2.062,0.750797
3.10799,-5.97614,2.04956,0.774735
3.11856,-5.96457,2.03713,0.798673
3.12912,-5.95301,2.02469,0.822611
3.13969,-5.94145,2.01226,0.846549
3.15026,-5.92988,1.99983,0.870487
3.16083,-5.91832,1.98739,0.894425
3.17139,-5.90675,1.97496,0.918363
3.18196,-5.89519,1.96252,0.942301
3.19253,-5.88363,1.95009,0.966239
3.2031,-5.87206,1.93766,0.990177
3.21366,-5.8605,1.92522,1.01412
3.23016,-5.84974,1.92172,1.00586
3.24665,-5.83898,1.91822,0.997602
3.26314,-5.82822,1.91472,0.989345
3.27963,-5.81746,1.91122,0.981088
3.29613,-5.8067,1.90772,0.972831
3.31262,-5.79595,1.90422,0.964575
3.32911,-5.78519,1.90072,0.956318
3.3456,-5.77443,1.89722,0.948061
3.36209,-5.76367,1.89371,0.939804
3.37859,-5.75291,1.89021,0.931547
3.39508,-5.74215,1.88671,0.923291
3.41157,-5.73139,1.88321,0.915034
3.42806,-5.72063,1.87971,0.906777
3.44456,-5.70988,1.87621,0.89852
3.46105,-5.69912,1.87271,0.890264
3.47754,-5.68836,1.86921,0.882007
3.49403,-5.6776,1.86571,0.87375
3.51052,-5.66684,1.86221,0.865493
3.52702,-5.65608,1.85871,0.857237
3.54351,-5.64532,1.85521,0.84898
3.56,-5.63457,1.8517,0.840723
3.57649,-5.62381,1.8482,0.832466
3.59299,-5.61305,1.8447,0.82421
3.60948,-5.60229,1.8412,0.815953
3.62597,-5.59153,1.8377,0.807696
3.64246,-5.58077,1.8342,0.799439
3.65896,-5.57001,1.8307,0.791183
3.67545,-5.55925,1.8272,0.782926
3.69194,-5.5485,1.8237,0.774669
3.70843,-5.53774,1.8202,0.766412
3.72492,-5.52698,1.8167,0.758155
3.74142,-5.51622,1.8132,0.749899
3.75791,-5.50546,1.80969,0.741642
3.7744,-5.4947,1.80619,0.733385
3.79089,-5.48394,1.80269,0.725128
3.80739,-5.47319,1.79919,0.716872
3.82388,-5.46243,1.79569,0.708615
3.84037,-5.45167,1.79219,0.700358
3.85686,-5.44091,1.78869,0.692101
3.87336,-5.43015,1.78519,0.683845
3.88985,-5.41939,1.78169,0.675588
3.90634,-5.40863,1.77819,0.667331
3.92283,-5.39787,1.77469,0.659074
3.93932,-5.38712,1.77119,0.650818
3.95582,-5.37636,1.76768,0.642561
3.97231,-5.3656,1.76418,0.634304
3.9888,-5.35484,1.76068,0.626047
4.00529,-5.34408,1.75718,0.617791
4.02179,-5.33332,1.75368,0.609534
4.03828,-5.32256,1.75018,0.601277
4.02477,-5.30801,1.75257,0.635502
4.01126,-5.29346,1.75497,0.669727
3.99774,-5.27891,1.75736,0.703952
3.98423,-5.26436,1.75975,0.738177
3.97072,-5.24981,1.76214,0.772403
3.95721,-5.23526,1.76454,0.806628
3.9437,-5.22071,1.76693,0.840853
3.93019,-5.20616,1.76932,0.875078
3.91668,-5.19161,1.77172,0.909303
3.90316,-5.17706,1.77411,0.943528
3.88965,-5.16251,1.7765,0.977753
3.87614,-5.14796,1.77889,1.01198
3.86263,-5.13341,1.78129,1.0462
3.84912,-5.11886,1.78368,1.08043
3.83561,-5.10431,1.78607,1.11465
3.8221,-5.08976,1.78846,1.14888
3.80858,-5.07521,1.79086,1.1831
3.79507,-5.06065,1.79325,1.21733
3.78156,-5.0461,1.79564,1.25155
3.76805,-5.03155,1.79804,1.28578
3.75454,-5.017,1.80043,1.32
3.74103,-5.00245,1.80282,1.35423
3.72752,-4.9879,1.80521,1.38845
3.714,-4.97335,1.80761,1.42268
3.70049,-4.9588,1.81,1.4569
3.68698,-4.94425,1.81239,1.49113
3.67347,-4.9297,1.81478,1.52536
3.65996,-4.91515,1.81718,1.55958
3.64645,-4.9006,1.81957,1.59381
3.63294,-4.88605,1.82196,1.62803
3.61942,-4.8715,1.82436,1.66226
3.60591,-4.85695,1.82675,1.69648
3.5924,-4.8424,1.82914,1.73071
3.57889,-4.82785,1.83153,1.76493
3.56538,-4.8133,1.83393,1.79916
3.55187,-4.79875,1.83632,1.83338
3.53836,-4.7842,1.83871,1.86761
3.52485,-4.76964,1.8411,1.90183
3.51133,-4.75509,1.8435,1.93606
3.49782,-4.74054,1.84589,1.97028
3.48431,-4.72599,1.84828,2.00451
3.4708,-4.71144,1.85068,2.03873
3.45729,-4.69689,1.85307,2.07296
3.44378,-4.68234,1.85546,2.10718
3.43027,-4.66779,1.85785,2.14141
3.41675,-4.65324,1.86025,2.17563
3.40324,-4.63869,1.86264,2.20986
3.38973,-4.62414,1.86503,2.24408
3.37622,-4.60959,1.86742,2.27831
3.36271,-4.59504,1.86982,2.31253
3.37773,-4.5851,1.86112,2.28071
3.39275,-4.57516,1.85242,2.24889
3.40776,-4.56523,1.84371,2.21706
3.42278,-4.55529,1.83501,2.18524
3.4378,-4.54535,1.82631,2.15341
3.45282,-4.53542,1.81761,2.12159
3.46784,-4.52548,1.80891,2.08977
3.48286,-4.51554,1.80021,2.05794
3.49787,-4.50561,1.79151,2.02612
3.51289,-4.49567,1.78281,1.99429
3.52791,-4.48573,1.77411,1.96247
3.54293,-4.4758,1.76541,1.93065
3.55795,-4.46586,1.75671,1.89882
3.57297,-4.45592,1.74801,1.867
3.58799,-4.44599,1.7393,1.83517
3.603,-4.43605,1.7306,1.80335
3.61802,-4.42611,1.7219,1.77153
3.63304,-4.41617,1.7132,1.7397
3.64806,-4.40624,1.7045,1.70788
3.66308,-4.3963,1.6958,1.67606
3.6781,-4.38636,1.6871,1.64423
3.69311,-4.37643,1.6784,1.61241
3.70813,-4.36649,1.6697,1.58058
3.72315,-4.35655,1.661,1.54876
3.73817,-4.34662,1.6523,1.51694
3.75319,-4.33668,1.64359,1.48511
3.76821,-4.32674,1.63489,1.45329
3.78322,-4.31681,1.62619,1.42146
3.79824,-4.30687,1.61749,1.38964
3.81326,-4.29693,1.60879,1.35782
3.82828,-4.287,1.60009,1.32599
3.8433,-4.27706,1.59139,1.29417
3.85832,-4.26712,1.58269,1.26235
3.87334,-4.25718,1.57399,1.23052
3.88835,-4.24725,1.56529,1.1987
3.90337,-4.23731,1.55659,1.16687
3.91839,-4.22737,1.54789,1.13505
3.93341,-4.21744,1.53918,1.10323
3.94843,-4.2075,1.53048,1.0714
3.96345,-4.19756,1.52178,1.03958
3.97846,-4.18763,1.51308,1.00775
3.99348,-4.17769,1.50438,0.97593
4.0085,-4.16775,1.49568,0.944106
4.02352,-4.15782,1.48698,0.912283
4.03854,-4.14788,1.47828,0.880459
4.05356,-4.13794,1.46958,0.848635
4.06858,-4.12801,1.46088,0.816811
4.08359,-4.11807,1.45218,0.784987
4.09861,-4.10813,1.44348,0.753163
4.11363,-4.09819,1.43477,0.721339
4.11137,-4.1161,1.42614,0.673236
4.10912,-4.134,1.41751,0.625133
4.10686,-4.1519,1.40888,0.57703
4.10461,-4.1698,1.40025,0.528927
4.10235,-4.1877,1.39162,0.480824
4.1001,-4.2056,1.38299,0.432721
4.09784,-4.2235,1.37436,0.384618
4.09559,-4.2414,1.36573,0.336515
4.09333,-4.2593,1.3571,0.288412
4.09108,-4.2772,1.34847,0.240309
4.08882,-4.2951,1.33984,0.192206
4.08656,-4.313,1.33121,0.144103
4.08431,-4.3309,1.32258,0.0959995
4.08205,-4.3488,1.31395,0.0478965
4.0798,-4.3667,1.30532,-0.000206589
4.07754,-4.3846,1.29669,-0.0483096
4.07529,-4.40251,1.28806,-0.0964127
4.07303,-4.42041,1.27943,-0.144516
4.07078,-4.43831,1.2708,-0.192619
4.06852,-4.45621,1.26217,-0.240722
4.06626,-4.47411,1.25354,-0.288825
4.06401,-4.49201,1.24491,-0.336928
4.06175,-4.50991,1.23628,-0.385031
4.0595,-4.52781,1.22765,-0.433134
4.05724,-4.54571,1.21902,-0.481237
4.05499,-4.56361,1.21039,-0.52934
4.05273,-4.58151,1.20176,-0.577443
4.05048,-4.59941,1.19313,-0.625546
4.04822,-4.61731,1.1845,-0.673649
4.04596,-4.63521,1.17587,-0.721752
4.04371,-4.65311,1.16724,-0.769856
4.04145,-4.67102,1.15861,-0.817959
4.0392,-4.68892,1.14998,-0.866062
4.03694,-4.70682,1.14135,-0.914165
4.03469,-4.72472,1.13272,-0.962268
4.03243,-4.74262,1.12409,-1.01037
4.03018,-4.76052,1.11546,-1.05847
4.02792,-4.77842,1.10683,-1.10658
4.02566,-4.79632,1.0982,-1.15468
4.02341,-4.81422,1.08957,-1.20278
4.02115,-4.83212,1.08094,-1.25089
4.0189,-4.85002,1.07231,-1.29899
4.01664,-4.86792,1.06368,-1.34709
4.01439,-4.88582,1.05505,-1.3952
4.01213,-4.90372,1.04642,-1.4433
4.00988,-4.92162,1.03779,-1.4914
4.00762,-4.93952,1.02916,-1.5395
4.00536,-4.95743,1.02053,-1.58761
4.00311,-4.97533,1.0119,-1.63571
4.00085,-4.99323,1.00327,-1.68381
3.98085,-4.99324,1.00326,-1.71295
3.96085,-4.99326,1.00325,-1.74209
3.94085,-4.99328,1.00324,-1.77122
3.92085,-4.99329,1.00323,-1.80036
3.90085,-4.99331,1.00322,-1.8295
3.88085,-4.99333,1.00322,-1.85863
3.86085,-4.99335,1.00321,-1.88777
3.84085,-4.99336,1.0032,-1.91691
3.82085,-4.99338,1.00319,-1.94604
3.80085,-4.9934,1.00318,-1.97518
3.78085,-4.99341,1.00318,-2.00432
3.76085,-4.99343,1.00317,-2.03346
3.74085,-4.99345,1.00316,-2.06259
3.72085,-4.99346,1.00315,-2.09173
3.70085,-4.99348,1.00314,-2.12087
3.68085,-4.9935,1.00313,-2.15
3.66085,-4.99351,1.00313,-2.17914
3.64085,-4.99353,1.00312,-2.20828
3.62085,-4.99355,1.00311,-2.23741
3.60085,-4.99357,1.0031,-2.26655
3.58085,-4.99358,1.00309,-2.29569
3.56085,-4.9936,1.00309,-2.32482
3.54085,-4.99362,1.00308,-2.35396
3.52085,-4.99363,1.00307,-2.3831
3.50085,-4.99365,1.00306,-2.41223
3.48085,-4.99367,1.00305,-2.44137
3.46085,-4.99368,1.00305,-2.47051
3.44085,-4.9937,1.00304,-2.49964
3.42085,-4.99372,1.00303,-2.52878
3.40085,-4.99373,1.00302,-2.55792
3.38085,-4.99375,1.00301,-2.58705
3.36085,-4.99377,1.003,-2.61619
3.34085,-4.99379,1.003,-2.64533
3.32085,-4.9938,1.00299,-2.67446
3.30085,-4.99382,1.00298,-2.7036
3.28085,-4.99384,1.00297,-2.73274
3.26085,-4.99385,1.00296,-2.76187
3.24085,-4.99387,1.00296,-2.79101
3.22085,-4.99389,1.00295,-2.82015
3.20085,-4.9939,1.00294,-2.84928
3.18085,-4.99392,1.00293,-2.87842
3.16085,-4.99394,1.00292,-2.90756
3.14085,-4.99395,1.00291,-2.9367
3.12085,-4.99397,1.00291,-2.96583
3.10085,-4.99399,1.0029,-2.99497
3.08085,-4.99401,1.00289,-3.02411
3.06085,-4.99402,1.00288,-3.05324
3.04085,-4.99404,1.00287,-3.08238
3.02085,-4.99406,1.00287,-3.11152
3.00085,-4.99407,1.00286,-3.14065
2.9995,-5.01363,1.00681,-3.11061
2.99814,-5.03319,1.01077,-3.08057
2.99679,-5.05275,1.01472,-3.05053
2.99543,-5.07231,1.01868,-3.02049
2.99408,-5.09186,1.02263,-2.99045
2.99272,-5.11142,1.02659,-2.96041
2.99137,-5.13098,1.03054,-2.93037
2.99001,-5.15054,1.0345,-2.90032
2.98866,-5.1701,1.03845,-2.87028
2.9873,-5.18965,1.04241,-2.84024
2.98595,-5.20921,1.04636,-2.8102
2.98459,-5.22877,1.05032,-2.78016
2.98324,-5.24833,1.05427,-2.75012
2.98188,-5.26789,1.05823,-2.72008
2.98053,-5.28745,1.06218,-2.69004
2.97917,-5.307,1.06614,-2.66
2.97782,-5.32656,1.07009,-2.62995
2.97646,-5.34612,1.07405,-2.59991
2.97511,-5.36568,1.078,-2.56987
2.97375,-5.38524,1.08196,-2.53983
2.9724,-5.40479,1.08591,-2.50979
2.97104,-5.42435,1.08987,-2.47975
2.96969,-5.44391,1.09382,-2.44971
2.96833,-5.46347,1.09778,-2.41967
2.96698,-5.48303,1.10173,-2.38963
2.96562,-5.50258,1.10569,-2.35958
2.96427,-5.52214,1.10965,-2.32954
2.96291,-5.5417,1.1136,-2.2995
2.96156,-5.56126,1.11756,-2.26946
2.9602,-5.58082,1.12151,-2.23942
2.95885,-5.60038,1.12547,-2.20938
2.95749,-5.61993,1.12942,-2.17934
2.95614,-5.63949,1.13338,-2.1493
2.95478,-5.65905,1.13733,-2.11926
2.95343,-5.67861,1.14129,-2.08921
2.95207,-5.69817,1.14524,-2.05917
2.95072,-5.71772,1.1492,-2.02913
2.94936,-5.73728,1.15315,-1.99909
2.94801,-5.75684,1.15711,-1.96905
2.94665,-5.7764,1.16106,-1.93901
2.9453,-5.79596,1.16502,-1.90897
2.94394,-5.81552,1.16897,-1.87893
2.94259,-5.83507,1.17293,-1.84889
2.94123,-5.85463,1.17688,-1.81884
2.93988,-5.87419,1.18084,-1.7888
2.93852,-5.89375,1.18479,-1.75876
2.93717,-5.91331,1.18875,-1.72872
2.93581,-5.93286,1.1927,-1.69868
2.93446,-5.95242,1.19666,-1.66864
2.9331,-5.97198,1.20061,-1.6386
2.9272,-5.97361,1.21965,-1.64323
2.9213,-5.97524,1.23869,-1.64787
2.9154,-5.97688,1.25773,-1.6525
2.90949,-5.97851,1.27677,-1.65714
2.90359,-5.98014,1.29581,-1.66178
2.89769,-5.98177,1.31485,-1.66641
2.89179,-5.98341,1.33389,-1.67105
2.88588,-5.98504,1.35293,-1.67568
2.87998,-5.98667,1.37197,-1.68032
2.87408,-5.9883,1.39101,-1.68496
2.86818,-5.98993,1.41005,-1.68959
2.86227,-5.99157,1.42908,-1.69423
2.85637,-5.9932,1.44812,-1.69886
2.85047,-5.99483,1.46716,-1.7035
2.84457,-5.99646,1.4862,-1.70813
2.83866,-5.9981,1.50524,-1.71277
2.83276,-5.99973,1.52428,-1.71741
2.82686,-6.00136,1.54332,-1.72204
2.82096,-6.00299,1.56236,-1.72668
2.81505,-6.00462,1.5814,-1.73131
2.80915,-6.00626,1.60044,-1.73595
2.80325,-6.00789,1.61948,-1.74058
2.79735,-6.00952,1.63852,-1.74522
2.79144,-6.01115,1.65756,-1.74986
2.78554,-6.01278,1.6766,-1.75449
2.77964,-6.01442,1.69563,-1.75913
2.77374,-6.01605,1.71467,-1.76376
2.76783,-6.01768,1.73371,-1.7684
2.76193,-6.01931,1.75275,-1.77303
2.75603,-6.02095,1.77179,-1.77767
2.75013,-6.02258,1.79083,-1.78231
2.74422,-6.02421,1.80987,-1.78694
2.73832,-6.02584,1.82891,-1.79158
2.73242,-6.02747,1.84795,-1.79621
2.72651,-6.02911,1.86699,-1.80085
2.72061,-6.03074,1.88603,-1.80549
2.71471,-6.03237,1.90507,-1.81012
2.70881,-6.034,1.92411,-1.81476
2.7029,-6.03563,1.94315,-1.81939
2.697,-6.03727,1.96219,-1.82403
2.6911,-6.0389,1.98122,-1.82866
2.6852,-6.04053,2.00026,-1.8333
2.67929,-6.04216,2.0193,-1.83794
2.67339,-6.0438,2.03834,-1.84257
2.66749,-6.04543,2.05738,-1.84721
2.66159,-6.04706,2.07642,-1.85184
2.65568,-6.04869,2.09546,-1.85648
2.64978,-6.05032,2.1145,-1.86111
2.64388,-6.05196,2.13354,-1.86575
2.63798,-6.05359,2.15258,-1.87039
2.6217,-6.06521,2.15272,-1.88341
2.60542,-6.07683,2.15287,-1.89643
2.58914,-6.08845,2.15301,-1.90946
2.57287,-6.10007,2.15315,-1.92248
2.55659,-6.11169,2.15329,-1.93551
2.54031,-6.12331,2.15344,-1.94853
2.52403,-6.13493,2.15358,-1.96155
2.50776,-6.14655,2.15372,-1.97458
2.49148,-6.15817,2.15387,-1.9876
2.4752,-6.16979,2.15401,-2.00063
2.45892,-6.18141,2.15415,-2.01365
2.44265,-6.19303,2.1543,-2.02668
2.42637,-6.20465,2.15444,-2.0397
2.41009,-6.21627,2.15458,-2.05272
2.39381,-6.22789,2.15473,-2.06575
2.37754,-6.23951,2.15487,-2.07877
2.36126,-6.25113,2.15501,-2.0918
2.34498,-6.26275,2.15516,-2.10482
2.3287,-6.27437,2.1553,-2.11784
2.31243,-6.28599,2.15544,-2.13087
2.29615,-6.2976,2.15559,-2.14389
2.27987,-6.30922,2.15573,-2.15692
2.26359,-6.32084,2.15587,-2.16994
2.24731,-6.33246,2.15601,-2.18297
2.23104,-6.34408,2.15616,-2.19599
2.21476,-6.3557,2.1563,-2.20901
2.19848,-6.36732,2.15644,-2.22204
2.1822,-6.37894,2.15659,-2.23506
2.16593,-6.39056,2.15673,-2.24809
2.14965,-6.40218,2.15687,-2.26111
2.13337,-6.4138,2.15702,-2.27413
2.11709,-6.42542,2.15716,-2.28716
2.10082,-6.43704,2.1573,-2.30018
2.08454,-6.44866,2.15745,-2.31321
2.06826,-6.46028,2.15759,-2.32623
2.05198,-6.4719,2.15773,-2.33925
2.03571,-6.48352,2.15788,-2.35228
2.01943,-6.49514,2.15802,-2.3653
2.00315,-6.50676,2.15816,-2.37833
1.98687,-6.51838,2.15831,-2.39135
1.9706,-6.53,2.15845,-2.40438
1.95432,-6.54162,2.15859,-2.4174
1.93804,-6.55324,2.15874,-2.43042
1.92176,-6.56486,2.15888,-2.44345
1.90549,-6.57648,2.15902,-2.45647
1.88921,-6.5881,2.15916,-2.4695
1.87293,-6.59972,2.15931,-2.48252
1.85665,-6.61134,2.15945,-2.49554
1.84038,-6.62296,2.15959,-2.50857
1.8241,-6.63458,2.15974,-2.52159
1.80527,-6.63505,2.15301,-2.52711
1.78644,-6.63553,2.14628,-2.53263
1.76761,-6.636,2.13955,-2.53815
1.74879,-6.63647,2.13282,-2.54367
1.72996,-6.63695,2.12609,-2.54919
1.71113,-6.63742,2.11936,-2.55471
1.6923,-6.63789,2.11263,-2.56023
1.67347,-6.63837,2.1059,-2.56575
1.65465,-6.63884,2.09917,-2.57126
1.63582,-6.63931,2.09244,-2.57678
1.61699,-6.63979,2.08572,-2.5823
1.59816,-6.64026,2.07899,-2.58782
1.57933,-6.64073,2.07226,-2.59334
1.56051,-6.64121,2.06553,-2.59886
1.54168,-6.64168,2.0588,-2.60438
1.52285,-6.64215,2.05207,-2.6099
1.50402,-6.64263,2.04534,-2.61542
1.48519,-6.6431,2.03861,-2.62094
1.46637,-6.64358,2.03188,-2.62646
1.44754,-6.64405,2.02515,-2.63197
1.42871,-6.64452,2.01842,-2.63749
1.40988,-6.645,2.01169,-2.64301
1.39105,-6.64547,2.00496,-2.64853
1.37223,-6.64594,1.99823,-2.65405
1.3534,-6.64642,1.9915,-2.65957
1.33457,-6.64689,1.98478,-2.66509
1.31574,-6.64736,1.97805,-2.67061
1.29691,-6.64784,1.97132,-2.67613
1.27809,-6.64831,1.96459,-2.68165
1.25926,-6.64878,1.95786,-2.68717
1.24043,-6.64926,1.95113,-2.69268
1.2216,-6.64973,1.9444,-2.6982
1.20278,-6.6502,1.93767,-2.70372
1.18395,-6.65068,1.93094,-2.70924
1.16512,-6.65115,1.92421,-2.71476
1.14629,-6.65162,1.91748,-2.72028
1.12746,-6.6521,1.91075,-2.7258
1.10864,-6.65257,1.90402,-2.73132
1.08981,-6.65304,1.89729,-2.73684
1.07098,-6.65352,1.89056,-2.74236
1.05215,-6.65399,1.88384,-2.74788
1.03332,-6.65446,1.87711,-2.7534
1.0145,-6.65494,1.87038,-2.75891
0.995668,-6.65541,1.86365,-2.76443
0.97684,-6.65589,1.85692,-2.76995
0.958012,-6.65636,1.85019,-2.77547
0.939184,-6.65683,1.84346,-2.78099
0.920356,-6.65731,1.83673,-2.78651
0.901528,-6.65778,1.83,-2.79203
0.8827,-6.65825,1.82327,-2.79755
0.863999,-6.6519,1.82012,-2.81168
0.845298,-6.64555,1.81697,-2.82581
0.826597,-6.6392,1.81381,-2.83994
0.807897,-6.63285,1.81066,-2.85407
0.789196,-6.6265,1.80751,-2.86819
0.770495,-6.62015,1.80435,-2.88232
0.751794,-6.61379,1.8012,-2.89645
0.733093,-6.60744,1.79805,-2.91058
0.714392,-6.60109,1.79489,-2.92471
0.695692,-6.59474,1.79174,-2.93884
0.676991,-6.58839,1.78859,-2.95297
0.65829,-6.58204,1.78543,-2.9671
0.639589,-6.57569,1.78228,-2.98123
0.620888,-6.56934,1.77913,-2.99536
0.602187,-6.56299,1.77597,-3.00949
0.583487,-6.55663,1.77282,-3.02362
0.564786,-6.55028,1.76967,-3.03775
0.546085,-6.54393,1.76652,-3.05188
0.527384,-6.53758,1.76336,-3.06601
0.508683,-6.53123,1.76021,-3.08013
0.489983,-6.52488,1.75706,-3.09426
0.471282,-6.51853,1.7539,-3.10839
0.452581,-6.51218,1.75075,-3.12252
0.43388,-6.50583,1.7476,-3.13665
0.415179,-6.49947,1.74444,3.1324
0.396478,-6.49312