3.75243e-18,2.32482e-11,0.13,-1.54118e-17
5.23833e-18,2.32482e-11,0.13,-2.05548e-17
-3.69746e-18,2.32482e-11,0.13,-2.54321e-17
-2.04927e-18,2.32482e-11,0.13,-3.03169e-17
2.19479e-19,2.32482e-11,0.13,-3.52281e-17
2.39681e-18,2.32482e-11,0.13,-4.01545e-17
3.87516e-18,2.32482e-11,0.13,-4.50299e-17
5.26095e-18,2.32482e-11,0.13,-4.99388e-17
5.68836e-18,2.32482e-11,0.13,-5.48536e-17
-3.47475e-18,2.32482e-11,0.13,-5.97844e-17
-2.40785e-18,2.32482e-11,0.13,-6.46235e-17
-1.46994e-19,2.32482e-11,0.13,-6.95304e-17
2.60654e-18,2.32482e-11,0.13,-7.43985e-17
4.67096e-18,2.32482e-11,0.13,-7.9192e-17
-5.05368e-18,2.32482e-11,0.13,-8.41443e-17
-2.68776e-18,2.32482e-11,0.13,-8.90678e-17
-2.92285e-19,2.32482e-11,0.13,-9.39686e-17
1.16829e-18,2.32482e-11,0.13,-9.89277e-17
4.40766e-18,2.16381e-11,0.13,-1.03165e-16
5.41791e-13,-2.01769e-11,0.221786,-9.52105e-17
3.8994e-12,-4.36052e-11,0.42096,-8.56947e-17
7.19068e-12,-4.32955e-11,0.625251,-6.77613e-17
8.49275e-12,-2.73128e-11,0.790127,-4.55892e-17
8.34145e-12,-1.44223e-11,0.908806,-0.0240996
8.44437e-12,-6.77733e-12,0.982989,-0.0853266
8.34011e-12,-4.2848e-12,1.02327,-0.164288
7.54613e-12,-3.97653e-12,1.04095,-0.248008
7.10696e-12,-4.13946e-12,1.04815,-0.346499
6.9901e-12,-5.11165e-12,1.04806,-0.469227
6.66826e-12,-6.32072e-12,1.04424,-0.599911
6.18996e-12,-7.0759e-12,1.03925,-0.727333
5.79931e-12,-7.50049e-12,1.03676,-0.861494
5.07985e-12,-8.44377e-12,1.03439,-1.01046
3.74408e-12,-9.39482e-12,1.03211,-1.16123
2.34696e-12,-9.69672e-12,1.03007,-1.30463
1.31245e-12,-9.66276e-12,1.03051,-1.44963
-7.26824e-14,-9.91681e-12,1.03059,-1.60633
-1.88925e-12,-9.95845e-12,1.03,-1.76323
-3.40457e-12,-9.44105e-12,1.02904,-1.91182
-4.38371e-12,-8.78308e-12,1.03001,-2.06201
-5.72687e-12,-8.1395e-12,1.03022,-2.22241
-7.26156e-12,-7.0915e-12,1.02973,-2.38208
-8.21806e-12,-5.77832e-12,1.02886,-2.53282
-8.6619e-12,-4.64619e-12,1.03005,-2.68461
-9.38687e-12,-3.30475e-12,1.03037,-2.84612
-1.00052e-11,-1.54553e-12,1.0299,-3.00664
-1.00204e-11,9.13381e-14,1.02912,3.12493
-9.74492e-12,1.3353e-12,1.03013,2.96929
-9.55655e-12,2.94941e-12,1.03019,2.80551
-8.98971e-12,4.77053e-12,1.02959,2.64381
-8.02251e-12,6.05151e-12,1.0287,2.49192
-7.09937e-12,6.81167e-12,1.02988,2.33841
-6.04616e-12,7.95549e-12,1.03016,2.17598
-4.5374e-12,9.10834e-12,1.02969,2.01518
-3.02705e-12,9.59848e-12,1.02886,1.86965
-1.7711e-12,9.66098e-12,1.02984,1.71288
-2.90097e-13,9.944e-12,1.03019,1.55191
1.60008e-12,1.00209e-11,1.02976,1.39175
3.18959e-12,9.52961e-12,1.02897,1.24041
4.28423e-12,8.86644e-12,1.03019,1.08586
5.75211e-12,8.17737e-12,1.0304,0.922632
7.29588e-12,7.07923e-12,1.02984,0.761185
8.22213e-12,5.76959e-12,1.0289,0.609311
8.55856e-12,4.73915e-12,1.02782,0.472531
8.68696e-12,4.04824e-12,1.02674,0.354153
8.7822e-12,3.50636e-12,1.02572,0.25549
8.8615e-12,2.9907e-12,1.0249,0.176209
8.92119e-12,2.48121e-12,1.02438,0.114777
8.96464e-12,1.9986e-12,1.02414,0.0689279
8.99383e-12,1.5977e-12,1.02408,0.0382877
9.01788e-12,1.19248e-12,1.0241,0.0136469
9.0322e-12,8.82053e-13,1.02415,-0.000764626
9.04097e-12,6.30661e-13,1.02417,-0.0092272
9.04603e-12,4.32337e-13,1.02415,-0.0134685
9.04906e-12,2.80487e-13,1.02409,-0.0148575
9.05113e-12,1.68071e-13,1.02401,-0.0144466
9.05243e-12,9.06233e-14,1.02392,-0.01307
9.05337e-12,3.32975e-14,1.02382,-0.0110635
9.05413e-12,-1.74328e-15,1.02373,-0.00899851
9.05478e-12,-2.22359e-14,1.02365,-0.00702983
9.05511e-12,-3.25418e-14,1.02359,-0.0052809
9.05537e-12,-3.60291e-14,1.02354,-0.00380764
9.05551e-12,-3.5121e-14,1.0235,-0.00261977
9.05558e-12,-3.18585e-14,1.02348,-0.00169946
9.05555e-12,-2.75722e-14,1.02347,-0.00103748
9.0554e-12,-2.25504e-14,1.02346,-0.000524476
9.05534e-12,-1.79033e-14,1.02346,-0.000191296
9.05536e-12,-1.36387e-14,1.02346,2.15401e-05
9.05541e-12,-9.95734e-15,1.02346,0.000145728
9.0553e-12,-7.03828e-15,1.02346,0.000207172
9.0553e-12,-4.84071e-15,1.02346,0.000226307
9.05526e-12,-3.21181e-15,1.02346,0.000218789
9.05518e-12,-2.03742e-15,1.02346,0.000196091
9.05514e-12,-1.24703e-15,1.02346,0.00016639
9.05528e-12,-7.8907e-16,1.02346,0.000135012
9.05538e-12,-5.85593e-16,1.02346,0.000105247
9.05539e-12,-5.60767e-16,1.02346,7.89017e-05
9.05539e-12,-5.35536e-16,1.02346,5.67621e-05
9.05541e-12,-5.15125e-16,1.02346,3.89492e-05
9.05539e-12,-5.44743e-16,1.02345,2.51763e-05
9.05535e-12,-6.00764e-16,1.02345,1.49371e-05
9.05529e-12,-7.00951e-16,1.02345,7.63657e-06
4.93028e-07,6.54256e-07,1.02354,-4.59718e-06
-0.0190282,-0.0239945,1.02899,-0.0257478
-0.13693,-0.142871,1.02716,-0.00806331
-0.284072,-0.279753,1.02378,-0.00216209
-0.389533,-0.387305,1.02311,0.000877905
-0.447521,-0.45019,1.02267,0.00405633
-0.474079,-0.479351,1.0221,0.00563028
-0.485625,-0.490335,1.02192,0.00573165
-0.491274,-0.493928,1.02213,0.00519849
-0.494647,-0.495545,1.0225,0.00443291
-0.496848,-0.496849,1.02285,0.00361072
-0.498235,-0.498015,1.02312,0.00282457
-0.498994,-0.498838,1.0233,0.00217703
-0.499475,-0.499381,1.0445,0.00200298
-0.501058,-0.496721,1.10318,0.0077026
-0.508852,-0.484475,1.16676,0.0251554
-0.525064,-0.46148,1.21966,0.0566908
-0.547893,-0.430227,1.25761,0.103346
-0.574783,-0.393731,1.28169,0.163627
-0.602866,-0.355367,1.29508,0.235354
-0.630891,-0.3158,1.30129,0.316615
-0.658788,-0.275973,1.30325,0.405249
-0.686678,-0.235993,1.30295,0.500077
-0.715188,-0.195027,1.30168,0.599684
-0.744204,-0.154068,1.30019,0.702744
-0.773266,-0.113339,1.29892,0.808207
-0.802161,-0.0727151,1.29797,0.915337
-0.828764,-0.0351001,1.29731,1.01515
-0.859986,0.00895604,1.29662,1.1328
-0.888625,0.0490776,1.29611,1.24206
-0.91732,0.0897007,1.29577,1.35195
-0.946372,0.130886,1.29543,1.46227
-0.97582,0.172246,1.29509,1.57263
-1.00503,0.212979,1.29475,1.68251
-1.0334,0.252473,1.29441,1.78769
-1.05853,0.287574,1.29398,1.87541
-1.0879,0.329101,1.29334,1.96396
-1.11622,0.369154,1.29267,2.03101
-1.1454,0.41006,1.29206,2.08412
-1.17449,0.450543,1.29156,2.12462
-1.20321,0.490485,1.29118,2.15433
-1.23215,0.530818,1.29086,2.17519
-1.25922,0.568634,1.29059,2.18818
-1.29064,0.612586,1.29028,2.19769
-1.31969,0.653218,1.29001,2.20246
-1.34877,0.693902,1.28972,2.20457
-1.37818,0.735045,1.28942,2.20493
-1.40757,0.776169,1.28913,2.20421
-1.43656,0.816733,1.28883,2.20292
-1.4628,0.853472,1.28856,2.20153
-1.49353,0.896477,1.28826,2.19987
-1.52281,0.937456,1.28797,2.19846
-1.55231,0.978744,1.28768,2.19724
-1.58142,1.01948,1.28739,2.19623
-1.60978,1.05917,1.28712,2.19543
-1.63817,1.09889,1.2869,2.19482
-1.66695,1.13913,1.28663,2.19437
-1.69614,1.1799,1.28635,2.19406
-1.72514,1.22039,1.28607,2.19386
-1.75396,1.26061,1.28586,2.19373
-1.78294,1.30107,1.28564,2.19366
-1.8121,1.34177,1.28536,2.19363
-1.84109,1.38222,1.2851,2.19362
-1.87013,1.42275,1.28486,2.19364
-1.89681,1.45999,1.28463,2.19366
-1.92825,1.50388,1.28431,2.19368
-1.95741,1.54457,1.28401,2.1937
-1.98668,1.58543,1.28376,2.19373
-2.01567,1.62589,1.28348,2.19374
-2.04434,1.66591,1.28317,2.19376
-2.07349,1.7066,1.28289,2.19377
-2.10314,1.74797,1.28265,2.19378
-2.13023,1.78578,1.28242,2.19379
-2.16162,1.82958,1.28213,2.19379
-2.19047,1.86985,1.28187,2.19379
-2.21924,1.91,1.2816,2.19379
-2.24779,1.94984,1.28134,2.19378
-2.27665,1.99012,1.28107,2.19376
-2.30613,2.03123,1.28078,2.19373
-2.33449,2.07078,1.28053,2.1937
-2.36505,2.1134,1.2803,2.19366
-2.39406,2.15387,1.28008,2.19362
-2.4231,2.19437,1.27986,2.19358
-2.45206,2.23477,1.27959,2.19353
-2.48102,2.27516,1.27932,2.19348
-2.51001,2.3156,1.27906,2.19343
-2.53887,2.35587,1.27876,2.19338
-2.56786,2.39629,1.27845,2.19333
-2.59719,2.43721,1.2782,2.19328
-2.62666,2.47831,1.27797,2.19323
-2.65597,2.51919,1.2777,2.19318
-2.68536,2.56018,1.27742,2.19313
-2.71459,2.60095,1.27714,2.19308
-2.74365,2.64149,1.27686,2.19303
-2.77059,2.67907,1.27658,2.19298
-2.79028,2.70655,1.27624,2.19294
-2.80141,2.72215,1.2759,2.19291
-2.80749,2.73079,1.27557,2.19288
-2.81015,2.73467,1.27534,2.19285
-2.81141,2.7366,1.27521,2.19284
-2.81208,2.73767,1.27514,2.19282
-2.81248,2.73832,1.27511,2.19282
-2.81272,2.73871,1.27511,2.19281
-2.81286,2.73894,1.27511,2.19281
-2.81294,2.73906,1.27512,2.19281
-2.81299,2.73913,1.27513,2.19281
-2.81301,2.73917,1.27513,2.19281
-2.81302,2.73919,1.27513,2.19281
-2.81303,2.7392,1.27514,2.19281
-2.81303,2.73921,1.27514,2.19281
-2.81303,2.73922,1.27514,2.19281
-2.81304,2.73922,1.27514,2.19281
-2.81304,2.73922,1.27514,2.19281
-2.81304,2.73922,1.27514,2.19281
-2.81304,2.73922,1.27514,2.19281
-2.81304,2.73922,1.27514,2.19281
-2.81304,2.73922,1.27514,2.19281
-2.81304,2.73922,1.27514,2.19281
-2.81304,2.73922,1.27514,2.19281
-2.81304,2.73922,1.27514,2.19281
-2.81304,2.73922,1.27514,2.19281
-2.81304,2.73922,1.27514,2.19281
-2.81304,2.73922,1.27514,2.19281
-2.81304,2.73922,1.27514,2.19281
-2.81305,2.73925,1.27518,2.19281
-2.81393,2.74061,1.27594,2.18951
-2.81135,2.73954,1.27718,2.17251
-2.79822,2.7268,1.27818,2.13687
-2.77682,2.70248,1.27884,2.08134
-2.75034,2.6709,1.27924,2.00644
-2.72024,2.63545,1.27938,1.91454
-2.68839,2.59859,1.27937,1.80898
-2.65591,2.56195,1.27928,1.69286
-2.62321,2.52583,1.27912,1.56807
-2.58949,2.48916,1.27897,1.43626
-2.55581,2.45151,1.2788,1.29918
-2.52265,2.41364,1.27866,1.15857
-2.48988,2.37628,1.27869,1.01505
-2.4569,2.33918,1.27861,0.869195
-2.42342,2.30166,1.27849,0.721669
-2.3901,2.26379,1.27837,0.572833
-2.3571,2.22601,1.27831,0.423301
-2.32431,2.18857,1.27825,0.272912
-2.29097,2.15105,1.27821,0.122124
-2.23775,2.09016,1.27816,-0.122549
-2.23656,2.08875,1.27816,-0.128309
-2.2052,2.04995,1.27807,-0.308618
-2.18788,2.02971,1.27778,-0.430713
-2.16782,2.00947,1.27739,-0.532493
-2.14057,1.98096,1.27696,-0.624357
-2.11102,1.94773,1.27666,-0.694864
-2.07989,1.91157,1.27648,-0.74931
-2.04801,1.87444,1.2764,-0.789798
-2.01543,1.83687,1.27635,-0.818673
-1.9828,1.79959,1.27632,-0.838284
-1.95022,1.76254,1.27633,-0.85079
-1.91736,1.7252,1.27632,-0.858049
-1.88435,1.68769,1.27626,-0.861597
-1.85124,1.65007,1.27619,-0.86266
-1.81789,1.61216,1.27617,-0.862168
-1.78452,1.57425,1.27615,-0.860794
-1.75161,1.53686,1.27609,-0.859014
-1.71884,1.49962,1.27603,-0.857141
-1.68731,1.46379,1.27601,-0.855437
-1.65296,1.42475,1.27599,-0.853804
-1.61972,1.38699,1.27596,-0.852491
-1.548,1.30549,1.27571,-0.850333
-1.5472,1.30458,1.2757,-0.850308
-1.54072,1.29721,1.27562,-0.850102
-1.52696,1.28148,1.2754,-0.849587
-1.51609,1.26898,1.27541,-0.849296
-1.49926,1.24975,1.27556,-0.849117
-1.4737,1.22065,1.27571,-0.849005
-1.4443,1.18728,1.27579,-0.848953
-1.41283,1.15161,1.27582,-0.848939
-1.38079,1.1153,1.27586,-0.848947
-1.34821,1.07835,1.27592,-0.848968
-1.31544,1.04116,1.27595,-0.848995
-1.28264,1.00391,1.27592,-0.849023
-1.24993,0.966754,1.27588,-0.84905
-1.21733,0.929713,1.27585,-0.849073
-1.18441,0.892311,1.27584,-0.849093
-1.15081,0.854133,1.27581,-0.849109
-1.11719,0.815932,1.27578,-0.849121
-1.08382,0.778018,1.27575,-0.849129
-1.05351,0.74358,1.27574,-0.849135
-1.01827,0.703527,1.27575,-0.84914
-0.98517,0.665911,1.27577,-0.849143
-0.88855,0.556103,1.27551,-0.849146
-0.887726,0.555166,1.2755,-0.849146
-0.886919,0.554248,1.27549,-0.849146
-0.874521,0.540124,1.27534,-0.849147
-0.86397,0.528032,1.27521,-0.849146
-0.85169,0.513938,1.27525,-0.849146
-0.832112,0.491585,1.27538,-0.849147
-0.805515,0.461341,1.27546,-0.849146
-0.775126,0.426868,1.27551,-0.849146
-0.743508,0.391037,1.27557,-0.849145
-0.711305,0.354535,1.27562,-0.849145
-0.678509,0.317332,1.27568,-0.849145
-0.645231,0.279557,1.2757,-0.849144
-0.611909,0.241715,1.27572,-0.849144
-0.579092,0.204437,1.27571,-0.849143
-0.546555,0.167467,1.27575,-0.849143
-0.513818,0.130265,1.27578,-0.849143
-0.480444,0.0923379,1.27575,-0.849143
-0.447263,0.0546352,1.27574,-0.849143
-0.415851,0.0189414,1.27571,-0.849142
-0.381598,-0.0199828,1.27566,-0.849142
-0.348351,-0.0577636,1.27562,-0.849142
-0.315379,-0.0952313,1.2756,-0.849142
-0.230257,-0.191971,1.27541,-0.849143
-0.229393,-0.192954,1.2754,-0.849143
-0.228545,-0.193918,1.27539,-0.849143
-0.211342,-0.213527,1.27523,-0.849196
-0.201413,-0.227268,1.27708,-0.850959
-0.195499,-0.247361,1.28229,-0.856978
-0.193818,-0.277081,1.29119,-0.868647
-0.196269,-0.315543,1.30338,-0.886538
-0.201483,-0.359076,1.31776,-0.910177
-0.208142,-0.404825,1.33348,-0.938862
-0.215182,-0.451082,1.34978,-0.971626
-0.222239,-0.497099,1.36633,-1.00761
-0.22919,-0.542648,1.38303,-1.04615
-0.236245,-0.588933,1.39974,-1.08664
-0.243461,-0.635528,1.41649,-1.12858
-0.250802,-0.682202,1.43304,-1.17133
-0.258167,-0.728287,1.44954,-1.21471
-0.265538,-0.775109,1.46621,-1.25868
-0.272386,-0.818702,1.48155,-1.29938
-0.280501,-0.869553,1.49936,-1.34711
-0.287928,-0.91585,1.5158,-1.39119
-0.295225,-0.961947,1.53224,-1.43517
-0.302524,-1.00818,1.54871,-1.47912
-0.327379,-1.16013,1.59884,-1.69949
-0.327384,-1.16015,1.59882,-1.6997
-0.327389,-1.16017,1.59881,-1.69989
-0.327395,-1.16019,1.5988,-1.70009
-0.3274,-1.16021,1.59879,-1.70028
-0.327405,-1.16023,1.59878,-1.70047
-0.32741,-1.16025,1.59877,-1.70065
-0.327415,-1.16027,1.59876,-1.70083
-0.32742,-1.16029,1.59875,-1.70101
-0.327465,-1.16045,1.59866,-1.70261
-0.327593,-1.16333,1.60168,-1.70673
-0.32622,-1.17605,1.61048,-1.70767
-0.321827,-1.20029,1.62546,-1.70566
-0.314172,-1.23292,1.64551,-1.70047
-0.304448,-1.26972,1.66906,-1.69232
-0.293685,-1.30826,1.69474,-1.68153
-0.282633,-1.34737,1.72175,-1.66848
-0.271927,-1.38547,1.74813,-1.65425
-0.261178,-1.42366,1.77452,-1.63876
-0.249135,-1.46649,1.80431,-1.62015
-0.237837,-1.50676,1.83199,-1.60208
-0.226495,-1.54713,1.85945,-1.58351
-0.2152,-1.5871,1.88671,-1.56465
-0.203885,-1.62719,1.91416,-1.54554
-0.192507,-1.66762,1.94153,-1.52632
-0.181051,-1.70818,1.9691,-1.507
-0.169513,-1.74908,1.99676,-1.48763
-0.157993,-1.78983,2.02418,-1.46831
-0.146628,-1.82996,2.05127,-1.44913
-0.107749,-1.96824,2.1415,-1.35281
-0.107743,-1.96827,2.14149,-1.35267
-0.107736,-1.9683,2.14148,-1.35254
-0.10773,-1.96833,2.14147,-1.3524
-0.107724,-1.96837,2.14146,-1.35227
-0.107718,-1.9684,2.14145,-1.35214
-0.107712,-1.96843,2.14144,-1.35201
-0.107706,-1.96845,2.14143,-1.35188
-0.10763,-1.96881,2.14135,-1.35028
-0.107906,-1.9711,2.14382,-1.34926
-0.114701,-1.97939,2.14929,-1.35497
-0.133835,-1.99286,2.15686,-1.36939
-0.164346,-2.00902,2.16605,-1.39338
-0.202328,-2.02637,2.17621,-1.4266
-0.244431,-2.04448,2.18691,-1.46804
-0.287777,-2.06288,2.19767,-1.51617
-0.331573,-2.08156,2.20848,-1.56999
-0.375885,-2.10061,2.21936,-1.62822
-0.420313,-2.11957,2.23015,-1.68965
-0.465035,-2.13853,2.24089,-1.75362
-0.509882,-2.15751,2.25149,-1.81915
-0.554474,-2.17622,2.26207,-1.88577
-0.599202,-2.19505,2.27275,-1.95314
-0.644234,-2.21402,2.28352,-2.02114
-0.68948,-2.23305,2.29418,-2.08927
-0.731023,-2.2504,2.30404,-2.15217
-0.779836,-2.27092,2.31561,-2.22596
-0.824664,-2.28972,2.32633,-2.29415
-0.945221,-2.33958,2.35306,-2.48462
-0.946263,-2.33999,2.35328,-2.48676
-0.947284,-2.34039,2.35349,-2.48889
-0.965264,-2.34749,2.35753,-2.53406
-0.977433,-2.35318,2.35884,-2.57494
-0.987426,-2.36294,2.35289,-2.60196
-0.998686,-2.38325,2.33609,-2.61907
-1.00791,-2.40944,2.31231,-2.62091
-1.01594,-2.4401,2.28294,-2.61061
-1.02311,-2.47281,2.2499,-2.58986
-1.02998,-2.50641,2.21493,-2.56068
-1.03676,-2.54021,2.17907,-2.52493
-1.04349,-2.57382,2.14296,-2.48425
-1.05025,-2.60766,2.10667,-2.43986
-1.05706,-2.64194,2.0701,-2.39273
-1.06386,-2.67663,2.03373,-2.34386
-1.07054,-2.7113,1.99765,-2.29394
-1.07715,-2.74568,1.96164,-2.2434
-1.08381,-2.78011,1.9258,-2.19263
-1.09042,-2.81425,1.89025,-2.14196
-1.09644,-2.8454,1.85774,-2.09555
-1.10351,-2.88186,1.81942,-2.04119
-1.11025,-2.91635,1.78338,-1.99076
-1.12452,-2.99171,1.7094,-1.88096
-1.12471,-2.99276,1.7084,-1.87923
-1.12658,-3.00326,1.6983,-1.86083
-1.13002,-3.02332,1.67643,-1.81361
-1.12736,-3.03767,1.66456,-1.77491
-1.11436,-3.05593,1.65713,-1.73282
-1.08843,-3.08002,1.65222,-1.68007
-1.05518,-3.10558,1.64953,-1.62182
-1.01752,-3.13252,1.64809,-1.55612
-0.97793,-3.16054,1.64724,-1.48373
-0.937406,-3.18936,1.64653,-1.40589
-0.897068,-3.21812,1.64581,-1.32378
-0.857124,-3.24667,1.64502,-1.23841
-0.817245,-3.27524,1.64414,-1.15013
-0.710572,-3.34938,1.64141,-0.898428
-0.709692,-3.34995,1.64138,-0.895522
-0.708832,-3.35051,1.64134,-0.892634
-0.693655,-3.36071,1.64054,-0.828673
-0.684283,-3.36887,1.64104,-0.772642
-0.674018,-3.38352,1.64414,-0.730957
-0.659017,-3.41013,1.65064,-0.699863
-0.642027,-3.44429,1.6596,-0.683035
-0.623933,-3.48364,1.67057,-0.677559
-0.605369,-3.52593,1.68276,-0.681592
-0.586777,-3.56918,1.69565,-0.693277
-0.568192,-3.61267,1.70877,-0.710783
-0.549731,-3.65597,1.72205,-0.732683
-0.531027,-3.69973,1.7353,-0.75768
-0.51235,-3.74365,1.74854,-0.784851
-0.493503,-3.78803,1.76189,-0.813512
-0.474368,-3.83313,1.7753,-0.843079
-0.455346,-3.87814,1.7887,-0.873119
-0.436308,-3.92324,1.80202,-0.903321
-0.417427,-3.96799,1.81526,-0.933438
-0.398805,-4.01211,1.82848,-0.963384
-0.379982,-4.0566,1.84181,-0.993216
-0.361079,-4.1013,1.85487,-1.02269
-0.303478,-4.23927,1.89369,-1.12913
-0.303309,-4.23968,1.89382,-1.1298
-0.303145,-4.24007,1.89394,-1.13047
-0.302985,-4.24045,1.89406,-1.13113
-0.301987,-4.24284,1.89481,-1.13558
-0.298967,-4.24984,1.89823,-1.15125
-0.297569,-4.25156,1.90267,-1.1491
-0.300372,-4.23972,1.90829,-1.1265
-0.309318,-4.21352,1.91477,-1.08137
-0.322961,-4.17764,1.92193,-1.01527
-0.338561,-4.1371,1.92956,-0.930359
-0.354291,-4.09343,1.93729,-0.829323
-0.370086,-4.0477,1.94501,-0.715757
-0.385885,-4.00164,1.9527,-0.592457
-0.401442,-3.95513,1.96065,-0.461166
-0.41731,-3.90812,1.96854,-0.323873
-0.433565,-3.86122,1.97628,-0.182468
-0.449777,-3.8151,1.98393,-0.0381371
-0.464965,-3.771,1.99132,0.102769
-0.481418,-3.72257,1.99952,0.257442
-0.49767,-3.67602,2.00734,0.407207
-0.514046,-3.62972,2.0151,0.557898
-0.530204,-3.58365,2.02286,0.709458
-0.546282,-3.53704,2.03068,0.861505
-0.609,-3.35828,2.05614,1.85009
-0.609,-3.35828,2.05613,1.85001
-0.609,-3.35828,2.05613,1.84993
-0.609,-3.35828,2.05613,1.84985
-0.609,-3.35828,2.05612,1.84977
-0.609,-3.35828,2.05612,1.84969
-0.609,-3.35828,2.05612,1.84961
-0.609,-3.35828,2.05611,1.84954
-0.609,-3.35828,2.05611,1.84946
-0.609,-3.35828,2.05611,1.84938
-0.60905,-3.35813,2.05659,1.84905
-0.609061,-3.35809,2.05665,1.84909
-0.609074,-3.35805,2.05672,1.84913
-0.609088,-3.35801,2.0568,1.84918
-0.609104,-3.35795,2.05688,1.84922
-0.609121,-3.3579,2.05696,1.84925
-0.60914,-3.35784,2.05706,1.84928
-0.60916,-3.35777,2.05717,1.84929
-0.60918,-3.3577,2.05728,1.8493
-0.609289,-3.35726,2.05797,1.84918
-0.607937,-3.35637,2.06466,1.84148
-0.599554,-3.36594,2.07634,1.81754
-0.5848,-3.38781,2.09226,1.77399
-0.566243,-3.41797,2.11094,1.71163
-0.545939,-3.45144,2.13146,1.63214
-0.52552,-3.48352,2.15145,1.54556
-0.500003,-3.52263,2.17574,1.42997
-0.475699,-3.56003,2.19852,1.31251
-0.451439,-3.59776,2.2216,1.1871
-0.427439,-3.63529,2.24438,1.05609
-0.403708,-3.67231,2.26689,0.920779
-0.379877,-3.70922,2.28919,0.782332
-0.355858,-3.74647,2.31163,0.64116
-0.332088,-3.78392,2.33409,0.498177
-0.308081,-3.82169,2.35674,0.353398
-0.28398,-3.85965,2.37934,0.207537
-0.25996,-3.8977,2.40197,0.0608187
-0.236168,-3.93543,2.42448,-0.0861814
-0.176861,-4.03009,2.47857,-0.46523
-0.176187,-4.03127,2.47917,-0.470512
-0.175526,-4.03242,2.47976,-0.475772
-0.160335,-4.0597,2.49506,-0.632541
-0.151635,-4.07463,2.50334,-0.739709
-0.142463,-4.09701,2.50898,-0.83244
-0.134291,-4.13037,2.51269,-0.910954
-0.127638,-4.17241,2.51517,-0.976319
-0.121885,-4.21913,2.51695,-1.03014
-0.116521,-4.26564,2.5183,-1.07265
-0.110623,-4.31616,2.51962,-1.11056
-0.104714,-4.36515,2.52088,-1.14085
-0.0986687,-4.41441,2.52218,-1.1666
-0.0926885,-4.46354,2.52352,-1.18916
-0.0866428,-4.51339,2.52487,-1.20955
-0.0806713,-4.56313,2.52625,-1.22847
-0.0750437,-4.61039,2.52763,-1.24583
-0.0688994,-4.66173,2.52917,-1.26421
-0.0629325,-4.71157,2.53064,-1.28181
-0.0568909,-4.76195,2.5321,-1.29947
-0.0509512,-4.81185,2.53355,-1.3172
-0.0451066,-4.86099,2.53503,-1.33508
-0.039191,-4.91038,2.53653,-1.35321
-0.0240979,-5.03975,2.53975,-1.40723
-0.024019,-5.04045,2.53976,-1.40772
-0.0239421,-5.04113,2.53977,-1.40822
-0.023392,-5.04598,2.53983,-1.41201
-0.0221924,-5.05793,2.54045,-1.42548
-0.0267151,-5.06713,2.54253,-1.44003
-0.044557,-5.07643,2.54606,-1.46186
-0.0750537,-5.08365,2.55075,-1.4921
-0.115128,-5.08892,2.55643,-1.53155
-0.160699,-5.09298,2.56267,-1.57928
-0.208057,-5.0965,2.56923,-1.634
-0.25599,-5.10008,2.57594,-1.69448
-0.303834,-5.1037,2.58269,-1.75945
-0.35219,-5.10735,2.58951,-1.82839
-0.401559,-5.11098,2.59629,-1.90007
-0.450914,-5.11425,2.6031,-1.97388
-0.500542,-5.11753,2.60995,-2.0492
-0.549956,-5.12076,2.61682,-2.12566
-0.599964,-5.12412,2.62367,-2.20297
-0.649971,-5.12741,2.63043,-2.28051
-0.699395,-5.13054,2.63719,-2.35826
-0.748916,-5.1338,2.64403,-2.43614
-0.796382,-5.13694,2.65058,-2.51072
-0.971362,-5.14689,2.67263,-2.82877
-0.97226,-5.14695,2.67273,-2.83247
-0.97269,-5.14698,2.67278,-2.8343
-0.973107,-5.14701,2.67283,-2.83611
-0.973511,-5.14704,2.67287,-2.83791
-0.98125,-5.14788,2.67391,-2.88236
-0.987642,-5.15083,2.67258,-2.91111
-0.994734,-5.16371,2.66576,-2.92519
-0.999544,-5.18841,2.65341,-2.9236
-1.00126,-5.22216,2.63639,-2.90677
-1.00077,-5.26152,2.6162,-2.87652
-0.999281,-5.30318,2.59385,-2.8348
-0.997688,-5.34614,2.57045,-2.78392
-0.996099,-5.38939,2.54649,-2.72593
-0.994547,-5.43263,2.5225,-2.66274
-0.992935,-5.47631,2.49834,-2.59537
-0.99129,-5.52052,2.47434,-2.52527
-0.989386,-5.56448,2.45041,-2.4534
-0.987478,-5.60839,2.42655,-2.3804
-0.985609,-5.65201,2.4029,-2.30691
-0.983743,-5.69559,2.37916,-2.23294
-0.982016,-5.73819,2.35618,-2.16151
-0.980037,-5.78485,2.33116,-2.08389
-0.978004,-5.82943,2.30746,-2.0097
-0.975954,-5.87289,2.28395,-1.93587
-0.969744,-5.99582,2.22004,-1.69202
-0.969728,-5.99627,2.21974,-1.6902
-0.969714,-5.99671,2.21945,-1.6884
-0.969701,-5.99714,2.21917,-1.68661
-0.96972,-6.00464,2.21363,-1.64649
-0.968504,-6.01022,2.20923,-1.61169
-0.957144,-6.01568,2.2039,-1.57181
-0.932564,-6.0163,2.19768,-1.52837
-0.897368,-6.01187,2.19058,-1.47842
-0.855792,-6.00416,2.18264,-1.421
-0.81015,-5.99498,2.17415,-1.35671
-0.763225,-5.98534,2.16531,-1.28653
-0.716327,-5.97586,2.15644,-1.21162
-0.671087,-5.96692,2.14783,-1.13577
-0.621188,-5.95712,2.13829,-1.04988
-0.572748,-5.94732,2.12913,-0.964855
-0.524779,-5.93731,2.12006,-0.878151
-0.476892,-5.92741,2.11096,-0.789849
-0.428526,-5.91756,2.1019,-0.700687
-0.380537,-5.90759,2.09289,-0.611074
-0.334558,-5.89805,2.0843,-0.52464
-0.28487,-5.88779,2.07505,-0.43088
-0.236978,-5.87791,2.06609,-0.340578
-0.188676,-5.86795,2.05702,-0.249963
-0.0261632,-5.83434,2.02574,0.23529
-0.0261501,-5.83433,2.02575,0.235594
-0.0261373,-5.83433,2.02576,0.235891
-0.0261248,-5.83433,2.02576,0.236181
-0.0261126,-5.83432,2.02577,0.236466
-0.0261006,-5.83432,2.02578,0.236745
-0.026089,-5.83431,2.02578,0.237017
-0.0260775,-5.83431,2.02579,0.237284
-0.0260664,-5.83431,2.02579,0.237545
-0.0260554,-5.8343,2.0258,0.237801
-0.0259584,-5.83427,2.02588,0.240115
-0.0229723,-5.83404,2.02623,0.246563
-0.00801022,-5.83436,2.02736,0.249282
0.0213619,-5.83624,2.02958,0.248472
0.0605746,-5.84015,2.03295,0.24385
0.104755,-5.84548,2.03718,0.23563
0.150339,-5.85148,2.04204,0.224165
0.197318,-5.85774,2.04742,0.209715
0.242142,-5.86363,2.05261,0.194254
0.29545,-5.87071,2.05883,0.174082
0.344662,-5.87733,2.06467,0.153922
0.393807,-5.88393,2.07053,0.132705
0.443197,-5.89057,2.0763,0.110794
0.492441,-5.89721,2.08203,0.0884264
0.5415,-5.90385,2.08774,0.0658245
0.588217,-5.91018,2.0932,0.0440151
0.639387,-5.91709,2.09915,0.0202377
0.689287,-5.92383,2.10488,-0.00267945
0.738988,-5.9306,2.11056,-0.0255034
0.787795,-5.93726,2.1162,-0.0481893
0.95844,-5.96107,2.13349,-0.169583
0.958442,-5.96107,2.13349,-0.169574
0.958443,-5.96107,2.13349,-0.169565
0.958444,-5.96107,2.13349,-0.169556
0.958445,-5.96107,2.13349,-0.169547
0.958446,-5.96107,2.13348,-0.169537
0.958447,-5.96107,2.13348,-0.169527
0.958448,-5.96107,2.13348,-0.169517
0.958449,-5.96107,2.13348,-0.169507
0.95845,-5.96107,2.13348,-0.169497
0.95847,-5.96107,2.13353,-0.169397
0.958476,-5.96107,2.13355,-0.169396
0.958484,-5.96107,2.13356,-0.169397
0.958494,-5.96107,2.13358,-0.169399
0.958507,-5.96108,2.13359,-0.169401
0.96019,-5.96141,2.13504,-0.170079
0.970326,-5.9654,2.14162,-0.173618
0.990663,-5.97568,2.15327,-0.180699
1.02042,-5.99282,2.17098,-0.19255
1.053,-6.01305,2.19196,-0.207963
1.08779,-6.03535,2.21527,-0.226817
1.12319,-6.05831,2.23995,-0.248572
1.15886,-6.08143,2.26516,-0.272599
1.19449,-6.10451,2.29066,-0.298417
1.22889,-6.12676,2.31514,-0.324448
1.26642,-6.15111,2.34158,-0.353666
1.30245,-6.17457,2.36691,-0.382442
1.33856,-6.19812,2.39209,-0.411607
1.37466,-6.22168,2.41737,-0.441074
1.41096,-6.24534,2.44272,-0.470753
1.44747,-6.26916,2.46786,-0.500428
1.48332,-6.2926,2.4927,-0.529969
1.51889,-6.31582,2.51755,-0.559436
1.55469,-6.33916,2.5427,-0.58895
1.68748,-6.42674,2.62856,-0.750242
1.68748,-6.42674,2.62856,-0.750235
1.68748,-6.42674,2.62856,-0.750228
1.68748,-6.42674,2.62856,-0.750221
1.68748,-6.42674,2.62856,-0.750214
1.68748,-6.42674,2.62856,-0.750207
1.68748,-6.42674,2.62856,-0.7502
1.68748,-6.42674,2.62856,-0.750193
1.68748,-6.42674,2.62856,-0.750186
1.68748,-6.42674,2.62856,-0.75018
1.68816,-6.42702,2.63013,-0.75026
1.68828,-6.42706,2.63026,-0.750256
1.68841,-6.4271,2.63039,-0.750251
1.68855,-6.42715,2.63053,-0.750243
1.68872,-6.4272,2.63067,-0.750234
1.6889,-6.42725,2.63082,-0.750222
1.68909,-6.4273,2.63097,-0.750208
1.68931,-6.42736,2.63112,-0.75019
1.68954,-6.42742,2.63128,-0.750169
1.6898,-6.42748,2.63144,-0.750144
1.69007,-6.42755,2.63161,-0.750116
1.69036,-6.42762,2.63178,-0.750085
1.69068,-6.4277,2.63195,-0.75005
1.69101,-6.42777,2.63213,-0.75001
1.70494,-6.43022,2.63709,-0.747762
1.73294,-6.43309,2.64403,-0.741915
1.77127,-6.43488,2.65217,-0.732016
1.81573,-6.43565,2.661,-0.718188
1.86306,-6.43575,2.67031,-0.700636
1.91209,-6.43587,2.67974,-0.679925
1.96129,-6.436,2.68907,-0.656766
2.01002,-6.43617,2.69831,-0.631739
2.05821,-6.43641,2.70753,-0.605206
2.10722,-6.43671,2.7167,-0.577599
2.15621,-6.43694,2.7258,-0.549277
2.20518,-6.43708,2.73486,-0.520502
2.25428,-6.43719,2.74398,-0.491365
2.30356,-6.43734,2.75302,-0.462124
2.34857,-6.43741,2.76128,-0.435234
2.40096,-6.43754,2.77093,-0.403747
2.44934,-6.43768,2.77997,-0.374561
2.49879,-6.43789,2.78904,-0.345369
2.66499,-6.43865,2.81727,-0.193939
2.66501,-6.43865,2.81727,-0.19385
2.66502,-6.43865,2.81726,-0.193764
2.66503,-6.43865,2.81725,-0.19368
2.66505,-6.43865,2.81725,-0.193597
2.66506,-6.43865,2.81724,-0.193517
2.66507,-6.43865,2.81724,-0.193438
2.66509,-6.43865,2.81723,-0.193361
2.6651,-6.43865,2.81722,-0.193286
2.66511,-6.43865,2.81722,-0.193212
2.66535,-6.43865,2.8173,-0.192006
2.66851,-6.43796,2.81602,-0.188575
2.67926,-6.4324,2.80915,-0.180033
2.69815,-6.4181,2.79409,-0.162986
2.72057,-6.39711,2.77302,-0.138416
2.74515,-6.37146,2.74719,-0.106171
2.77051,-6.34394,2.71842,-0.0672272
2.7963,-6.31576,2.68804,-0.0226785
2.82229,-6.28754,2.65687,0.0263716
2.84762,-6.26014,2.62642,0.0769523
2.87521,-6.23029,2.59345,0.134482
2.90161,-6.20149,2.56187,0.191751
2.92784,-6.17282,2.5307,0.250158
2.95399,-6.1442,2.49959,0.309501
2.98037,-6.11543,2.46845,0.369416
3.0068,-6.08654,2.43729,0.429676
3.0332,-6.05764,2.40613,0.490106
3.05967,-6.02867,2.37507,0.550553
3.08595,-5.99986,2.34423,0.610852
3.11225,-5.97109,2.31297,0.671369
3.2031,-5.87206,2.21111,0.990356
3.2031,-5.87206,2.21111,0.99035
3.2031,-5.87206,2.21111,0.990338
3.2031,-5.87206,2.21111,0.990332
3.2031,-5.87206,2.21111,0.990326
3.2031,-5.87206,2.21111,0.99032
3.2031,-5.87206,2.21111,0.990315
3.2031,-5.87206,2.21111,0.990309
3.2031,-5.87206,2.21111,0.990304
3.2031,-5.87206,2.21111,0.990298
3.20334,-5.87185,2.21022,0.990843
3.20339,-5.8718,2.21013,0.99089
3.20344,-5.87175,2.21003,0.990938
3.20351,-5.8717,2.20993,0.990986
3.20359,-5.87164,2.20982,0.991035
3.20368,-5.87156,2.20971,0.991085
3.20377,-5.87149,2.20959,0.991134
3.20388,-5.8714,2.20947,0.991182
3.20401,-5.8713,2.20935,0.99123
3.20414,-5.87119,2.20922,0.991278
3.20429,-5.87108,2.20908,0.991324
3.20446,-5.87095,2.20895,0.991369
3.20464,-5.87081,2.20881,0.991413
3.20483,-5.87066,2.20866,0.991456
3.20505,-5.8705,2.20852,0.991498
3.20528,-5.87032,2.20837,0.991538
3.21105,-5.86599,2.2057,0.991874
3.22979,-5.85211,2.19958,0.990835
3.25862,-5.83198,2.19193,0.987074
3.29408,-5.80811,2.18341,0.980298
3.33298,-5.78253,2.17453,0.970612
3.37322,-5.75627,2.16541,0.958212
3.41426,-5.7294,2.15628,0.943532
3.4554,-5.70245,2.14724,0.927052
3.49456,-5.6768,2.13871,0.909919
3.53682,-5.64911,2.12951,0.89023
3.578,-5.62216,2.12069,0.870468
3.61942,-5.59509,2.11188,0.850181
3.66064,-5.56822,2.10313,0.829609
3.70123,-5.54179,2.09451,0.808934
3.74174,-5.51539,2.08586,0.788123
3.78132,-5.48951,2.07744,0.768025
3.82472,-5.46118,2.06827,0.746206
3.86638,-5.43403,2.05952,0.725291
4.02179,-5.33332,2.02714,0.609534
4.02179,-5.33332,2.02714,0.609534
4.02179,-5.33332,2.02714,0.609534
4.02179,-5.33332,2.02714,0.609534
4.02179,-5.33332,2.02714,0.609534
4.02179,-5.33332,2.02714,0.609534
4.02179,-5.33332,2.02714,0.609534
4.02179,-5.33332,2.02714,0.609534
4.02179,-5.33332,2.02714,0.609534
4.02179,-5.33332,2.02714,0.609534
4.02271,-5.33189,2.02744,0.610826
4.02276,-5.3317,2.02748,0.611004
4.02281,-5.3315,2.02751,0.611195
4.02286,-5.33129,2.02755,0.6114
4.0229,-5.33106,2.0276,0.611616
4.02294,-5.33081,2.02764,0.611844
4.02296,-5.33054,2.02769,0.612085
4.02299,-5.33026,2.02773,0.612336
4.023,-5.32996,2.02778,0.612601
4.023,-5.32964,2.02783,0.61288
4.023,-5.3293,2.02789,0.613172
4.02298,-5.32895,2.02794,0.613479
4.02296,-5.32858,2.028,0.6138
4.02292,-5.32819,2.02806,0.614134
4.02288,-5.32778,2.02812,0.614483
4.02282,-5.32735,2.02818,0.614845
4.02274,-5.32691,2.02825,0.615222
4.02266,-5.32645,2.02831,0.615616
4.02256,-5.32597,2.02838,0.616027
4.02245,-5.32548,2.02846,0.616455
4.02233,-5.32497,2.02853,0.616899
4.02219,-5.32445,2.02861,0.61736
4.02203,-5.3239,2.02868,0.617837
4.02187,-5.32335,2.02876,0.61833
4.02168,-5.32277,2.02884,0.618839
4.02148,-5.32218,2.02893,0.619364
4.02127,-5.32158,2.02901,0.619904
4.02104,-5.32096,2.0291,0.620458
4.0208,-5.32032,2.02918,0.621026
4.02053,-5.31967,2.02927,0.62161
4.02026,-5.31901,2.02936,0.622211
4.01996,-5.31833,2.02946,0.622828
4.01965,-5.31763,2.02955,0.623462
4.01932,-5.31692,2.02965,0.624113
4.01898,-5.3162,2.02975,0.62478
4.01861,-5.31546,2.02985,0.625462
4.01824,-5.31471,2.02995,0.626161
4.01784,-5.31395,2.03005,0.626875
4.01743,-5.31317,2.03015,0.627604
4.017,-5.31238,2.03025,0.628351
4.01655,-5.31157,2.03036,0.629115
4.01609,-5.31075,2.03047,0.629898
4.01561,-5.30992,2.03058,0.630699
4.01512,-5.30908,2.0307,0.631519
4.0146,-5.30823,2.03081,0.632356
4.01408,-5.30736,2.03093,0.633211
4.01353,-5.30648,2.03105,0.634083
4.01297,-5.3056,2.03117,0.634972
4.0124,-5.3047,2.03129,0.635879
4.01181,-5.30378,2.03142,0.636805
4.0112,-5.30286,2.03155,0.63775
4.01058,-5.30193,2.03168,0.638714
4.00994,-5.30099,2.03181,0.639697
4.00929,-5.30003,2.03194,0.640699
4.00862,-5.29907,2.03207,0.641719
4.00793,-5.2981,2.03221,0.642758
4.00724,-5.29711,2.03235,0.643818
4.00652,-5.29612,2.03249,0.644898
4.0058,-5.29512,2.03264,0.645999
4.00505,-5.2941,2.03278,0.647121
4.0043,-5.29308,2.03293,0.648263
4.00352,-5.29204,2.03308,0.649425
4.00274,-5.291,2.03324,0.650606
4.00194,-5.28995,2.03339,0.651806
4.00112,-5.28888,2.03355,0.653024
4.00029,-5.28781,2.0337,0.65426
3.99945,-5.28673,2.03386,0.655513
3.99859,-5.28563,2.03402,0.656783
3.99772,-5.28453,2.03419,0.65807
3.99684,-5.28342,2.03435,0.659375
3.99594,-5.28229,2.03451,0.660699
3.99502,-5.28116,2.03468,0.662041
3.9941,-5.28002,2.03485,0.663401
3.99316,-5.27887,2.03502,0.66478
3.99221,-5.27771,2.03519,0.666177
3.99125,-5.27654,2.03536,0.66759
3.99027,-5.27536,2.03554,0.66902
3.98928,-5.27418,2.03571,0.670467
3.98829,-5.27299,2.03589,0.671933
3.98728,-5.27179,2.03607,0.673418
3.98626,-5.27058,2.03625,0.674921
3.97775,-5.26072,2.03774,0.687588
3.94815,-5.22796,2.04288,0.734324
3.91584,-5.19305,2.04852,0.79078
3.88246,-5.15691,2.05449,0.85528
3.84901,-5.12057,2.06064,0.925928
3.81577,-5.08434,2.06675,1.00147
3.78228,-5.04771,2.07279,1.08068
3.7488,-5.01139,2.07873,1.16222
3.7154,-4.97536,2.0847,1.24565
3.68323,-4.94053,2.09048,1.32683
3.64806,-4.9026,2.09677,1.41577
3.61423,-4.86617,2.10272,1.50173
3.58046,-4.82992,2.1086,1.58768
3.54715,-4.79414,2.11447,1.67349
3.51386,-4.75815,2.12044,1.75964
3.48129,-4.72279,2.12616,1.84233
3.44743,-4.68647,2.13204,1.9278
3.41637,-4.65042,2.13531,2.00874
3.40284,-4.61909,2.13227,2.06977
3.4087,-4.59081,2.12283,2.10955
3.42995,-4.56393,2.10791,2.1263
3.46058,-4.53765,2.08951,2.12164
3.49515,-4.512,2.06911,2.09838
3.53108,-4.48653,2.04756,2.05945
3.56763,-4.46101,2.02557,2.00817
3.60474,-4.43542,2.00332,1.94731
3.64164,-4.41041,1.98117,1.87964
3.67875,-4.38546,1.95902,1.80683
3.71595,-4.36054,1.93709,1.73063
3.75335,-4.33566,1.91508,1.65194
3.78967,-4.31149,1.89382,1.57484
3.82898,-4.28552,1.87108,1.49074
3.86642,-4.26091,1.84935,1.40964
3.90347,-4.2364,1.82781,1.32867
3.94078,-4.21162,1.80592,1.24732
3.97886,-4.18621,1.7839,1.16589
4.01713,-4.16098,1.76197,1.08457
4.05347,-4.13955,1.74059,1.00233
4.08109,-4.1339,1.71934,0.916453
4.09492,-4.14893,1.69781,0.825706
4.09724,-4.17812,1.67616,0.730073
4.09407,-4.21441,1.65465,0.630117
4.08977,-4.25413,1.63348,0.526593
4.08577,-4.29601,1.6121,0.419354
4.08169,-4.3401,1.59057,0.30908
4.07711,-4.38303,1.57005,0.2013
4.07177,-4.42898,1.54793,0.0828599
4.06668,-4.47284,1.52652,-0.0326776
4.06161,-4.51766,1.50476,-0.149848
4.0561,-4.56307,1.48292,-0.268208
4.05026,-4.60819,1.46139,-0.38691
4.0445,-4.6526,1.43992,-0.50604
4.03907,-4.69706,1.41825,-0.625703
4.03363,-4.74215,1.39654,-0.745714
4.02792,-4.78731,1.37496,-0.865801
4.02213,-4.8319,1.35331,-0.986183
4.01653,-4.87675,1.33226,-1.10567
4.01088,-4.91699,1.31472,-1.21789
4.00615,-4.94464,1.30188,-1.31781
4.00384,-4.95956,1.29362,-1.39969
4.00331,-4.96731,1.28838,-1.46968
4.00351,-4.9711,1.28557,-1.52669
4.00365,-4.97289,1.28452,-1.56797
4.0036,-4.9739,1.28439,-1.598
4.00344,-4.9745,1.28467,-1.6189
4.00329,-4.97486,1.28506,-1.63264
4.00319,-4.97507,1.28539,-1.64102
4.00314,-4.97518,1.28562,-1.64542
4.00312,-4.97525,1.28575,-1.6474
4.00312,-4.97528,1.28578,-1.64753
4.00312,-4.9753,1.28575,-1.64663
4.00311,-4.97531,1.28569,-1.64519
4.00311,-4.97532,1.28562,-1.64355
4.00311,-4.97532,1.28555,-1.64193
4.00311,-4.97532,1.28549,-1.64051
4.00311,-4.97532,1.28544,-1.63919
4.00311,-4.97533,1.2854,-1.63815
4.00311,-4.97533,1.28538,-1.63733
4.00311,-4.97533,1.28536,-1.63672
4.00311,-4.97533,1.28536,-1.63628
4.00311,-4.97533,1.28535,-1.63595
4.00311,-4.97533,1.28535,-1.63575
4.00311,-4.97533,1.28536,-1.63563
4.00311,-4.97533,1.28536,-1.63556
4.00311,-4.97533,1.28536,-1.63553
4.00311,-4.97533,1.28536,-1.63553
4.00311,-4.97533,1.28536,-1.63555
4.00311,-4.97533,1.28535,-1.63557
4.00311,-4.97533,1.28535,-1.63559
4.00311,-4.97533,1.28535,-1.63562
4.00311,-4.97533,1.28535,-1.63564
4.00311,-4.97533,1.28535,-1.63566
4.00311,-4.97533,1.28535,-1.63567
4.00311,-4.97533,1.28535,-1.63569
4.00311,-4.97533,1.28535,-1.6357
4.00311,-4.97533,1.28535,-1.6357
4.00311,-4.97533,1.28535,-1.63571
4.00311,-4.97533,1.28535,-1.63571
4.00311,-4.97533,1.28535,-1.63571
4.00311,-4.97533,1.28535,-1.63571
4.00311,-4.97533,1.28535,-1.63571
4.00311,-4.97533,1.28535,-1.63571
4.00311,-4.97533,1.28535,-1.63571
4.00311,-4.97533,1.28535,-1.63571
4.00311,-4.97533,1.28535,-1.63571
4.00311,-4.97533,1.28535,-1.63571
4.00311,-4.97533,1.28535,-1.63571
4.00311,-4.97533,1.28535,-1.63571
4.00311,-4.97533,1.28535,-1.63571
4.00311,-4.97533,1.28535,-1.63571
4.00311,-4.97533,1.28535,-1.63571
4.00311,-4.97533,1.28535,-1.63571
4.00311,-4.97533,1.28535,-1.63571
4.00311,-4.97533,1.28535,-1.63571
4.00311,-4.97533,1.28535,-1.63571
4.00311,-4.97533,1.28535,-1.63571
4.00311,-4.97533,1.28535,-1.63571
4.00311,-4.97533,1.28535,-1.63571
4.00311,-4.97533,1.28535,-1.63571
4.00311,-4.97533,1.28535,-1.63571
4.00311,-4.97533,1.28535,-1.63571
4.00311,-4.97533,1.28535,-1.63571
4.00311,-4.97533,1.28535,-1.63571
4.00311,-4.97533,1.28535,-1.63571
4.00311,-4.97533,1.28535,-1.63571
4.00311,-4.97533,1.28535,-1.63571
4.00311,-4.97533,1.28535,-1.63571
4.00311,-4.97533,1.28535,-1.63571
4.00311,-4.97533,1.28535,-1.63571
4.00311,-4.97533,1.28535,-1.63571
4.00311,-4.97533,1.28535,-1.63571
4.00311,-4.97533,1.28535,-1.63571
4.00311,-4.97533,1.28535,-1.63571
4.00311,-4.97533,1.28535,-1.63571
4.00311,-4.97533,1.28535,-1.63571
4.00311,-4.97533,1.28535,-1.63571
4.00311,-4.97533,1.28535,-1.63571
4.00311,-4.97533,1.28535,-1.63571
4.00311,-4.97533,1.28535,-1.63571
4.00311,-4.97533,1.28535,-1.63571
4.00311,-4.97533,1.28535,-1.63571
4.00311,-4.97533,1.28535,-1.63571
4.00311,-4.97533,1.28535,-1.63571
4.00311,-4.97533,1.28535,-1.63571
4.00311,-4.97533,1.28535,-1.63571
4.00311,-4.97533,1.28535,-1.63571
4.00311,-4.97533,1.28535,-1.63571
4.00311,-4.97533,1.28535,-1.63571
4.00311,-4.97533,1.28535,-1.63571
4.00311,-4.97533,1.28535,-1.63571
4.00311,-4.97533,1.28535,-1.63571
4.00311,-4.97533,1.28535,-1.63571
4.00311,-4.97533,1.28535,-1.63571
4.00311,-4.97533,1.28535,-1.63571
4.00311,-4.97533,1.28535,-1.63571
4.00311,-4.97533,1.28535,-1.63571
4.00311,-4.97533,1.28535,-1.63571
4.00311,-4.97533,1.28535,-1.63571
4.00311,-4.97533,1.28535,-1.63571
4.00311,-4.97533,1.28535,-1.63571
4.00311,-4.97533,1.28535,-1.63571
4.00311,-4.97533,1.28535,-1.63571
4.00311,-4.97533,1.28535,-1.63571
4.00311,-4.97533,1.28535,-1.63571
4.00311,-4.97533,1.28535,-1.63571
4.00311,-4.97533,1.28535,-1.63571
4.00311,-4.97533,1.28535,-1.63571
4.00311,-4.97533,1.28535,-1.63571
4.00311,-4.97533,1.28535,-1.63571
4.00311,-4.97533,1.28535,-1.63571
4.00311,-4.97533,1.28535,-1.63571
4.00311,-4.97533,1.28535,-1.63571
4.00311,-4.97533,1.28535,-1.63571
4.00311,-4.97533,1.28535,-1.63571
4.00311,-4.97533,1.28535,-1.63571
4.00311,-4.97533,1.28535,-1.63571
4.00311,-4.97533,1.28535,-1.63571
4.00311,-4.97533,1.28535,-1.63571
4.00311,-4.97533,1.28535,-1.63571
4.00311,-4.97533,1.28535,-1.63571
4.00311,-4.97533,1.28535,-1.63571
4.00311,-4.97533,1.28535,-1.63571
4.00311,-4.97533,1.28535,-1.63571
4.00311,-4.97533,1.28535,-1.63571
4.00311,-4.97533,1.28535,-1.63571
4.00311,-4.97533,1.28535,-1.63571
4.00311,-4.97533,1.28535,-1.63571
4.00311,-4.97533,1.28535,-1.63571
4.00311,-4.97533,1.28535,-1.63571
4.00311,-4.97533,1.28535,-1.63571
4.00311,-4.97533,1.28535,-1.63571
4.00311,-4.97533,1.28535,-1.63571
4.00311,-4.97533,1.28535,-1.63571
4.00311,-4.97533,1.28535,-1.63571
4.00311,-4.97533,1.28535,-1.63571
4.00311,-4.97533,1.28535,-1.63571
4.00311,-4.97533,1.28535,-1.63571
4.00311,-4.97533,1.28535,-1.63571
4.00311,-4.97533,1.28535,-1.63571
4.00311,-4.97533,1.28535,-1.63571
4.00311,-4.97533,1.28535,-1.63571
4.00311,-4.97533,1.28535,-1.63571
4.00311,-4.97533,1.28535,-1.63571
4.00311,-4.97533,1.28535,-1.63571
4.00311,-4.97533,1.28535,-1.63571
4.00311,-4.97533,1.28535,-1.63571
4.00311,-4.97533,1.28535,-1.63571
4.00311,-4.97533,1.28535,-1.63571
4.00311,-4.97533,1.28535,-1.63571
4.00311,-4.97533,1.28535,-1.63571
4.00311,-4.97533,1.28535,-1.63571
4.00311,-4.97533,1.28535,-1.63571
4.00311,-4.97533,1.28535,-1.63571
4.00311,-4.97533,1.28535,-1.63571
4.00311,-4.97533,1.28535,-1.63571
4.00311,-4.97533,1.28535,-1.63571
4.00311,-4.97533,1.28535,-1.63571
4.00311,-4.97533,1.28535,-1.63571
4.00311,-4.97533,1.28535,-1.63571
4.00311,-4.97533,1.28535,-1.63571
4.00311,-4.97533,1.28535,-1.63571
4.00311,-4.97533,1.28535,-1.63571
4.00311,-4.97533,1.28535,-1.63571
4.00311,-4.97533,1.28535,-1.63571
4.00311,-4.97533,1.28535,-1.63571
4.00311,-4.97533,1.28535,-1.63571
4.00311,-4.97533,1.28535,-1.63571
4.00311,-4.97533,1.28535,-1.63571
4.00311,-4.97533,1.28535,-1.63571
4.00311,-4.97533,1.28535,-1.63571
4.00311,-4.97533,1.28535,-1.63571
4.00311,-4.97533,1.28535,-1.63571
4.00311,-4.97533,1.28535,-1.63571
4.00311,-4.97533,1.28535,-1.63571
4.00311,-4.97533,1.28535,-1.63571
4.00311,-4.97533,1.28535,-1.63571
4.00311,-4.97533,1.28535,-1.63571
4.00311,-4.97533,1.28535,-1.63571
4.00311,-4.97533,1.28535,-1.63571
4.00311,-4.97533,1.28535,-1.63571
4.00311,-4.97533,1.28535,-1.63571
4.00311,-4.97533,1.28535,-1.63571
4.00311,-4.97533,1.28535,-1.63571
4.00311,-4.97533,1.28535,-1.63571
4.00311,-4.97533,1.28535,-1.63571
4.00311,-4.97533,1.28535,-1.63571
4.00311,-4.97533,1.28535,-1.63571
4.00311,-4.97533,1.28535,-1.63571
4.00311,-4.97533,1.28535,-1.63571
4.00311,-4.97533,1.28535,-1.63571
4.00311,-4.97533,1.28535,-1.63571
4.00311,-4.97533,1.28535,-1.63571
4.00311,-4.97533,1.28535,-1.63571
4.00311,-4.97533,1.28535,-1.63571
4.00311,-4.97533,1.28535,-1.63571
4.00311,-4.97533,1.28535,-1.63571
4.00311,-4.97533,1.28535,-1.63571
4.00311,-4.97533,1.28535,-1.63571
4.00311,-4.97533,1.28535,-1.63571
4.00311,-4.97533,1.28535,-1.63571
4.00311,-4.97533,1.28535,-1.63571
4.00311,-4.97533,1.28535,-1.63571
4.00311,-4.97533,1.28535,-1.63571
4.00311,-4.97533,1.28535,-1.63571
4.00311,-4.97533,1.28535,-1.63571
4.00311,-4.97533,1.28535,-1.63571
4.00311,-4.97533,1.28535,-1.63571
4.00311,-4.97533,1.28535,-1.63571
4.00311,-4.97533,1.28535,-1.63571
4.00311,-4.97533,1.28535,-1.63571
4.00311,-4.97533,1.28535,-1.63571
4.00311,-4.97533,1.28535,-1.63571
4.00311,-4.97533,1.28535,-1.63571
4.00311,-4.97533,1.28535,-1.63571
4.00311,-4.97533,1.28535,-1.63571
4.00311,-4.97533,1.28535,-1.63571
4.00311,-4.97533,1.28535,-1.63571
4.00311,-4.97533,1.28535,-1.63571
4.00311,-4.97533,1.28535,-1.63571
4.00311,-4.97533,1.28535,-1.63571
4.00311,-4.97533,1.28535,-1.63571
4.00311,-4.97533,1.28535,-1.63571
4.00311,-4.97533,1.28535,-1.63571
4.00311,-4.97533,1.28535,-1.63571
4.00311,-4.97533,1.28535,-1.63571
4.00311,-4.97533,1.28535,-1.63571
4.00311,-4.97533,1.28535,-1.63571
4.00311,-4.97533,1.28535,-1.63571
4.00311,-4.97533,1.28535,-1.63571
4.00311,-4.97533,1.28535,-1.63571
4.00311,-4.97533,1.28535,-1.63571
4.00311,-4.97533,1.28535,-1.63571
4.00311,-4.97533,1.28535,-1.63571
4.00311,-4.97533,1.28535,-1.63571
4.00311,-4.97533,1.28535,-1.63571
4.00311,-4.97533,1.28535,-1.63571
4.00311,-4.97533,1.28535,-1.63571
4.00311,-4.97533,1.28535,-1.63571
4.00311,-4.97533,1.28535,-1.63571
4.00311,-4.97533,1.28535,-1.63571
4.00311,-4.97533,1.28535,-1.63571
4.00311,-4.97533,1.28535,-1.63571
4.00311,-4.97533,1.28535,-1.63571
4.00311,-4.97533,1.28535,-1.63571
4.00311,-4.97533,1.28535,-1.63571
4.00311,-4.97533,1.28535,-1.63571
4.00311,-4.97533,1.28535,-1.63571
4.00311,-4.97533,1.28535,-1.63571
4.00311,-4.97533,1.28535,-1.63571
4.00311,-4.97533,1.28535,-1.63571
4.00311,-4.97533,1.28535,-1.63571
4.00311,-4.97533,1.28535,-1.63571
4.00311,-4.97533,1.28535,-1.63571
4.00311,-4.97533,1.28535,-1.63571
4.00311,-4.97533,1.28535,-1.63571
4.00311,-4.97533,1.28535,-1.63571
4.00311,-4.97533,1.28535,-1.63571
4.00311,-4.97533,1.28535,-1.63571
4.00311,-4.97533,1.28535,-1.63571
4.00311,-4.97533,1.28535,-1.63571
4.00311,-4.97533,1.28535,-1.63571
4.00311,-4.97533,1.28535,-1.63571
4.00311,-4.97533,1.28535,-1.63571
4.00311,-4.97533,1.28535,-1.63571
4.00311,-4.97533,1.28535,-1.63571
4.00311,-4.97533,1.28535,-1.63571
4.00311,-4.97533,1.28535,-1.63571
4.00311,-4.97533,1.28535,-1.63571
4.00311,-4.97533,1.28535,-1.63571
4.00311,-4.97533,1.28535,-1.63571
4.00311,-4.97533,1.28535,-1.63571
4.00311,-4.97533,1.28535,-1.63571
4.00311,-4.97533,1.28535,-1.63571
4.00311,-4.97533,1.28535,-1.63571
4.00311,-4.97533,1.28535,-1.63571
4.00311,-4.97533,1.28535,-1.63571
4.00311,-4.97533,1.28535,-1.63571
4.00311,-4.97533,1.28535,-1.63571
4.00311,-4.97533,1.28535,-1.63571
4.00311,-4.97533,1.28535,-1.63571
4.00311,-4.97533,1.28535,-1.63571
4.00311,-4.97533,1.28535,-1.63571
4.00311,-4.97533,1.28535,-1.63571
4.00311,-4.97533,1.28535,-1.63571
4.00311,-4.97533,1.28535,-1.63571
4.00311,-4.97533,1.28535,-1.63571
4.00311,-4.97533,1.28535,-1.63571
4.00311,-4.97533,1.28535,-1.63571
4.00311,-4.97533,1.28535,-1.63571
4.00311,-4.97533,1.28535,-1.63571
4.00311,-4.97533,1.28535,-1.63571
4.00311,-4.97533,1.28535,-1.63571
4.00311,-4.97533,1.28535,-1.63571
4.00311,-4.97533,1.28535,-1.63571
4.00311,-4.97533,1.28535,-1.63571
4.00311,-4.97533,1.28535,-1.63571
4.00311,-4.97533,1.28535,-1.63571
4.00311,-4.97533,1.28535,-1.63571
4.00311,-4.97533,1.28535,-1.63571
4.00311,-4.97533,1.28535,-1.63571
4.00311,-4.97533,1.28535,-1.63571
4.00311,-4.97533,1.28535,-1.63571
4.00311,-4.97533,1.28535,-1.63571
4.00311,-4.97533,1.28535,-1.63571
4.00311,-4.97533,1.28535,-1.63571
4.00311,-4.97533,1.28535,-1.63571
4.00311,-4.97533,1.28535,-1.63571
4.00311,-4.97533,1.28535,-1.63571
4.00311,-4.97533,1.28536,-1.63582
4.00287,-4.97622,1.28478,-1.63899
3.9967,-4.9809,1.28357,-1.65028
3.97716,-4.9866,1.2822,-1.67124
3.94464,-4.99038,1.28109,-1.70228
3.90293,-4.99202,1.2803,-1.74256
3.85696,-4.99239,1.27976,-1.79067
3.80911,-4.99257,1.27938,-1.84548
3.76047,-4.99296,1.27913,-1.90566
3.71095,-4.99346,1.27903,-1.97013
3.66136,-4.99387,1.27906,-2.03755
3.61181,-4.99409,1.27909,-2.10728
3.56164,-4.99434,1.27905,-2.17877
3.51151,-4.99448,1.27896,-2.25124
3.46123,-4.99449,1.27891,-2.32449
3.41118,-4.99457,1.27891,-2.39793
3.36117,-4.9946,1.2789,-2.47177
3.31086,-4.99474,1.27885,-2.54556
3.26083,-4.99473,1.27878,-2.6192
3.21102,-4.99475,1.27873,-2.69275
3.02204,-4.99423,1.27666,-3.10231
3.02202,-4.99422,1.27666,-3.10272
3.02199,-4.99422,1.27666,-3.10313
3.02197,-4.99422,1.27666,-3.10352
3.02194,-4.99422,1.27666,-3.10391
3.02192,-4.99421,1.27666,-3.10429
3.0219,-4.99421,1.27666,-3.10466
3.02187,-4.99421,1.27666,-3.10503
3.02185,-4.99421,1.27666,-3.10539
3.02157,-4.99417,1.27673,-3.10996
3.02003,-4.99439,1.27745,-3.11553
3.01403,-5.00072,1.2802,-3.11512
3.00657,-5.02041,1.28497,-3.10464
3.00048,-5.05215,1.29155,-3.08317
2.99609,-5.09212,1.29962,-3.05067
2.99247,-5.13747,1.30874,-3.00794
2.98909,-5.18502,1.31842,-2.95673
2.98566,-5.23328,1.32834,-2.89875
2.98203,-5.28203,1.3385,-2.83503
2.97825,-5.33123,1.34869,-2.76704
2.97465,-5.38052,1.35874,-2.69622
2.97141,-5.42686,1.36819,-2.62665
2.9679,-5.47653,1.37845,-2.54974
2.96424,-5.52532,1.38833,-2.47464
2.96072,-5.5747,1.39821,-2.39895
2.9574,-5.62394,1.40811,-2.32292
2.95408,-5.67303,1.41803,-2.24677
2.95068,-5.72213,1.42796,-2.17057
2.94727,-5.77098,1.43782,-2.0946
2.94512,-5.80215,1.44415,-2.04599
2.94064,-5.8674,1.45726,-1.94489
2.93745,-5.90878,1.47075,-1.87688
2.93165,-5.93888,1.4926,-1.81858
2.9221,-5.95805,1.52328,-1.77174
2.90956,-5.96994,1.56059,-1.73649
2.89568,-5.97778,1.60236,-1.71192
2.88189,-5.98349,1.64579,-1.69717
2.86665,-5.98886,1.69466,-1.68927
2.85203,-5.99357,1.74249,-1.68797
2.83741,-5.99804,1.79069,-1.6914
2.82269,-6.00236,1.83916,-1.69832
2.80793,-6.0066,1.88716,-1.70765
2.79317,-6.01074,1.93525,-1.71863
2.77899,-6.01472,1.98127,-1.73014
2.76362,-6.01899,2.03098,-1.7432
2.74878,-6.02311,2.07881,-1.75604
2.73401,-6.02721,2.12643,-1.76891
2.71929,-6.03127,2.17381,-1.78168
2.70457,-6.03534,2.22128,-1.79431
2.68981,-6.03942,2.26889,-1.80678
2.67516,-6.04349,2.31547,-1.81897
2.66041,-6.04796,2.35689,-1.83153
2.64061,-6.05752,2.38835,-1.846
2.61309,-6.07486,2.40938,-1.86313
2.57955,-6.09752,2.42198,-1.88301
2.54218,-6.12335,2.42865,-1.90567
2.50259,-6.15115,2.43157,-1.93085
2.46207,-6.17981,2.43243,-1.9581
2.42481,-6.20632,2.43235,-1.98456
2.38175,-6.23707,2.4319,-2.01697
2.34143,-6.26597,2.43152,-2.04804
2.30074,-6.29517,2.43126,-2.07982
2.26024,-6.32411,2.43119,-2.11193
2.22002,-6.35277,2.43131,-2.14434
2.17956,-6.38168,2.43153,-2.17699
2.13881,-6.4108,2.43182,-2.20971
2.09832,-6.43966,2.43214,-2.24236
2.05827,-6.46822,2.43248,-2.27492
2.01825,-6.49681,2.43286,-2.30752
1.97758,-6.5259,2.43323,-2.34019
1.93648,-6.55524,2.43363,-2.37276
1.8967,-6.58306,2.43311,-2.4044
1.85763,-6.60545,2.42939,-2.4341
1.81706,-6.62043,2.42178,-2.46131
1.77429,-6.62915,2.41066,-2.48597
1.72935,-6.63392,2.39698,-2.50824
1.68303,-6.63666,2.38162,-2.52837
1.6365,-6.63855,2.36521,-2.54672
1.58937,-6.64018,2.34831,-2.56366
1.54231,-6.64169,2.3312,-2.57949
1.49535,-6.6431,2.31413,-2.59447
1.44852,-6.64437,2.29705,-2.60887
1.4016,-6.64567,2.27996,-2.6229
1.35417,-6.64693,2.26293,-2.6367
1.30693,-6.64816,2.24603,-2.65032
1.26017,-6.64932,2.2292,-2.66384
1.2134,-6.65048,2.21242,-2.67735
1.16624,-6.65168,2.19551,-2.69091
1.11875,-6.65291,2.17859,-2.7045
1.07511,-6.65398,2.1631,-2.71703
1.02426,-6.65524,2.14507,-2.73174
0.978519,-6.65632,2.12917,-2.74541
0.934449,-6.65547,2.11502,-2.76032
0.891072,-6.65058,2.10286,-2.77757
0.846717,-6.64122,2.0923,-2.79783
0.800959,-6.62857,2.08293,-2.82114
0.754218,-6.61392,2.0743,-2.84732
0.706961,-6.59842,2.06617,-2.87599
0.659483,-6.58256,2.05822,-2.9067
0.612312,-6.56674,2.05047,-2.9388
0.56615,-6.55113,2.04275,-2.97204
0.519855,-6.53557,2.03508,-3.00608
0.473457,-6.51991,2.02739,-3.0407
0.426995,-6.50419,2.01958,-3.07576
0.379971,-6.48824,2.01168,-3.1112
0.33284,-6.47223,2.00383,3.13643
0.286176,-6.45632,1.99596,3.10082
0.239356,-6.44042,1.98804,3.06513
0.192363,-6.42448,1.98011,3.02941
0.145315,-6.4085,1.97223,2.99371
0.0985081,-6.39258,1.96446,2.95818
0.0528854,-6.37702,1.95697,2.92335
0.0112591,-6.36283,1.94982,2.89208
-0.0346345,-6.34733,1.94195,2.86237
-0.0795453,-6.33214,1.93429,2.83862
-0.124967,-6.31672,1.92651,2.81964
-0.171347,-6.30094,1.91872,2.80505
-0.218142,-6.28502,1.91079,2.79428
-0.265382,-6.26895,1.90286,2.78665
-0.310168,-6.25373,1.89528,2.78168
-0.358528,-6.2373,1.88709,2.77828
-0.405129,-6.22146,1.87917,2.77644
-0.452324,-6.20542,1.87123,2.77558
-0.499592,-6.18937,1.86326,2.77537
-0.546642,-6.17339,1.85534,2.77557
-0.592957,-6.15766,1.84754,2.77598
-0.636794,-6.14277,1.84005,2.77647
-0.685227,-6.12631,1.8318,2.77702
-0.73261,-6.11021,1.82388,2.77751
-0.779585,-6.09426,1.81607,2.77794
-0.823873,-6.07923,1.80857,2.77829
-0.872131,-6.06284,1.80048,2.77859
-0.917441,-6.04744,1.79284,2.77881
-0.960503,-6.03282