-0.500313,-0.5,1.02346,-3.14154
-0.512199,-0.516036,1.0222,3.12831
-0.524084,-0.532072,1.02095,3.11498
-0.53597,-0.548109,1.01969,3.10165
-0.547855,-0.564145,1.01844,3.08831
-0.559741,-0.580181,1.01718,3.07498
-0.571626,-0.596217,1.01593,3.06164
-0.583512,-0.612253,1.01467,3.04831
-0.595397,-0.62829,1.01342,3.03498
-0.607283,-0.644326,1.01216,3.02164
-0.619168,-0.660362,1.01091,3.00831
-0.631054,-0.676398,1.00965,2.99498
-0.642939,-0.692434,1.0084,2.98164
-0.654825,-0.708471,1.00714,2.96831
-0.66671,-0.724507,1.00589,2.95498
-0.678596,-0.740543,1.00463,2.94164
-0.690482,-0.756579,1.00338,2.92831
-0.702367,-0.772615,1.00212,2.91497
-0.714253,-0.788651,1.00087,2.90164
-0.726138,-0.804688,0.999612,2.88831
-0.738024,-0.820724,0.998357,2.87497
-0.749909,-0.83676,0.997102,2.86164
-0.761795,-0.852796,0.995847,2.84831
-0.77368,-0.868832,0.994592,2.83497
-0.785566,-0.884869,0.993337,2.82164
-0.797451,-0.900905,0.992082,2.80831
-0.809337,-0.916941,0.990827,2.79497
-0.821222,-0.932977,0.989573,2.78164
-0.833108,-0.949013,0.988318,2.7683
-0.844993,-0.96505,0.987063,2.75497
-0.856879,-0.981086,0.985808,2.74164
-0.868764,-0.997122,0.984553,2.7283
-0.88065,-1.01316,0.983298,2.71497
-0.892535,-1.02919,0.982043,2.70164
-0.904421,-1.04523,0.980788,2.6883
-0.916306,-1.06127,0.979533,2.67497
-0.928192,-1.0773,0.978278,2.66163
-0.940077,-1.09334,0.977023,2.6483
-0.951963,-1.10938,0.975768,2.63497
-0.963848,-1.12541,0.974513,2.62163
-0.975734,-1.14145,0.973258,2.6083
-0.98762,-1.15748,0.972003,2.59497
-0.999505,-1.17352,0.970748,2.58163
-1.01139,-1.18956,0.969493,2.5683
-1.02328,-1.20559,0.968239,2.55497
-1.03516,-1.22163,0.966984,2.54163
-1.04705,-1.23766,0.965729,2.5283
-1.05893,-1.2537,0.964474,2.51496
-1.07082,-1.26974,0.963219,2.50163
-1.0827,-1.28577,0.961964,2.4883
-1.09459,-1.30181,0.960709,2.47496
-1.0784,-1.31356,0.960834,2.45777
-1.06222,-1.32531,0.960958,2.44058
-1.04603,-1.33706,0.961083,2.42339
-1.02985,-1.3488,0.961208,2.40621
-1.01366,-1.36055,0.961333,2.38902
-0.99748,-1.3723,0.961458,2.37183
-0.981295,-1.38405,0.961583,2.35464
-0.96511,-1.3958,0.961707,2.33745
-0.948925,-1.40755,0.961832,2.32026
-0.93274,-1.4193,0.961957,2.30307
-0.916555,-1.43105,0.962082,2.28588
-0.90037,-1.44279,0.962207,2.26869
-0.884185,-1.45454,0.962332,2.2515
-0.868,-1.46629,0.962456,2.23431
-0.851815,-1.47804,0.962581,2.21712
-0.83563,-1.48979,0.962706,2.19993
-0.819445,-1.50154,0.962831,2.18274
-0.803261,-1.51329,0.962956,2.16555
-0.787076,-1.52504,0.96308,2.14836
-0.770891,-1.53678,0.963205,2.13117
-0.754706,-1.54853,0.96333,2.11398
-0.738521,-1.56028,0.963455,2.09679
-0.722336,-1.57203,0.96358,2.0796
-0.706151,-1.58378,0.963705,2.06241
-0.689966,-1.59553,0.963829,2.04522
-0.673781,-1.60728,0.963954,2.02803
-0.657596,-1.61903,0.964079,2.01084
-0.641411,-1.63077,0.964204,1.99365
-0.625226,-1.64252,0.964329,1.97646
-0.609041,-1.65427,0.964454,1.95927
-0.592856,-1.66602,0.964578,1.94208
-0.576672,-1.67777,0.964703,1.92489
-0.560487,-1.68952,0.964828,1.9077
-0.544302,-1.70127,0.964953,1.89051
-0.528117,-1.71302,0.965078,1.87332
-0.511932,-1.72476,0.965202,1.85613
-0.495747,-1.73651,0.965327,1.83895
-0.479562,-1.74826,0.965452,1.82176
-0.463377,-1.76001,0.965577,1.80457
-0.447192,-1.77176,0.965702,1.78738
-0.431007,-1.78351,0.965827,1.77019
-0.414822,-1.79526,0.965951,1.753
-0.398637,-1.807,0.966076,1.73581
-0.382452,-1.81875,0.966201,1.71862
-0.366268,-1.8305,0.966326,1.70143
-0.350083,-1.84225,0.966451,1.68424
-0.333898,-1.854,0.966576,1.66705
-0.317713,-1.86575,0.9667,1.64986
-0.301528,-1.8775,0.966825,1.63267
-0.285343,-1.88925,0.96695,1.61548
-0.279646,-1.90837,0.965671,1.56846
-0.273949,-1.9275,0.964391,1.52144
-0.268253,-1.94663,0.963112,1.47443
-0.262556,-1.96576,0.961832,1.42741
-0.256859,-1.98489,0.960553,1.38039
-0.251163,-2.00402,0.959273,1.33337
-0.245466,-2.02315,0.957994,1.28636
-0.239769,-2.04228,0.956714,1.23934
-0.234073,-2.06141,0.955435,1.19232
-0.228376,-2.08053,0.954155,1.1453
-0.222679,-2.09966,0.952876,1.09829
-0.216982,-2.11879,0.951596,1.05127
-0.211286,-2.13792,0.950317,1.00425
-0.205589,-2.15705,0.949037,0.957235
-0.199892,-2.17618,0.947758,0.910218
-0.194196,-2.19531,0.946478,0.863201
-0.188499,-2.21444,0.945199,0.816183
-0.182802,-2.23356,0.943919,0.769166
-0.177106,-2.25269,0.94264,0.722148
-0.171409,-2.27182,0.94136,0.675131
-0.165712,-2.29095,0.940081,0.628113
-0.160015,-2.31008,0.938801,0.581096
-0.154319,-2.32921,0.937522,0.534079
-0.148622,-2.34834,0.936242,0.487061
-0.142925,-2.36747,0.934963,0.440044
-0.137229,-2.38659,0.933683,0.393026
-0.131532,-2.40572,0.932404,0.346009
-0.125835,-2.42485,0.931124,0.298992
-0.120139,-2.44398,0.929845,0.251974
-0.114442,-2.46311,0.928566,0.204957
-0.108745,-2.48224,0.927286,0.157939
-0.103048,-2.50137,0.926007,0.110922
-0.0973517,-2.5205,0.924727,0.0639046
-0.091655,-2.53962,0.923448,0.0168872
-0.0859583,-2.55875,0.922168,-0.0301302
-0.0802616,-2.57788,0.920889,-0.0771476
-0.0745649,-2.59701,0.919609,-0.124165
-0.0688682,-2.61614,0.91833,-0.171182
-0.0631715,-2.63527,0.91705,-0.2182
-0.0574748,-2.6544,0.915771,-0.265217
-0.0517781,-2.67353,0.914491,-0.312235
-0.0460814,-2.69266,0.913212,-0.359252
-0.0403847,-2.71178,0.911932,-0.406269
-0.034688,-2.73091,0.910653,-0.453287
-0.0289913,-2.75004,0.909373,-0.500304
-0.0232946,-2.76917,0.908094,-0.547322
-0.0175979,-2.7883,0.906814,-0.594339
-0.0119012,-2.80743,0.905535,-0.641356
-0.00620451,-2.82656,0.904255,-0.688374
-0.000507806,-2.84569,0.902976,-0.735391
-0.0161699,-2.85807,0.901874,-0.673694
-0.0318319,-2.87046,0.900773,-0.611997
-0.047494,-2.88285,0.899671,-0.5503
-0.063156,-2.89524,0.89857,-0.488603
-0.0788181,-2.90763,0.897468,-0.426905
-0.0944802,-2.92002,0.896367,-0.365208
-0.110142,-2.93241,0.895265,-0.303511
-0.125804,-2.9448,0.894163,-0.241814
-0.141466,-2.95719,0.893062,-0.180117
-0.157128,-2.96958,0.89196,-0.118419
-0.17279,-2.98196,0.890859,-0.0567223
-0.188453,-2.99435,0.889757,0.00497489
-0.204115,-3.00674,0.888656,0.0666721
-0.219777,-3.01913,0.887554,0.128369
-0.235439,-3.03152,0.886453,0.190066
-0.251101,-3.04391,0.885351,0.251764
-0.266763,-3.0563,0.88425,0.313461
-0.282425,-3.06869,0.883148,0.375158
-0.298087,-3.08108,0.882046,0.436855
-0.313749,-3.09346,0.880945,0.498552
-0.329411,-3.10585,0.879843,0.56025
-0.345073,-3.11824,0.878742,0.621947
-0.360735,-3.13063,0.87764,0.683644
-0.376397,-3.14302,0.876539,0.745341
-0.392059,-3.15541,0.875437,0.807038
-0.407721,-3.1678,0.874336,0.868735
-0.423383,-3.18019,0.873234,0.930433
-0.439045,-3.19258,0.872133,0.99213
-0.454708,-3.20497,0.871031,1.05383
-0.47037,-3.21735,0.869929,1.11552
-0.486032,-3.22974,0.868828,1.17722
-0.501694,-3.24213,0.867726,1.23892
-0.517356,-3.25452,0.866625,1.30062
-0.533018,-3.26691,0.865523,1.36231
-0.54868,-3.2793,0.864422,1.42401
-0.564342,-3.29169,0.86332,1.48571
-0.580004,-3.30408,0.862219,1.5474
-0.595666,-3.31647,0.861117,1.6091
-0.611328,-3.32886,0.860016,1.6708
-0.62699,-3.34124,0.858914,1.7325
-0.642652,-3.35363,0.857812,1.79419
-0.658314,-3.36602,0.856711,1.85589
-0.673976,-3.37841,0.855609,1.91759
-0.689638,-3.3908,0.854508,1.97928
-0.705301,-3.40319,0.853406,2.04098
-0.720963,-3.41558,0.852305,2.10268
-0.736625,-3.42797,0.851203,2.16438
-0.752287,-3.44036,0.850102,2.22607
-0.767949,-3.45274,0.849,2.28777
-0.783611,-3.46513,0.847899,2.34947
-0.774388,-3.48061,0.856581,2.40141
-0.765166,-3.49609,0.865264,2.45336
-0.755944,-3.51157,0.873947,2.5053
-0.746721,-3.52704,0.88263,2.55725
-0.737499,-3.54252,0.891313,2.60919
-0.728276,-3.558,0.899996,2.66114
-0.719054,-3.57348,0.908679,2.71308
-0.709832,-3.58895,0.917361,2.76503
-0.700609,-3.60443,0.926044,2.81697
-0.691387,-3.61991,0.934727,2.86892
-0.682164,-3.63539,0.94341,2.92086
-0.672942,-3.65086,0.952093,2.9728
-0.66372,-3.66634,0.960776,3.02475
-0.654497,-3.68182,0.969459,3.07669
-0.645275,-3.6973,0.978141,3.12864
-0.636052,-3.71277,0.986824,-3.1026
-0.62683,-3.72825,0.995507,-3.05066
-0.617608,-3.74373,1.00419,-2.99871
-0.608385,-3.75921,1.01287,-2.94677
-0.599163,-3.77469,1.02156,-2.89482
-0.58994,-3.79016,1.03024,-2.84288
-0.580718,-3.80564,1.03892,-2.79093
-0.571495,-3.82112,1.0476,-2.73899
-0.562273,-3.8366,1.05629,-2.68704
-0.553051,-3.85207,1.06497,-2.6351
-0.543828,-3.86755,1.07365,-2.58315
-0.534606,-3.88303,1.08234,-2.53121
-0.525383,-3.89851,1.09102,-2.47926
-0.516161,-3.91398,1.0997,-2.42732
-0.506939,-3.92946,1.10838,-2.37537
-0.497716,-3.94494,1.11707,-2.32343
-0.488494,-3.96042,1.12575,-2.27149
-0.479271,-3.97589,1.13443,-2.21954
-0.470049,-3.99137,1.14312,-2.1676
-0.460827,-4.00685,1.1518,-2.11565
-0.451604,-4.02233,1.16048,-2.06371
-0.442382,-4.0378,1.16916,-2.01176
-0.433159,-4.05328,1.17785,-1.95982
-0.423937,-4.06876,1.18653,-1.90787
-0.414715,-4.08424,1.19521,-1.85593
-0.405492,-4.09971,1.2039,-1.80398
-0.39627,-4.11519,1.21258,-1.75204
-0.387047,-4.13067,1.22126,-1.70009
-0.377825,-4.14615,1.22994,-1.64815
-0.368603,-4.16162,1.23863,-1.5962
-0.35938,-4.1771,1.24731,-1.54426
-0.350158,-4.19258,1.25599,-1.49231
-0.340935,-4.20806,1.26468,-1.44037
-0.331713,-4.22353,1.27336,-1.38842
-0.322491,-4.23901,1.28204,-1.33648
-0.329721,-4.22049,1.27991,-1.28486
-0.336951,-4.20196,1.27777,-1.23323
-0.344181,-4.18344,1.27563,-1.18161
-0.351411,-4.16491,1.2735,-1.12998
-0.358641,-4.14639,1.27136,-1.07836
-0.365871,-4.12786,1.26923,-1.02673
-0.373102,-4.10934,1.26709,-0.97511
-0.380332,-4.09082,1.26495,-0.923486
-0.387562,-4.07229,1.26282,-0.871861
-0.394792,-4.05377,1.26068,-0.820237
-0.402022,-4.03524,1.25854,-0.768613
-0.409252,-4.01672,1.25641,-0.716989
-0.416482,-3.99819,1.25427,-0.665365
-0.423713,-3.97967,1.25214,-0.61374
-0.430943,-3.96114,1.25,-0.562116
-0.438173,-3.94262,1.24786,-0.510492
-0.445403,-3.92409,1.24573,-0.458868
-0.452633,-3.90557,1.24359,-0.407243
-0.459863,-3.88704,1.24146,-0.355619
-0.467093,-3.86852,1.23932,-0.303995
-0.474324,-3.84999,1.23718,-0.252371
-0.481554,-3.83147,1.23505,-0.200746
-0.488784,-3.81295,1.23291,-0.149122
-0.496014,-3.79442,1.23078,-0.097498
-0.503244,-3.7759,1.22864,-0.0458738
-0.510474,-3.75737,1.2265,0.00575041
-0.517704,-3.73885,1.22437,0.0573746
-0.524935,-3.72032,1.22223,0.108999
-0.532165,-3.7018,1.2201,0.160623
-0.539395,-3.68327,1.21796,0.212247
-0.546625,-3.66475,1.21582,0.263872
-0.553855,-3.64622,1.21369,0.315496
-0.561085,-3.6277,1.21155,0.36712
-0.568315,-3.60917,1.20942,0.418744
-0.575546,-3.59065,1.20728,0.470368
-0.582776,-3.57213,1.20514,0.521993
-0.590006,-3.5536,1.20301,0.573617
-0.597236,-3.53508,1.20087,0.625241
-0.604466,-3.51655,1.19873,0.676865
-0.611696,-3.49803,1.1966,0.72849
-0.618926,-3.4795,1.19446,0.780114
-0.626157,-3.46098,1.19233,0.831738
-0.633387,-3.44245,1.19019,0.883362
-0.640617,-3.42393,1.18805,0.934986
-0.647847,-3.4054,1.18592,0.986611
-0.655077,-3.38688,1.18378,1.03823
-0.662307,-3.36835,1.18165,1.08986
-0.669537,-3.34983,1.17951,1.14148
-0.676768,-3.33131,1.17737,1.19311
-0.683998,-3.31278,1.17524,1.24473
-0.679132,-3.33098,1.18195,1.23834
-0.674265,-3.34918,1.18866,1.23195
-0.669399,-3.36739,1.19536,1.22556
-0.664533,-3.38559,1.20207,1.21917
-0.659667,-3.40379,1.20878,1.21278
-0.654801,-3.42199,1.21549,1.20639
-0.649935,-3.44019,1.2222,1.2
-0.645069,-3.4584,1.22891,1.19361
-0.640203,-3.4766,1.23562,1.18722
-0.635337,-3.4948,1.24233,1.18083
-0.630471,-3.513,1.24904,1.17444
-0.625605,-3.5312,1.25575,1.16805
-0.620739,-3.54941,1.26245,1.16165
-0.615872,-3.56761,1.26916,1.15526
-0.611006,-3.58581,1.27587,1.14887
-0.60614,-3.60401,1.28258,1.14248
-0.601274,-3.62221,1.28929,1.13609
-0.596408,-3.64042,1.296,1.1297
-0.591542,-3.65862,1.30271,1.12331
-0.586676,-3.67682,1.30942,1.11692
-0.58181,-3.69502,1.31613,1.11053
-0.576944,-3.71322,1.32284,1.10414
-0.572078,-3.73143,1.32954,1.09775
-0.567212,-3.74963,1.33625,1.09136
-0.562345,-3.76783,1.34296,1.08497
-0.557479,-3.78603,1.34967,1.07858
-0.552613,-3.80423,1.35638,1.07219
-0.547747,-3.82243,1.36309,1.0658
-0.542881,-3.84064,1.3698,1.05941
-0.538015,-3.85884,1.37651,1.05302
-0.533149,-3.87704,1.38322,1.04663
-0.528283,-3.89524,1.38992,1.04023
-0.523417,-3.91344,1.39663,1.03384
-0.518551,-3.93165,1.40334,1.02745
-0.513685,-3.94985,1.41005,1.02106
-0.508818,-3.96805,1.41676,1.01467
-0.503952,-3.98625,1.42347,1.00828
-0.499086,-4.00445,1.43018,1.00189
-0.49422,-4.02266,1.43689,0.995501
-0.489354,-4.04086,1.4436,0.989111
-0.484488,-4.05906,1.45031,0.98272
-0.479622,-4.07726,1.45701,0.97633
-0.474756,-4.09546,1.46372,0.969939
-0.46989,-4.11367,1.47043,0.963549
-0.465024,-4.13187,1.47714,0.957158
-0.460158,-4.15007,1.48385,0.950768
-0.455291,-4.16827,1.49056,0.944377
-0.450425,-4.18647,1.49727,0.937987
-0.445559,-4.20468,1.50398,0.931596
-0.440693,-4.22288,1.51069,0.925205
-0.457244,-4.23404,1.51193,0.962423
-0.473795,-4.2452,1.51317,0.99964
-0.490346,-4.25636,1.5144,1.03686
-0.506897,-4.26752,1.51564,1.07408
-0.523447,-4.27867,1.51688,1.11129
-0.539998,-4.28983,1.51812,1.14851
-0.556549,-4.30099,1.51936,1.18573
-0.5731,-4.31215,1.5206,1.22294
-0.589651,-4.32331,1.52184,1.26016
-0.606202,-4.33447,1.52308,1.29738
-0.622753,-4.34563,1.52432,1.3346
-0.639304,-4.35679,1.52556,1.37181
-0.655854,-4.36795,1.5268,1.40903
-0.672405,-4.37911,1.52804,1.44625
-0.688956,-4.39027,1.52928,1.48347
-0.705507,-4.40143,1.53052,1.52068
-0.722058,-4.41259,1.53176,1.5579
-0.738609,-4.42375,1.533,1.59512
-0.75516,-4.43491,1.53424,1.63234
-0.77171,-4.44607,1.53548,1.66955
-0.788261,-4.45723,1.53672,1.70677
-0.804812,-4.46838,1.53796,1.74399
-0.821363,-4.47954,1.5392,1.78121
-0.837914,-4.4907,1.54044,1.81842
-0.854465,-4.50186,1.54167,1.85564
-0.871016,-4.51302,1.54291,1.89286
-0.887566,-4.52418,1.54415,1.93008
-0.904117,-4.53534,1.54539,1.96729
-0.920668,-4.5465,1.54663,2.00451
-0.937219,-4.55766,1.54787,2.04173
-0.95377,-4.56882,1.54911,2.07895
-0.970321,-4.57998,1.55035,2.11616
-0.986872,-4.59114,1.55159,2.15338
-1.00342,-4.6023,1.55283,2.1906
-1.01997,-4.61346,1.55407,2.22781
-1.03652,-4.62462,1.55531,2.26503
-1.05308,-4.63578,1.55655,2.30225
-1.06963,-4.64694,1.55779,2.33947
-1.08618,-4.65809,1.55903,2.37668
-1.10273,-4.66925,1.56027,2.4139
-1.11928,-4.68041,1.56151,2.45112
-1.13583,-4.69157,1.56275,2.48834
-1.15238,-4.70273,1.56399,2.52555
-1.16893,-4.71389,1.56523,2.56277
-1.18548,-4.72505,1.56647,2.59999
-1.20203,-4.73621,1.56771,2.63721
-1.21858,-4.74737,1.56895,2.67442
-1.23513,-4.75853,1.57018,2.71164
-1.25169,-4.76969,1.57142,2.74886
-1.26824,-4.78085,1.57266,2.78608
-1.26491,-4.80057,1.57244,2.74739
-1.26158,-4.82029,1.57222,2.7087
-1.25826,-4.84001,1.572,2.67001
-1.25493,-4.85973,1.57178,2.63132
-1.25161,-4.87945,1.57156,2.59263
-1.24828,-4.89917,1.57134,2.55394
-1.24495,-4.91889,1.57112,2.51525
-1.24163,-4.93861,1.5709,2.47656
-1.2383,-4.95833,1.57068,2.43787
-1.23497,-4.97805,1.57046,2.39918
-1.23165,-4.99777,1.57024,2.36049
-1.22832,-5.01749,1.57002,2.3218
-1.225,-5.03721,1.56979,2.28311
-1.22167,-5.05693,1.56957,2.24442
-1.21834,-5.07665,1.56935,2.20573
-1.21502,-5.09637,1.56913,2.16704
-1.21169,-5.11609,1.56891,2.12835
-1.20837,-5.13581,1.56869,2.08966
-1.20504,-5.15553,1.56847,2.05097
-1.20171,-5.17525,1.56825,2.01228
-1.19839,-5.19497,1.56803,1.97359
-1.19506,-5.21469,1.56781,1.9349
-1.19173,-5.23441,1.56759,1.89621
-1.18841,-5.25413,1.56737,1.85752
-1.18508,-5.27385,1.56715,1.81883
-1.18176,-5.29357,1.56693,1.78014
-1.17843,-5.3133,1.5667,1.74145
-1.1751,-5.33302,1.56648,1.70276
-1.17178,-5.35274,1.56626,1.66407
-1.16845,-5.37246,1.56604,1.62538
-1.16513,-5.39218,1.56582,1.58669
-1.1618,-5.4119,1.5656,1.548
-1.15847,-5.43162,1.56538,1.50931
-1.15515,-5.45134,1.56516,1.47062
-1.15182,-5.47106,1.56494,1.43193
-1.14849,-5.49078,1.56472,1.39324
-1.14517,-5.5105,1.5645,1.35455
-1.14184,-5.53022,1.56428,1.31586
-1.13852,-5.54994,1.56406,1.27717
-1.13519,-5.56966,1.56384,1.23848
-1.13186,-5.58938,1.56361,1.19979
-1.12854,-5.6091,1.56339,1.1611
-1.12521,-5.62882,1.56317,1.12241
-1.12189,-5.64854,1.56295,1.08372
-1.11856,-5.66826,1.56273,1.04503
-1.11523,-5.68798,1.56251,1.00634
-1.11191,-5.7077,1.56229,0.967646
-1.10858,-5.72742,1.56207,0.928956
-1.10525,-5.74714,1.56185,0.890266
-1.10193,-5.76686,1.56163,0.851576
-1.08376,-5.77352,1.56668,0.859173
-1.06559,-5.78018,1.57173,0.86677
-1.04742,-5.78684,1.57678,0.874367
-1.02925,-5.79349,1.58183,0.881965
-1.01108,-5.80015,1.58688,0.889562
-0.992908,-5.80681,1.59193,0.897159
-0.974738,-5.81347,1.59699,0.904756
-0.956568,-5.82013,1.60204,0.912354
-0.938397,-5.82679,1.60709,0.919951
-0.920227,-5.83344,1.61214,0.927548
-0.902057,-5.8401,1.61719,0.935146
-0.883887,-5.84676,1.62224,0.942743
-0.865717,-5.85342,1.62729,0.95034
-0.847547,-5.86008,1.63234,0.957937
-0.829377,-5.86674,1.63739,0.965535
-0.811207,-5.87339,1.64244,0.973132
-0.793036,-5.88005,1.6475,0.980729
-0.774866,-5.88671,1.65255,0.988326
-0.756696,-5.89337,1.6576,0.995924
-0.738526,-5.90003,1.66265,1.00352
-0.720356,-5.90669,1.6677,1.01112
-0.702186,-5.91335,1.67275,1.01872
-0.684016,-5.92,1.6778,1.02631
-0.665846,-5.92666,1.68285,1.03391
-0.647676,-5.93332,1.6879,1.04151
-0.629505,-5.93998,1.69295,1.0491
-0.611335,-5.94664,1.69801,1.0567
-0.593165,-5.9533,1.70306,1.0643
-0.574995,-5.95995,1.70811,1.0719
-0.556825,-5.96661,1.71316,1.07949
-0.538655,-5.97327,1.71821,1.08709
-0.520485,-5.97993,1.72326,1.09469
-0.502315,-5.98659,1.72831,1.10229
-0.484144,-5.99325,1.73336,1.10988
-0.465974,-5.9999,1.73841,1.11748
-0.447804,-6.00656,1.74346,1.12508
-0.429634,-6.01322,1.74852,1.13267
-0.411464,-6.01988,1.75357,1.14027
-0.393294,-6.02654,1.75862,1.14787
-0.375124,-6.0332,1.76367,1.15547
-0.356954,-6.03985,1.76872,1.16306
-0.338783,-6.04651,1.77377,1.17066
-0.320613,-6.05317,1.77882,1.17826
-0.302443,-6.05983,1.78387,1.18586
-0.284273,-6.06649,1.78892,1.19345
-0.266103,-6.07315,1.79397,1.20105
-0.247933,-6.0798,1.79903,1.20865
-0.229763,-6.08646,1.80408,1.21624
-0.211593,-6.09312,1.80913,1.22384
-0.193422,-6.09978,1.81418,1.23144
-0.190567,-6.08024,1.81102,1.2156
-0.187712,-6.0607,1.80787,1.19976
-0.184856,-6.04115,1.80472,1.18392
-0.182001,-6.02161,1.80156,1.16808
-0.179146,-6.00207,1.79841,1.15224
-0.17629,-5.98253,1.79526,1.13639
-0.173435,-5.96298,1.7921,1.12055
-0.17058,-5.94344,1.78895,1.10471
-0.167724,-5.9239,1.78579,1.08887
-0.164869,-5.90436,1.78264,1.07303
-0.162014,-5.88481,1.77949,1.05719
-0.159158,-5.86527,1.77633,1.04135
-0.156303,-5.84573,1.77318,1.02551
-0.153448,-5.82619,1.77003,1.00967
-0.150592,-5.80665,1.76687,0.993829
-0.147737,-5.7871,1.76372,0.977988
-0.144882,-5.76756,1.76056,0.962148
-0.142026,-5.74802,1.75741,0.946307
-0.139171,-5.72848,1.75426,0.930467
-0.136316,-5.70893,1.7511,0.914626
-0.13346,-5.68939,1.74795,0.898785
-0.130605,-5.66985,1.74479,0.882945
-0.12775,-5.65031,1.74164,0.867104
-0.124894,-5.63076,1.73849,0.851263
-0.122039,-5.61122,1.73533,0.835423
-0.119184,-5.59168,1.73218,0.819582
-0.116328,-5.57214,1.72903,0.803741
-0.113473,-5.5526,1.72587,0.787901
-0.110618,-5.53305,1.72272,0.77206
-0.107762,-5.51351,1.71956,0.756219
-0.104907,-5.49397,1.71641,0.740379
-0.102052,-5.47443,1.71326,0.724538
-0.0991964,-5.45488,1.7101,0.708698
-0.0963411,-5.43534,1.70695,0.692857
-0.0934857,-5.4158,1.7038,0.677016
-0.0906304,-5.39626,1.70064,0.661176
-0.0877751,-5.37672,1.69749,0.645335
-0.0849197,-5.35717,1.69433,0.629494
-0.0820644,-5.33763,1.69118,0.613654
-0.0792091,-5.31809,1.68803,0.597813
-0.0763537,-5.29855,1.68487,0.581972
-0.0734984,-5.279,1.68172,0.566132
-0.0706431,-5.25946,1.67857,0.550291
-0.0677877,-5.23992,1.67541,0.53445
-0.0649324,-5.22038,1.67226,0.51861
-0.0620771,-5.20083,1.6691,0.502769
-0.0592217,-5.18129,1.66595,0.486929
-0.0563664,-5.16175,1.6628,0.471088
-0.0535111,-5.14221,1.65964,0.455247
-0.0506557,-5.12267,1.65649,0.439407
-0.0694618,-5.12636,1.65077,0.480983
-0.088268,-5.13006,1.64506,0.522559
-0.107074,-5.13376,1.63935,0.564135
-0.12588,-5.13746,1.63363,0.605711
-0.144686,-5.14116,1.62792,0.647287
-0.163492,-5.14486,1.62221,0.688863
-0.182299,-5.14856,1.61649,0.730439
-0.201105,-5.15226,1.61078,0.772015
-0.219911,-5.15596,1.60506,0.813591
-0.238717,-5.15965,1.59935,0.855167
-0.257523,-5.16335,1.59364,0.896743
-0.276329,-5.16705,1.58792,0.938319
-0.295135,-5.17075,1.58221,0.979895
-0.313941,-5.17445,1.57649,1.02147
-0.332748,-5.17815,1.57078,1.06305
-0.351554,-5.18185,1.56507,1.10462
-0.37036,-5.18555,1.55935,1.1462
-0.389166,-5.18925,1.55364,1.18777
-0.407972,-5.19294,1.54793,1.22935
-0.426778,-5.19664,1.54221,1.27093
-0.445584,-5.20034,1.5365,1.3125
-0.46439,-5.20404,1.53078,1.35408
-0.483196,-5.20774,1.52507,1.39565
-0.502003,-5.21144,1.51936,1.43723
-0.520809,-5.21514,1.51364,1.47881
-0.539615,-5.21884,1.50793,1.52038
-0.558421,-5.22254,1.50221,1.56196
-0.577227,-5.22623,1.4965,1.60353
-0.596033,-5.22993,1.49079,1.64511
-0.614839,-5.23363,1.48507,1.68669
-0.633645,-5.23733,1.47936,1.72826
-0.652452,-5.24103,1.47365,1.76984
-0.671258,-5.24473,1.46793,1.81141
-0.690064,-5.24843,1.46222,1.85299
-0.70887,-5.25213,1.4565,1.89457
-0.727676,-5.25583,1.45079,1.93614
-0.746482,-5.25952,1.44508,1.97772
-0.765288,-5.26322,1.43936,2.01929
-0.784094,-5.26692,1.43365,2.06087
-0.8029,-5.27062,1.42793,2.10245
-0.821707,-5.27432,1.42222,2.14402
-0.840513,-5.27802,1.41651,2.1856
-0.859319,-5.28172,1.41079,2.22717
-0.878125,-5.28542,1.40508,2.26875
-0.896931,-5.28912,1.39937,2.31033
-0.915737,-5.29282,1.39365,2.3519
-0.934543,-5.29651,1.38794,2.39348
-0.953349,-5.30021,1.38222,2.43505
-0.972156,-5.30391,1.37651,2.47663
-0.990962,-5.30761,1.3708,2.51821
-0.975379,-5.29552,1.37411,2.52342
-0.959795,-5.28343,1.37742,2.52862
-0.944212,-5.27134,1.38074,2.53383
-0.928629,-5.25925,1.38405,2.53904
-0.913046,-5.24716,1.38736,2.54425
-0.897463,-5.23506,1.39067,2.54946
-0.88188,-5.22297,1.39399,2.55467
-0.866297,-5.21088,1.3973,2.55987
-0.850714,-5.19879,1.40061,2.56508
-0.835131,-5.1867,1.40393,2.57029
-0.819547,-5.17461,1.40724,2.5755
-0.803964,-5.16252,1.41055,2.58071
-0.788381,-5.15043,1.41387,2.58592
-0.772798,-5.13834,1.41718,2.59113
-0.757215,-5.12625,1.42049,2.59633
-0.741632,-5.11416,1.4238,2.60154
-0.726049,-5.10206,1.42712,2.60675
-0.710466,-5.08997,1.43043,2.61196
-0.694883,-5.07788,1.43374,2.61717
-0.679299,-5.06579,1.43706,2.62238
-0.663716,-5.0537,1.44037,2.62758
-0.648133,-5.04161,1.44368,2.63279
-0.63255,-5.02952,1.44699,2.638
-0.616967,-5.01743,1.45031,2.64321
-0.601384,-5.00534,1.45362,2.64842
-0.585801,-4.99325,1.45693,2.65363
-0.570218,-4.98116,1.46025,2.65884
-0.554635,-4.96906,1.46356,2.66404
-0.539052,-4.95697,1.46687,2.66925
-0.523468,-4.94488,1.47019,2.67446
-0.507885,-4.93279,1.4735,2.67967
-0.492302,-4.9207,1.47681,2.68488
-0.476719,-4.90861,1.48012,2.69009
-0.461136,-4.89652,1.48344,2.69529
-0.445553,-4.88443,1.48675,2.7005
-0.42997,-4.87234,1.49006,2.70571
-0.414387,-4.86025,1.49338,2.71092
-0.398804,-4.84815,1.49669,2.71613
-0.38322,-4.83606,1.5,2.72134
-0.367637,-4.82397,1.50332,2.72655
-0.352054,-4.81188,1.50663,2.73175
-0.336471,-4.79979,1.50994,2.73696
-0.320888,-4.7877,1.51325,2.74217
-0.305305,-4.77561,1.51657,2.74738
-0.289722,-4.76352,1.51988,2.75259
-0.274139,-4.75143,1.52319,2.7578
-0.258556,-4.73934,1.52651,2.763
-0.242972,-4.72725,1.52982,2.76821
-0.227389,-4.71515,1.53313,2.77342
-0.211806,-4.70306,1.53645,2.77863
-0.211847,-4.68308,1.53736,2.83819
-0.211889,-4.66311,1.53828,2.89775
-0.21193,-4.64313,1.53919,2.95731
-0.211971,-4.62315,1.54011,3.01687
-0.212012,-4.60317,1.54102,3.07644
-0.212053,-4.58319,1.54193,3.136
-0.212094,-4.56321,1.54285,-3.08763
-0.212135,-4.54323,1.54376,-3.02807
-0.212177,-4.52325,1.54468,-2.96851
-0.212218,-4.50327,1.54559,-2.90894
-0.212259,-4.48329,1.54651,-2.84938
-0.2123,-4.46332,1.54742,-2.78982
-0.212341,-4.44334,1.54834,-2.73026
-0.212382,-4.42336,1.54925,-2.6707
-0.212423,-4.40338,1.55017,-2.61114
-0.212465,-4.3834,1.55108,-2.55158
-0.212506,-4.36342,1.552,-2.49202
-0.212547,-4.34344,1.55291,-2.43246
-0.212588,-4.32346,1.55383,-2.3729
-0.212629,-4.30348,1.55474,-2.31333
-0.21267,-4.2835,1.55566,-2.25377
-0.212712,-4.26353,1.55657,-2.19421
-0.212753,-4.24355,1.55749,-2.13465
-0.212794,-4.22357,1.5584,-2.07509
-0.212835,-4.20359,1.55932,-2.01553
-0.212876,-4.18361,1.56023,-1.95597
-0.212917,-4.16363,1.56115,-1.89641
-0.212958,-4.14365,1.56206,-1.83685
-0.213,-4.12367,1.56298,-1.77728
-0.213041,-4.10369,1.56389,-1.71772
-0.213082,-4.08371,1.56481,-1.65816
-0.213123,-4.06373,1.56572,-1.5986
-0.213164,-4.04376,1.56664,-1.53904
-0.213205,-4.02378,1.56755,-1.47948
-0.213246,-4.0038,1.56847,-1.41992
-0.213288,-3.98382,1.56938,-1.36036
-0.213329,-3.96384,1.5703,-1.3008
-0.21337,-3.94386,1.57121,-1.24124
-0.213411,-3.92388,1.57213,-1.18167
-0.213452,-3.9039,1.57304,-1.12211
-0.213493,-3.88392,1.57396,-1.06255
-0.213535,-3.86394,1.57487,-1.00299
-0.213576,-3.84397,1.57579,-0.94343
-0.213617,-3.82399,1.5767,-0.883869
-0.213658,-3.80401,1.57762,-0.824308
-0.213699,-3.78403,1.57853,-0.764747
-0.21374,-3.76405,1.57944,-0.705186
-0.213781,-3.74407,1.58036,-0.645625
-0.213823,-3.72409,1.58127,-0.586064
-0.213864,-3.70411,1.58219,-0.526503
-0.229502,-3.69181,1.58018,-0.517634
-0.245141,-3.6795,1.57818,-0.508765
-0.26078,-3.6672,1.57617,-0.499896
-0.276419,-3.65489,1.57417,-0.491028
-0.292057,-3.64259,1.57216,-0.482159
-0.307696,-3.63028,1.57016,-0.47329
-0.323335,-3.61798,1.56815,-0.464421
-0.338973,-3.60567,1.56614,-0.455552
-0.354612,-3.59337,1.56414,-0.446684
-0.370251,-3.58106,1.56213,-0.437815
-0.385889,-3.56876,1.56013,-0.428946
-0.401528,-3.55645,1.55812,-0.420077
-0.417167,-3.54415,1.55612,-0.411208
-0.432805,-3.53184,1.55411,-0.40234
-0.448444,-3.51954,1.55211,-0.393471
-0.464083,-3.50724,1.5501,-0.384602
-0.479722,-3.49493,1.54809,-0.375733
-0.49536,-3.48263,1.54609,-0.366864
-0.510999,-3.47032,1.54408,-0.357996
-0.526638,-3.45802,1.54208,-0.349127
-0.542276,-3.44571,1.54007,-0.340258
-0.557915,-3.43341,1.53807,-0.331389
-0.573554,-3.4211,1.53606,-0.32252
-0.589192,-3.4088,1.53405,-0.313652
-0.604831,-3.39649,1.53205,-0.304783
-0.62047,-3.38419,1.53004,-0.295914
-0.636109,-3.37188,1.52804,-0.287045
-0.651747,-3.35958,1.52603,-0.278176
-0.667386,-3.34727,1.52403,-0.269308
-0.683025,-3.33497,1.52202,-0.260439
-0.698663,-3.32266,1.52002,-0.25157
-0.714302,-3.31036,1.51801,-0.242701
-0.729941,-3.29805,1.516,-0.233832
-0.745579,-3.28575,1.514,-0.224964
-0.761218,-3.27344,1.51199,-0.216095
-0.776857,-3.26114,1.50999,-0.207226
-0.792495,-3.24883,1.50798,-0.198357
-0.808134,-3.23653,1.50598,-0.189488
-0.823773,-3.22422,1.50397,-0.18062
-0.839412,-3.21192,1.50197,-0.171751
-0.85505,-3.19961,1.49996,-0.162882
-0.870689,-3.18731,1.49795,-0.154013
-0.886328,-3.17501,1.49595,-0.145144
-0.901966,-3.1627,1.49394,-0.136276
-0.917605,-3.1504,1.49194,-0.127407
-0.933244,-3.13809,1.48993,-0.118538
-0.948882,-3.12579,1.48793,-0.109669
-0.964521,-3.11348,1.48592,-0.1008
-0.98016,-3.10118,1.48391,-0.0919315
-0.995799,-3.08887,1.48191,-0.0830627
-0.98545,-3.07177,1.4826,-0.115945
-0.975102,-3.05467,1.4833,-0.148827
-0.964754,-3.03757,1.48399,-0.18171
-0.954406,-3.02047,1.48469,-0.214592
-0.944057,-3.00337,1.48538,-0.247474
-0.933709,-2.98627,1.48607,-0.280356
-0.923361,-2.96917,1.48677,-0.313239
-0.913013,-2.95207,1.48746,-0.346121
-0.902664,-2.93497,1.48816,-0.379003
-0.892316,-2.91786,1.48885,-0.411886
-0.881968,-2.90076,1.48955,-0.444768
-0.87162,-2.88366,1.49024,-0.47765
-0.861271,-2.86656,1.49093,-0.510532
-0.850923,-2.84946,1.49163,-0.543415
-0.840575,-2.83236,1.49232,-0.576297
-0.830227,-2.81526,1.49302,-0.609179
-0.819878,-2.79816,1.49371,-0.642062
-0.80953,-2.78106,1.49441,-0.674944
-0.799182,-2.76396,1.4951,-0.707826
-0.788834,-2.74686,1.49579,-0.740708
-0.778486,-2.72976,1.49649,-0.773591
-0.768137,-2.71266,1.49718,-0.806473
-0.757789,-2.69556,1.49788,-0.839355
-0.747441,-2.67846,1.49857,-0.872237
-0.737093,-2.66136,1.49927,-0.90512
-0.726744,-2.64425,1.49996,-0.938002
-0.716396,-2.62715,1.50065,-0.970884
-0.706048,-2.61005,1.50135,-1.00377
-0.6957,-2.59295,1.50204,-1.03665
-0.685351,-2.57585,1.50274,-1.06953
-0.675003,-2.55875,1.50343,-1.10241
-0.664655,-2.54165,1.50413,-1.1353
-0.654307,-2.52455,1.50482,-1.16818
-0.643958,-2.50745,1.50551,-1.20106
-0.63361,-2.49035,1.50621,-1.23394
-0.623262,-2.47325,1.5069,-1.26682
-0.612914,-2.45615,1.5076,-1.29971
-0.602565,-2.43905,1.50829,-1.33259
-0.592217,-2.42195,1.50899,-1.36547
-0.581869,-2.40485,1.50968,-1.39835
-0.571521,-2.38774,1.51037,-1.43124
-0.561173,-2.37064,1.51107,-1.46412
-0.550824,-2.35354,1.51176,-1.497
-0.540476,-2.33644,1.51246,-1.52988
-0.530128,-2.31934,1.51315,-1.56277
-0.51978,-2.30224,1.51385,-1.59565
-0.509431,-2.28514,1.51454,-1.62853
-0.499083,-2.26804,1.51523,-1.66141
-0.488735,-2.25094,1.51593,-1.69429
-0.478387,-2.23384,1.51662,-1.72718
-0.474394,-2.24973,1.5281,-1.67697
-0.470402,-2.26562,1.53957,-1.62676
-0.46641,-2.2815,1.55104,-1.57655
-0.462417,-2.29739,1.56251,-1.52634
-0.458425,-2.31328,1.57399,-1.47613
-0.454433,-2.32917,1.58546,-1.42592
-0.45044,-2.34506,1.59693,-1.37571
-0.446448,-2.36095,1.60841,-1.3255
-0.442456,-2.37683,1.61988,-1.27529
-0.438463,-2.39272,1.63135,-1.22508
-0.434471,-2.40861,1.64282,-1.17487
-0.430479,-2.4245,1.6543,-1.12466
-0.426486,-2.44039,1.66577,-1.07445
-0.422494,-2.45627,1.67724,-1.02424
-0.418502,-2.47216,1.68872,-0.974036
-0.414509,-2.48805,1.70019,-0.923826
-0.410517,-2.50394,1.71166,-0.873617
-0.406525,-2.51983,1.72313,-0.823407
-0.402532,-2.53572,1.73461,-0.773198
-0.39854,-2.5516,1.74608,-0.722988
-0.394548,-2.56749,1.75755,-0.672779
-0.390555,-2.58338,1.76902,-0.62257
-0.386563,-2.59927,1.7805,-0.57236
-0.382571,-2.61516,1.79197,-0.522151
-0.378578,-2.63105,1.80344,-0.471941
-0.374586,-2.64693,1.81492,-0.421732
-0.370594,-2.66282,1.82639,-0.371523
-0.366601,-2.67871,1.83786,-0.321313
-0.362609,-2.6946,1.84933,-0.271104
-0.358617,-2.71049,1.86081,-0.220894
-0.354624,-2.72637,1.87228,-0.170685
-0.350632,-2.74226,1.88375,-0.120476
-0.34664,-2.75815,1.89523,-0.0702661
-0.342647,-2.77404,1.9067,-0.0200567
-0.338655,-2.78993,1.91817,0.0301527
-0.334663,-2.80582,1.92964,0.0803621
-0.33067,-2.8217,1.94112,0.130572
-0.326678,-2.83759,1.95259,0.180781
-0.322686,-2.85348,1.96406,0.23099
-0.318693,-2.86937,1.97554,0.2812
-0.314701,-2.88526,1.98701,0.331409
-0.310709,-2.90115,1.99848,0.381619
-0.306716,-2.91703,2.00995,0.431828
-0.302724,-2.93292,2.02143,0.482037
-0.298732,-2.94881,2.0329,0.532247
-0.294739,-2.9647,2.04437,0.582456
-0.290747,-2.98059,2.05584,0.632666
-0.286755,-2.99648,2.06732,0.682875
-0.282762,-3.01236,2.07879,0.733084
-0.27877,-3.02825,2.09026,0.783294
-0.280217,-3.04788,2.08671,0.758736
-0.281663,-3.06751,2.08315,0.734178
-0.28311,-3.08714,2.07959,0.70962
-0.284557,-3.10676,2.07603,0.685062
-0.286004,-3.12639,2.07248,0.660504
-0.28745,-3.14602,2.06892,0.635946
-0.288897,-3.16565,2.06536,0.611388
-0.290344,-3.18527,2.0618,0.58683
-0.291791,-3.2049,2.05825,0.562272
-0.293237,-3.22453,2.05469,0.537714
-0.294684,-3.24416,2.05113,0.513156
-0.296131,-3.26379,2.04757,0.488598
-0.297577,-3.28341,2.04402,0.46404
-0.299024,-3.30304,2.04046,0.439482
-0.300471,-3.32267,2.0369,0.414925
-0.301918,-3.3423,2.03335,0.390367
-0.303364,-3.36192,2.02979,0.365809
-0.304811,-3.38155,2.02623,0.341251
-0.306258,-3.40118,2.02267,0.316693
-0.307705,-3.42081,2.01912,0.292135
-0.309151,-3.44044,2.01556,0.267577
-0.310598,-3.46006,2.012,0.243019
-0.312045,-3.47969,2.00844,0.218461
-0.313492,-3.49932,2.00489,0.193903
-0.314938,-3.51895,2.00133,0.169345
-0.316385,-3.53858,1.99777,0.144787
-0.317832,-3.5582,1.99421,0.120229
-0.319278,-3.57783,1.99066,0.0956711
-0.320725,-3.59746,1.9871,0.0711131
-0.322172,-3.61709,1.98354,0.0465552
-0.323619,-3.63671,1.97999,0.0219972
-0.325065,-3.65634,1.97643,-0.00256074
-0.326512,-3.67597,1.97287,-0.0271187
-0.327959,-3.6956,1.96931,-0.0516767
-0.329406,-3.71523,1.96576,-0.0762346
-0.330852,-3.73485,1.9622,-0.100793
-0.332299,-3.75448,1.95864,-0.125351
-0.333746,-3.77411,1.95508,-0.149908
-0.335192,-3.79374,1.95153,-0.174466
-0.336639,-3.81337,1.94797,-0.199024
-0.338086,-3.83299,1.94441,-0.223582
-0.339533,-3.85262,1.94085,-0.24814
-0.340979,-3.87225,1.9373,-0.272698
-0.342426,-3.89188,1.93374,-0.297256
-0.343873,-3.9115,1.93018,-0.321814
-0.34532,-3.93113,1.92663,-0.346372
-0.346766,-3.95076,1.92307,-0.37093
-0.348213,-3.97039,1.91951,-0.395488
-0.34966,-3.99002,1.91595,-0.420046
-0.351106,-4.00964,1.9124,-0.444604
-0.369541,-4.01733,1.91135,-0.419746
-0.387975,-4.02502,1.91031,-0.394887
-0.40641,-4.0327,1.90927,-0.370029
-0.424844,-4.04039,1.90822,-0.34517
-0.443278,-4.04808,1.90718,-0.320312
-0.461713,-4.05576,1.90614,-0.295453
-0.480147,-4.06345,1.90509,-0.270595
-0.498582,-4.07114,1.90405,-0.245736
-0.517016,-4.07882,1.90301,-0.220878
-0.53545,-4.08651,1.90196,-0.196019
-0.553885,-4.0942,1.90092,-0.171161
-0.572319,-4.10188,1.89988,-0.146302
-0.590754,-4.10957,1.89883,-0.121444
-0.609188,-4.11726,1.89779,-0.0965855
-0.627622,-4.12494,1.89675,-0.0717271
-0.646057,-4.13263,1.8957,-0.0468686
-0.664491,-4.14032,1.89466,-0.0220102
-0.682926,-4.148,1.89362,0.0028483
-0.70136,-4.15569,1.89257,0.0277068
-0.719794,-4.16338,1.89153,0.0525652
-0.738229,-4.17106,1.89049,0.0774237
-0.756663,-4.17875,1.88945,0.102282
-0.775098,-4.18644,1.8884,0.127141
-0.793532,-4.19412,1.88736,0.151999
-0.811966,-4.20181,1.88632,0.176858
-0.830401,-4.2095,1.88527,0.201716
-0.848835,-4.21718,1.88423,0.226574
-0.86727,-4.22487,1.88319,0.251433
-0.885704,-4.23256,1.88214,0.276291
-0.904138,-4.24024,1.8811,0.30115
-0.922573,-4.24793,1.88006,0.326008
-0.941007,-4.25562,1.87901,0.350867
-0.959442,-4.2633,1.87797,0.375725
-0.977876,-4.27099,1.87693,0.400584
-0.99631,-4.27868,1.87588,0.425442
-1.01474,-4.28636,1.87484,0.450301
-1.03318,-4.29405,1.8738,0.475159
-1.05161,-4.30174,1.87275,0.500017
-1.07005,-4.30942,1.87171,0.524876
-1.08848,-4.31711,1.87067,0.549734
-1.10692,-4.3248,1.86962,0.574593
-1.12535,-4.33248,1.86858,0.599451
-1.14379,-4.34017,1.86754,0.62431
-1.16222,-4.34786,1.86649,0.649168
-1.18065,-4.35554,1.86545,0.674027
-1.19909,-4.36323,1.86441,0.698885
-1.21752,-4.37092,1.86337,0.723744
-1.23596,-4.3786,1.86232,0.748602
-1.25439,-4.38629,1.86128,0.773461
-1.27283,-4.39398,1.86024,0.798319
-1.25321,-4.39623,1.85704,0.756367
-1.2336,-4.39848,1.85384,0.714416
-1.21399,-4.40074,1.85064,0.672464
-1.19437,-4.40299,1.84744,0.630512
-1.17476,-4.40525,1.84424,0.588561
-1.15515,-4.4075,1.84104,0.546609
-1.13553,-4.40976,1.83784,0.504657
-1.11592,-4.41201,1.83464,0.462706
-1.09631,-4.41426,1.83144,0.420754
-1.07669,-4.41652,1.82824,0.378802
-1.05708,-4.41877,1.82504,0.336851
-1.03747,-4.42103,1.82184,0.294899
-1.01785,-4.42328,1.81864,0.252947
-0.998241,-4.42554,1.81544,0.210996
-0.978628,-4.42779,1.81224,0.169044
-0.959014,-4.43004,1.80904,0.127092
-0.939401,-4.4323,1.80584,0.0851408
-0.919788,-4.43455,1.80264,0.0431891
-0.900175,-4.43681,1.79944,0.00123747
-0.880561,-4.43906,1.79624,-0.0407142
-0.860948,-4.44132,1.79304,-0.0826658
-0.841335,-4.44357,1.78984,-0.124618
-0.821722,-4.44582,1.78664,-0.166569
-0.802108,-4.44808,1.78344,-0.208521
-0.782495,-4.45033,1.78024,-0.250472
-0.762882,-4.45259,1.77704,-0.292424
-0.743269,-4.45484,1.77384,-0.334376
-0.723655,-4.45709,1.77064,-0.376327
-0.704042,-4.45935,1.76744,-0.418279
-0.684429,-4.4616,1.76424,-0.460231
-0.664816,-4.46386,1.76104,-0.502182
-0.645202,-4.46611,1.75784,-0.544134
-0.625589,-4.46837,1.75464,-0.586086
-0.605976,-4.47062,1.75144,-0.628037
-0.586362,-4.47287,1.74824,-0.669989
-0.566749,-4.47513,1.74504,-0.711941
-0.547136,-4.47738,1.74184,-0.753892
-0.527523,-4.47964,1.73864,-0.795844
-0.507909,-4.48189,1.73544,-0.837796
-0.488296,-4.48415,1.73224,-0.879747
-0.468683,-4.4864,1.72904,-0.921699
-0.44907,-4.48865,1.72584,-0.963651
-0.429456,-4.49091,1.72264,-1.0056
-0.409843,-4.49316,1.71944,-1.04755
-0.39023,-4.49542,1.71624,-1.08951
-0.370617,-4.49767,1.71304,-1.13146
-0.351003,-4.49992,1.70984,-1.17341
-0.33139,-4.50218,1.70664,-1.21536
-0.311777,-4.50443,1.70344,-1.25731
-0.292164,-4.50669,1.70025,-1.29926
-0.302119,-4.49099,1.70763,-1.29766
-0.312075,-4.47529,1.71501,-1.29605
-0.32203,-4.4596,1.72239,-1.29444
-0.331986,-4.4439,1.72978,-1.29284
-0.341941,-4.4282,1.73716,-1.29123
-0.351897,-4.41251,1.74454,-1.28963
-0.361852,-4.39681,1.75193,-1.28802
-0.371808,-4.38112,1.75931,-1.28641
-0.381763,-4.36542,1.76669,-1.28481
-0.391718,-4.34972,1.77407,-1.2832
-0.401674,-4.33403,1.78146,-1.28159
-0.411629,-4.31833,1.78884,-1.27999
-0.421585,-4.30263,1.79622,-1.27838
-0.43154,-4.28694,1.80361,-1.27678
-0.441496,-4.27124,1.81099,-1.27517
-0.451451,-4.25554,1.81837,-1.27356
-0.461407,-4.23985,1.82576,-1.27196
-0.471362,-4.22415,1.83314,-1.27035
-0.481318,-4.20845,1.84052,-1.26874
-0.491273,-4.19276,1.8479,-1.26714
-0.501229,-4.17706,1.85529,-1.26553
-0.511184,-4.16136,1.86267,-1.26392
-0.52114,-4.14567,1.87005,-1.26232
-0.531095,-4.12997,1.87744,-1.26071
-0.541051,-4.11427,1.88482,-1.25911
-0.551006,-4.09858,1.8922,-1.2575
-0.560962,-4.08288,1.89958,-1.25589
-0.570917,-4.06718,1.90697,-1.25429
-0.580873,-4.05149,1.91435,-1.25268
-0.590828,-4.03579,1.92173,-1.25107
-0.600784,-4.0201,1.92912,-1.24947
-0.610739,-4.0044,1.9365,-1.24786
-0.620694,-3.9887,1.94388,-1.24625
-0.63065,-3.97301,1.95127,-1.24465
-0.640605,-3.95731,1.95865,-1.24304
-0.650561,-3.94161,1.96603,-1.24144
-0.660516,-3.92592,1.97341,-1.23983
-0.670472,-3.91022,1.9808,-1.23822
-0.680427,-3.89452,1.98818,-1.23662
-0.690383,-3.87883,1.99556,-1.23501
-0.700338,-3.86313,2.00295,-1.2334
-0.710294,-3.84743,2.01033,-1.2318
-0.720249,-3.83174,2.01771,-1.23019
-0.730205,-3.81604,2.02509,-1.22858
-0.74016,-3.80034,2.03248,-1.22698
-0.750116,-3.78465,2.03986,-1.22537
-0.760071,-3.76895,2.04724,-1.22377
-0.770027,-3.75325,2.05463,-1.22216
-0.779982,-3.73756,2.06201,-1.22055
-0.789938,-3.72186,2.06939,-1.21895
-0.780158,-3.70442,2.06965,-1.19448
-0.770378,-3.68697,2.06991,-1.17
-0.760598,-3.66953,2.07018,-1.14553
-0.750818,-3.65209,2.07044,-1.12106
-0.741038,-3.63464,2.0707,-1.09659
-0.731258,-3.6172,2.07096,-1.07212
-0.721479,-3.59976,2.07122,-1.04765
-0.711699,-3.58231,2.07148,-1.02317
-0.701919,-3.56487,2.07174,-0.998703
-0.692139,-3.54742,2.072,-0.974231
-0.682359,-3.52998,2.07226,-0.94976
-0.672579,-3.51254,2.07252,-0.925288
-0.662799,-3.49509,2.07278,-0.900817
-0.653019,-3.47765,2.07305,-0.876345
-0.64324,-3.4602,2.07331,-0.851874
-0.63346,-3.44276,2.07357,-0.827402
-0.62368,-3.42532,2.07383,-0.802931
-0.6139,-3.40787,2.07409,-0.778459
-0.60412,-3.39043,2.07435,-0.753988
-0.59434,-3.37299,2.07461,-0.729516
-0.58456,-3.35554,2.07487,-0.705044
-0.574781,-3.3381,2.07513,-0.680573
-0.565001,-3.32065,2.07539,-0.656101
-0.555221,-3.30321,2.07566,-0.63163
-0.545441,-3.28577,2.07592,-0.607158
-0.535661,-3.26832,2.07618,-0.582687
-0.525881,-3.25088,2.07644,-0.558215
-0.516101,-3.23344,2.0767,-0.533744
-0.506321,-3.21599,2.07696,-0.509272
-0.496542,-3.19855,2.07722,-0.4848
-0.486762,-3.1811,2.07748,-0.460329
-0.476982,-3.16366,2.07774,-0.435857
-0.467202,-3.14622,2.078,-0.411386
-0.457422,-3.12877,2.07826,-0.386914
-0.447642,-3.11133,2.07853,-0.362443
-0.437862,-3.09388,2.07879,-0.337971
-0.428082,-3.07644,2.07905,-0.3135
-0.418303,-3.059,2.07931,-0.289028
-0.408523,-3.04155,2.07957,-0.264557
-0.398743,-3.02411,2.07983,-0.240085
-0.388963,-3.00667,2.08009,-0.215613
-0.379183,-2.98922,2.08035,-0.191142
-0.369403,-2.97178,2.08061,-0.16667
-0.359623,-2.95433,2.08087,-0.142199
-0.349844,-2.93689,2.08113,-0.117727
-0.340064,-2.91945,2.0814,-0.0932558
-0.330284,-2.902,2.08166,-0.0687842
-0.320504,-2.88456,2.08192,-0.0443127
-0.310724,-2.86712,2.08218,-0.0198411
-0.300944,-2.84967,2.08244,0.00463042
-0.295503,-2.86782,2.08883,-0.0135511
-0.290061,-2.88598,2.09522,-0.0317326
-0.28462,-2.90413,2.10161,-0.0499141
-0.279178,-2.92228,2.10801,-0.0680956
-0.273737,-2.94044,2.1144,-0.0862771
-0.268295,-2.95859,2.12079,-0.104459
-0.262854,-2.97674,2.12718,-0.12264
-0.257412,-2.9949,2.13357,-0.140822
-0.251971,-3.01305,2.13997,-0.159003
-0.246529,-3.0312,2.14636,-0.177185
-0.241088,-3.04936,2.15275,-0.195366
-0.235646,-3.06751,2.15914,-0.213548
-0.230205,-3.08566,2.16553,-0.231729
-0.224763,-3.10382,2.17192,-0.249911
-0.219322,-3.12197,2.17832,-0.268092
-0.21388,-3.14012,2.18471,-0.286274
-0.208439,-3.15827,2.1911,-0.304455
-0.202997,-3.17643,2.19749,-0.322637
-0.197556,-3.19458,2.20388,-0.340818
-0.192114,-3.21273,2.21028,-0.359
-0.186673,-3.23089,2.21667,-0.377181
-0.181231,-3.24904,2.22306,-0.395363
-0.17579,-3.26719,2.22945,-0.413544
-0.170348,-3.28535,2.23584,-0.431726
-0.164907,-3.3035,2.24223,-0.449907
-0.159465,-3.32165,2.24863,-0.468089
-0.154024,-3.33981,2.25502,-0.48627
-0.148582,-3.35796,2.26141,-0.504452
-0.143141,-3.37611,2.2678,-0.522633
-0.137699,-3.39426,2.27419,-0.540815
-0.132258,-3.41242,2.28058,-0.558996
-0.126816,-3.43057,2.28698,-0.577178
-0.121375,-3.44872,2.29337,-0.595359
-0.115933,-3.46688,2.29976,-0.613541
-0.110492,-3.48503,2.30615,-0.631722
-0.10505,-3.50318,2.31254,-0.649904
-0.0996089,-3.52134,2.31894,-0.668085
-0.0941674,-3.53949,2.32533,-0.686267
-0.0887259,-3.55764,2.33172,-0.704448
-0.0832844,-3.5758,2.33811,-0.72263
-0.0778429,-3.59395,2.3445,-0.740811
-0.0724014,-3.6121,2.35089,-0.758993
-0.0669599,-3.63026,2.35729,-0.777175
-0.0615184,-3.64841,2.36368,-0.795356
-0.0560769,-3.66656,2.37007,-0.813538
-0.0506354,-3.68471,2.37646,-0.831719
-0.0451939,-3.70287,2.38285,-0.849901
-0.0397524,-3.72102,2.38925,-0.868082
-0.0343109,-3.73917,2.39564,-0.886264
-0.0288694,-3.75733,2.40203,-0.904445
-0.0381801,-3.73963,2.40181,-0.885236
-0.0474908,-3.72193,2.40159,-0.866027
-0.0568015,-3.70423,2.40138,-0.846817
-0.0661122,-3.68653,2.40116,-0.827608
-0.0754229,-3.66883,2.40094,-0.808399
-0.0847336,-3.65113,2.40072,-0.78919
-0.0940443,-3.63343,2.4005,-0.76998
-0.103355,-3.61573,2.40029,-0.750771
-0.112666,-3.59803,2.40007,-0.731562
-0.121976,-3.58033,2.39985,-0.712353
-0.131287,-3.56264,2.39963,-0.693143
-0.140598,-3.54494,2.39942,-0.673934
-0.149909,-3.52724,2.3992,-0.654725
-0.159219,-3.50954,2.39898,-0.635516
-0.16853,-3.49184,2.39876,-0.616307
-0.177841,-3.47414,2.39854,-0.597097
-0.187151,-3.45644,2.39833,-0.577888
-0.196462,-3.43874,2.39811,-0.558679
-0.205773,-3.42104,2.39789,-0.53947
-0.215083,-3.40334,2.39767,-0.52026
-0.224394,-3.38564,2.39745,-0.501051
-0.233705,-3.36794,2.39724,-0.481842
-0.243016,-3.35024,2.39702,-0.462633
-0.252326,-3.33254,2.3968,-0.443423
-0.261637,-3.31485,2.39658,-0.424214
-0.270948,-3.29715,2.39637,-0.405005
-0.280258,-3.27945,2.39615,-0.385796
-0.289569,-3.26175,2.39593,-0.366586
-0.29888,-3.24405,2.39571,-0.347377
-0.30819,-3.22635,2.39549,-0.328168
-0.317501,-3.20865,2.39528,-0.308959
-0.326812,-3.19095,2.39506,-0.289749
-0.336123,-3.17325,2.39484,-0.27054
-0.345433,-3.15555,2.39462,-0.251331
-0.354744,-3.13785,2.39441,-0.232122
-0.364055,-3.12015,2.39419,-0.212912
-0.373365,-3.10245,2.39397,-0.193703
-0.382676,-3.08476,2.39375,-0.174494
-0.391987,-3.06706,2.39353,-0.155285
-0.401297,-3.04936,2.39332,-0.136076
-0.410608,-3.03166,2.3931,-0.116866
-0.419919,-3.01396,2.39288,-0.0976571
-0.42923,-2.99626,2.39266,-0.0784478
-0.43854,-2.97856,2.39245,-0.0592386
-0.447851,-2.96086,2.39223,-0.0400294
-0.457162,-2.94316,2.39201,-0.0208201
-0.466472,-2.92546,2.39179,-0.00161088
-0.475783,-2.90776,2.39157,0.0175984
-0.485094,-2.89006,2.39136,0.0368076
-0.494404,-2.87236,2.39114,0.0560168
-0.498076,-2.8528,2.39304,0.0110632
-0.501747,-2.83323,2.39493,-0.0338904
-0.505419,-2.81366,2.39683,-0.078844
-0.50909,-2.79409,2.39872,-0.123798
-0.512761,-2.77452,2.40062,-0.168751
-0.516433,-2.75495,2.40252,-0.213705
-0.520104,-2.73539,2.40441,-0.258658
-0.523776,-2.71582,2.40631,-0.303612
-0.527447,-2.69625,2.40821,-0.348566
-0.531119,-2.67668,2.4101,-0.393519
-0.53479,-2.65711,2.412,-0.438473
-0.538461,-2.63754,2.41389,-0.483426
-0.542133,-2.61797,2.41579,-0.52838
-0.545804,-2.59841,2.41769,-0.573334
-0.549476,-2.57884,2.41958,-0.618287
-0.553147,-2.55927,2.42148,-0.663241
-0.556818,-2.5397,2.42338,-0.708194
-0.56049,-2.52013,2.42527,-0.753148
-0.564161,-2.50056,2.42717,-0.798102
-0.567833,-2.481,2.42907,-0.843055
-0.571504,-2.46143,2.43096,-0.888009
-0.575175,-2.44186,2.43286,-0.932962
-0.578847,-2.42229,2.43475,-0.977916
-0.582518,-2.40272,2.43665,-1.02287
-0.58619,-2.38315,2.43855,-1.06782
-0.589861,-2.36358,2.44044,-1.11278
-0.593532,-2.34402,2.44234,-1.15773
-0.597204,-2.32445,2.44424,-1.20268
-0.600875,-2.30488,2.44613,-1.24764
-0.604547,-2.28531,2.44803,-1.29259
-0.608218,-2.26574,2.44993,-1.33754
-0.611889,-2.24617,2.45182,-1.3825
-0.615561,-2.22661,2.45372,-1.42745
-0.619232,-2.20704,2.45561,-1.47241
-0.622904,-2.18747,2.45751,-1.51736
-0.626575,-2.1679,2.45941,-1.56231
-0.630246,-2.14833,2.4613,-1.60727
-0.633918,-2.12876,2.4632,-1.65222
-0.637589,-2.10919,2.4651,-1.69717
-0.641261,-2.08963,2.46699,-1.74213
-0.644932,-2.07006,2.46889,-1.78708
-0.648603,-2.05049,2.47078,-1.83203
-0.652275,-2.03092,2.47268,-1.87699
-0.655946,-2.01135,2.47458,-1.92194
-0.659618,-1.99178,2.47647,-1.9669
-0.663289,-1.97222,2.47837,-2.01185
-0.66696,-1.95265,2.48027,-2.0568
-0.670632,-1.93308,2.48216,-2.10176
-0.674303,-1.91351,2.48406,-2.14671
-0.677975,-1.89394,2.48596,-2.19166
-0.669697,-1.91028,2.47793,-2.23748
-0.661419,-1.92663,2.4699,-2.28331
-0.653141,-1.94297,2.46188,-2.32913
-0.644863,-1.95931,2.45385,-2.37495
-0.636586,-1.97565,2.44583,-2.42077
-0.628308,-1.992,2.4378,-2.46659
-0.62003,-2.00834,2.42978,-2.51241
-0.611752,-2.02468,2.42175,-2.55823
-0.603474,-2.04102,2.41373,-2.60406
-0.595196,-2.05736,2.4057,-2.64988
-0.586919,-2.07371,2.39768,-2.6957
-0.578641,-2.09005,2.38965,-2.74152
-0.570363,-2.10639,2.38163,-2.78734
-0.562085,-2.12273,2.3736,-2.83316
-0.553807,-2.13908,2.36558,-2.87898
-0.545529,-2.15542,2.35755,-2.9248
-0.537252,-2.17176,2.34953,-2.97063
-0.528974,-2.1881,2.3415,-3.01645
-0.520696,-2.20445,2.33347,-3.06227
-0.512418,-2.22079,2.32545,-3.10809
-0.50414,-2.23713,2.31742,3.12927
-0.495863,-2.25347,2.3094,3.08345
-0.487585,-2.26982,2.30137,3.03763
-0.479307,-2.28616,2.29335,2.99181
-0.471029,-2.3025,2.28532,2.94599
-0.462751,-2.31884,2.2773,2.90017
-0.454473,-2.33518,2.26927,2.85435
-0.446196,-2.35153,2.26125,2.80852
-0.437918,-2.36787,2.25322,2.7627
-0.42964,-2.38421,2.2452,2.71688
-0.421362,-2.40055,2.23717,2.67106
-0.413084,-2.4169,2.22915,2.62524
-0.404806,-2.43324,2.22112,2.57942
-0.396529,-2.44958,2.2131,2.5336
-0.388251,-2.46592,2.20507,2.48778
-0.379973,-2.48227,2.19704,2.44195
-0.371695,-2.49861,2.18902,2.39613
-0.363417,-2.51495,2.18099,2.35031
-0.355139,-2.53129,2.17297,2.30449
-0.346862,-2.54764,2.16494,2.25867
-0.338584,-2.56398,2.15692,2.21285
-0.330306,-2.58032,2.14889,2.16703
-0.322028,-2.59666,2.14087,2.1212
-0.31375,-2.613,2.13284,2.07538
-0.305473,-2.62935,2.12482,2.02956
-0.297195,-2.64569,2.11679,1.98374
-0.288917,-2.66203,2.10877,1.93792
-0.280639,-2.67837,2.10074,1.8921
-0.272361,-2.69472,2.09272,1.84628
-0.264083,-2.71106,2.08469,1.80046
-0.272321,-2.72833,2.07887,1.84752
-0.280559,-2.7456,2.07304,1.89458
-0.288797,-2.76286,2.06722,1.94164
-0.297035,-2.78013,2.06139,1.9887
-0.305273,-2.7974,2.05557,2.03577
-0.313511,-2.81467,2.04974,2.08283
-0.321748,-2.83194,2.04392,2.12989
-0.329986,-2.84921,2.03809,2.17695
-0.338224,-2.86648,2.03227,2.22401
-0.346462,-2.88375,2.02644,2.27108
-0.3547,-2.90101,2.02062,2.31814
-0.362938,-2.91828,2.01479,2.3652
-0.371176,-2.93555,2.00897,2.41226
-0.379414,-2.95282,2.00314,2.45933
-0.387651,-2.97009,1.99732,2.50639
-0.395889,-2.98736,1.99149,2.55345
-0.404127,-3.00463,1.98567,2.60051
-0.412365,-3.0219,1.97984,2.64757
-0.420603,-3.03916,1.97402,2.69464
-0.428841,-3.05643,1.96819,2.7417
-0.437079,-3.0737,1.96237,2.78876
-0.445317,-3.09097,1.95654,2.83582
-0.453554,-3.10824,1.95072,2.88288
-0.461792,-3.12551,1.94489,2.92995
-0.47003,-3.14278,1.93907,2.97701
-0.478268,-3.16005,1.93324,3.02407
-0.486506,-3.17731,1.92742,3.07113
-0.494744,-3.19458,1.92159,3.1182
-0.502982,-3.21185,1.91577,-3.11793
-0.511219,-3.22912,1.90994,-3.07087
-0.519457,-3.24639,1.90412,-3.0238
-0.527695,-3.26366,1.89829,-2.97674
-0.535933,-3.28093,1.89247,-2.92968
-0.544171,-3.29819,1.88664,-2.88262
-0.552409,-3.31546,1.88082,-2.83556
-0.560647,-3.33273,1.87499,-2.78849
-0.568885,-3.35,1.86917,-2.74143
-0.577122,-3.36727,1.86335,-2.69437
-0.58536,-3.38454,1.85752,-2.64731
-0.593598,-3.40181,1.8517,-2.60024
-0.601836,-3.41908,1.84587,-2.55318
-0.610074,-3.43634,1.84005,-2.50612
-0.618312,-3.45361,1.83422,-2.45906
-0.62655,-3.47088,1.8284,-2.412
-0.634788,-3.48815,1.82257,-2.36493
-0.643025,-3.50542,1.81675,-2.31787
-0.651263,-3.52269,1.81092,-2.27081
-0.659501,-3.53996,1.8051,-2.22375
-0.667739,-3.55723,1.79927,-2.17669
-0.675977,-3.57449,1.79345,-2.12962
-0.667453,-3.55657,1.79099,-2.12967
-0.65893,-3.53864,1.78854,-2.12971
-0.650407,-3.52072,1.78608,-2.12975
-0.641883,-3.50279,1.78363,-2.12979
-0.63336,-3.48487,1.78117,-2.12983
-0.624836,-3.46694,1.77872,-2.12988
-0.616313,-3.44901,1.77627,-2.12992
-0.60779,-3.43109,1.77381,-2.12996
-0.599266,-3.41316,1.77136,-2.13
-0.590743,-3.39524,1.7689,-2.13004
-0.582219,-3.37731,1.76645,-2.13009
-0.573696,-3.35939,1.76399,-2.13013
-0.565173,-3.34146,1.76154,-2.13017
-0.556649,-3.32354,1.75908,-2.13021
-0.548126,-3.30561,1.75663,-2.13025
-0.539602,-3.28768,1.75418,-2.1303
-0.531079,-3.26976,1.75172,-2.13034
-0.522556,-3.25183,1.74927,-2.13038
-0.514032,-3.23391,1.74681,-2.13042
-0.505509,-3.21598,1.74436,-2.13046
-0.496985,-3.19806,1.7419,-2.13051
-0.488462,-3.18013,1.73945,-2.13055
-0.479939,-3.16221,1.73699,-2.13059
-0.471415,-3.14428,1.73454,-2.13063
-0.462892,-3.12635,1.73209,-2.13067
-0.454368,-3.10843,1.72963,-2.13072
-0.445845,-3.0905,1.72718,-2.13076
-0.437322,-3.07258,1.72472,-2.1308
-0.428798,-3.05465,1.72227,-2.13084
-0.420275,-3.03673,1.71981,-2.13088
-0.411751,-3.0188,1.71736,-2.13093
-0.403228,-3.00087,1.71491,-2.13097
-0.394705,-2.98295,1.71245,-2.13101
-0.386181,-2.96502,1.71,-2.13105
-0.377658,-2.9471,1.70754,-2.13109
-0.369134,-2.92917,1.70509,-2.13114
-0.360611,-2.91125,1.70263,-2.13118
-0.352088,-2.89332,1.70018,-2.13122
-0.343564,-2.8754,1.69772,-2.13126
-0.335041,-2.85747,1.69527,-2.1313
-0.326517,-2.83954,1.69282,-2.13135
-0.317994,-2.82162,1.69036,-2.13139
-0.309471,-2.80369,1.68791,-2.13143
-0.300947,-2.78577,1.68545,-2.13147
-0.292424,-2.76784,1.683,-2.13151
-0.2839,-2.74992,1.68054,-2.13156
-0.275377,-2.73199,1.67809,-2.1316
-0.266854,-2.71406,1.67563,-2.13164
-0.25833,-2.69614,1.67318,-2.13168
-0.249807,-2.67821,1.67073,-2.13172
-0.24673,-2.69603,1.66217,-2.12404
-0.243654,-2.71384,1.65362,-2.11635
-0.240578,-2.73166,1.64506,-2.10866
-0.237501,-2.74947,1.63651,-2.10097
-0.234425,-2.76729,1.62796,-2.09329
-0.231349,-2.7851,1.6194,-2.0856
-0.228272,-2.80292,1.61085,-2.07791
-0.225196,-2.82073,1.60229,-2.07023
-0.222119,-2.83855,1.59374,-2.06254
-0.219043,-2.85636,1.58519,-2.05485
-0.215967,-2.87418,1.57663,-2.04716
-0.21289,-2.89199,1.56808,-2.03948
-0.209814,-2.90981,1.55953,-2.03179
-0.206738,-2.92762,1.55097,-2.0241
-0.203661,-2.94544,1.54242,-2.01641
-0.200585,-2.96325,1.53386,-2.00873
-0.197508,-2.98107,1.52531,-2.00104
-0.194432,-2.99888,1.51676,-1.99335
-0.191356,-3.0167,1.5082,-1.98567
-0.188279,-3.03451,1.49965,-1.97798
-0.185203,-3.05233,1.4911,-1.97029
-0.182127,-3.07014,1.48254,-1.9626
-0.17905,-3.08795,1.47399,-1.95492
-0.175974,-3.10577,1.46543,-1.94723
-0.172898,-3.12358,1.45688,-1.93954
-0.169821,-3.1414,1.44833,-1.93186
-0.166745,-3.15921,1.43977,-1.92417
-0.163668,-3.17703,1.43122,-1.91648
-0.160592,-3.19484,1.42266,-1.90879
-0.157516,-3.21266,1.41411,-1.90111
-0.154439,-3.23047,1.40556,-1.89342
-0.151363,-3.24829,1.397,-1.88573
-0.148287,-3.2661,1.38845,-1.87804
-0.14521,-3.28392,1.3799,-1.87036
-0.142134,-3.30173,1.37134,-1.86267
-0.139057,-3.31955,1.36279,-1.85498
-0.135981,-3.33736,1.35423,-1.8473
-0.132905,-3.35518,1.34568,-1.83961
-0.129828,-3.37299,1.33713,-1.83192
-0.126752,-3.39081,1.32857,-1.82423
-0.123676,-3.40862,1.32002,-1.81655
-0.120599,-3.42644,1.31147,-1.80886
-0.117523,-3.44425,1.30291,-1.80117
-0.114447,-3.46207,1.29436,-1.79348
-0.11137,-3.47988,1.2858,-1.7858
-0.108294,-3.4977,1.27725,-1.77811
-0.105217,-3.51551,1.2687,-1.77042
-0.102141,-3.53333,1.26014,-1.76274
-0.0990647,-3.55114,1.25159,-1.75505
-0.0959883,-3.56896,1.24303,-1.74736
-0.0960591,-3.55019,1.24995,-1.69684
-0.09613,-3.53143,1.25687,-1.64631
-0.0962008,-3.51266,1.26379,-1.59579
-0.0962716,-3.4939,1.27071,-1.54526
-0.0963425,-3.47513,1.27763,-1.49474
-0.0964133,-3.45637,1.28456,-1.44421
-0.0964842,-3.4376,1.29148,-1.39369
-0.096555,-3.41884,1.2984,-1.34316
-0.0966258,-3.40007,1.30532,-1.29264
-0.0966967,-3.38131,1.31224,-1.24211
-0.0967675,-3.36255,1.31916,-1.19159
-0.0968384,-3.34378,1.32608,-1.14107
-0.0969092,-3.32502,1.333,-1.09054
-0.09698,-3.30625,1.33992,-1.04002
-0.0970509,-3.28749,1.34684,-0.989492
-0.0971217,-3.26872,1.35376,-0.938967
-0.0971926,-3.24996,1.36068,-0.888443
-0.0972634,-3.23119,1.3676,-0.837918
-0.0973342,-3.21243,1.37452,-0.787393
-0.0974051,-3.19366,1.38144,-0.736869
-0.0974759,-3.1749,1.38836,-0.686344
-0.0975467,-3.15614,1.39528,-0.63582
-0.0976176,-3.13737,1.4022,-0.585295
-0.0976884,-3.11861,1.40912,-0.534771
-0.0977593,-3.09984,1.41604,-0.484246
-0.0978301,-3.08108,1.42296,-0.433721
-0.0979009,-3.06231,1.42988,-0.383197
-0.0979718,-3.04355,1.4368,-0.332672
-0.0980426,-3.02478,1.44372,-0.282148
-0.0981135,-3.00602,1.45064,-0.231623
-0.0981843,-2.98725,1.45756,-0.181098
-0.0982551,-2.96849,1.46448,-0.130574
-0.098326,-2.94973,1.4714,-0.0800492
-0.0983968,-2.93096,1.47832,-0.0295246
-0.0984677,-2.9122,1.48524,0.021
-0.0985385,-2.89343,1.49216,0.0715245
-0.0986093,-2.87467,1.49908,0.122049
-0.0986802,-2.8559,1.506,0.172574
-0.098751,-2.83714,1.51292,0.223098
-0.0988218,-2.81837,1.51984,0.273623
-0.0988927,-2.79961,1.52676,0.324147
-0.0989635,-2.78084,1.53368,0.374672
-0.0990344,-2.76208,1.5406,0.425197
-0.0991052,-2.74332,1.54752,0.475721
-0.099176,-2.72455,1.55444,0.526246
-0.0992469,-2.70579,1.56136,0.57677
-0.0993177,-2.68702,1.56828,0.627295
-0.0993886,-2.66826,1.5752,0.67782
-0.0994594,-2.64949,1.58212,0.728344
-0.0995302,-2.63073,1.58904,0.778869
-0.104865,-2.64653,1.60007,0.814614
-0.110199,-2.66234,1.6111,0.85036
-0.115534,-2.67815,1.62213,0.886105
-0.120868,-2.69395,1.63317,0.921851
-0.126203,-2.70976,1.6442,0.957596
-0.131537,-2.72556,1.65523,0.993342
-0.136872,-2.74137,1.66626,1.02909
-0.142206,-2.75718,1.6773,1.06483
-0.147541,-2.77298,1.68833,1.10058
-0.152875,-2.78879,1.69936,1.13632
-0.15821,-2.80459,1.71039,1.17207
-0.163544,-2.8204,1.72142,1.20781
-0.168878,-2.83621,1.73246,1.24356
-0.174213,-2.85201,1.74349,1.27931
-0.179547,-2.86782,1.75452,1.31505
-0.184882,-2.88362,1.76555,1.3508
-0.190216,-2.89943,1.77659,1.38654
-0.195551,-2.91524,1.78762,1.42229
-0.200885,-2.93104,1.79865,1.45803
-0.20622,-2.94685,1.80968,1.49378
-0.211554,-2.96265,1.82072,1.52952
-0.216889,-2.97846,1.83175,1.56527
-0.222223,-2.99427,1.84278,1.60101
-0.227558,-3.01007,1.85381,1.63676
-0.232892,-3.02588,1.86485,1.67251
-0.238227,-3.04168,1.87588,1.70825
-0.243561,-3.05749,1.88691,1.744
-0.248896,-3.0733,1.89794,1.77974
-0.25423,-3.0891,1.90898,1.81549
-0.259565,-3.10491,1.92001,1.85123
-0.264899,-3.12071,1.93104,1.88698
-0.270234,-3.13652,1.94207,1.92272
-0.275568,-3.15233,1.9531,1.95847
-0.280903,-3.16813,1.96414,1.99421
-0.286237,-3.18394,1.97517,2.02996
-0.291572,-3.19974,1.9862,2.06571
-0.296906,-3.21555,1.99723,2.10145
-0.302241,-3.23136,2.00827,2.1372
-0.307575,-3.24716,2.0193,2.17294
-0.312909,-3.26297,2.03033,2.20869
-0.318244,-3.27877,2.04136,2.24443
-0.323578,-3.29458,2.0524,2.28018
-0.328913,-3.31039,2.06343,2.31592
-0.334247,-3.32619,2.07446,2.35167
-0.339582,-3.342,2.08549,2.38742
-0.344916,-3.3578,2.09653,2.42316
-0.350251,-3.37361,2.10756,2.45891
-0.355585,-3.38942,2.11859,2.49465
-0.36092,-3.40522,2.12962,2.5304
-0.366254,-3.42103,2.14065,2.56614
-0.36039,-3.44012,2.14181,2.56777
-0.354527,-3.4592,2.14296,2.5694
-0.348663,-3.47829,2.14411,2.57102
-0.342799,-3.49737,2.14527,2.57265
-0.336935,-3.51646,2.14642,2.57428
-0.331071,-3.53555,2.14757,2.5759
-0.325208,-3.55463,2.14872,2.57753
-0.319344,-3.57372,2.14988,2.57916
-0.31348,-3.59281,2.15103,2.58078
-0.307616,-3.61189,2.15218,2.58241
-0.301752,-3.63098,2.15334,2.58404
-0.295889,-3.65006,2.15449,2.58567
-0.290025,-3.66915,2.15564,2.58729
-0.284161,-3.68824,2.15679,2.58892
-0.278297,-3.70732,2.15795,2.59055
-0.272433,-3.72641,2.1591,2.59217
-0.26657,-3.7455,2.16025,2.5938
-0.260706,-3.76458,2.1614,2.59543
-0.254842,-3.78367,2.16256,2.59705
-0.248978,-3.80276,2.16371,2.59868
-0.243114,-3.82184,2.16486,2.60031
-0.237251,-3.84093,2.16602,2.60193
-0.231387,-3.86001,2.16717,2.60356
-0.225523,-3.8791,2.16832,2.60519
-0.219659,-3.89819,2.16947,2.60682
-0.213795,-3.91727,2.17063,2.60844
-0.207932,-3.93636,2.17178,2.61007
-0.202068,-3.95545,2.17293,2.6117
-0.196204,-3.97453,2.17409,2.61332
-0.19034,-3.99362,2.17524,2.61495
-0.184476,-4.0127,2.17639,2.61658
-0.178613,-4.03179,2.17754,2.6182
-0.172749,-4.05088,2.1787,2.61983
-0.166885,-4.06996,2.17985,2.62146
-0.161021,-4.08905,2.181,2.62308
-0.155157,-4.10814,2.18215,2.62471
-0.149293,-4.12722,2.18331,2.62634
-0.14343,-4.14631,2.18446,2.62796
-0.137566,-4.16539,2.18561,2.62959
-0.131702,-4.18448,2.18677,2.63122
-0.125838,-4.20357,2.18792,2.63285
-0.119974,-4.22265,2.18907,2.63447
-0.114111,-4.24174,2.19022,2.6361
-0.108247,-4.26083,2.19138,2.63773
-0.102383,-4.27991,2.19253,2.63935
-0.0965192,-4.299,2.19368,2.64098
-0.0906554,-4.31809,2.19483,2.64261
-0.0847916,-4.33717,2.19599,2.64423
-0.0789278,-4.35626,2.19714,2.64586
-0.073064,-4.37534,2.19829,2.64749
-0.0852518,-4.38567,2.18625,2.69209
-0.0974397,-4.39599,2.17422,2.7367
-0.109627,-4.40631,2.16218,2.78131
-0.121815,-4.41663,2.15014,2.82591
-0.134003,-4.42695,2.1381,2.87052
-0.146191,-4.43727,2.12606,2.91512
-0.158379,-4.44759,2.11402,2.95973
-0.170567,-4.45792,2.10198,3.00434
-0.182754,-4.46824,2.08995,3.04894
-0.194942,-4.47856,2.07791,3.09355
-0.20713,-4.48888,2.06587,3.13816
-0.219318,-4.4992,2.05383,-3.10042
-0.231506,-4.50952,2.04179,-3.05582
-0.243693,-4.51984,2.02975,-3.01121
-0.255881,-4.53016,2.01771,-2.96661
-0.268069,-4.54049,2.00568,-2.922
-0.280257,-4.55081,1.99364,-2.87739
-0.292445,-4.56113,1.9816,-2.83279
-0.304632,-4.57145,1.96956,-2.78818
-0.31682,-4.58177,1.95752,-2.74358
-0.329008,-4.59209,1.94548,-2.69897
-0.341196,-4.60241,1.93345,-2.65436
-0.353384,-4.61274,1.92141,-2.60976
-0.365572,-4.62306,1.90937,-2.56515
-0.377759,-4.63338,1.89733,-2.52054
-0.389947,-4.6437,1.88529,-2.47594
-0.402135,-4.65402,1.87325,-2.43133
-0.414323,-4.66434,1.86121,-2.38673
-0.426511,-4.67466,1.84918,-2.34212
-0.438698,-4.68499,1.83714,-2.29751
-0.450886,-4.69531,1.8251,-2.25291
-0.463074,-4.70563,1.81306,-2.2083
-0.475262,-4.71595,1.80102,-2.1637
-0.48745,-4.72627,1.78898,-2.11909
-0.499637,-4.73659,1.77694,-2.07448
-0.511825,-4.74691,1.76491,-2.02988
-0.524013,-4.75723,1.75287,-1.98527
-0.536201,-4.76756,1.74083,-1.94066
-0.548389,-4.77788,1.72879,-1.89606
-0.560577,-4.7882,1.71675,-1.85145
-0.572764,-4.79852,1.70471,-1.80685
-0.584952,-4.80884,1.69267,-1.76224
-0.59714,-4.81916,1.68064,-1.71763
-0.609328,-4.82948,1.6686,-1.67303
-0.621516,-4.83981,1.65656,-1.62842
-0.633703,-4.85013,1.64452,-1.58382
-0.645891,-4.86045,1.63248,-1.53921
-0.658079,-4.87077,1.62044,-1.4946
-0.670267,-4.88109,1.6084,-1.45
-0.682455,-4.89141,1.59637,-1.40539
-0.679264,-4.87171,1.59771,-1.45508
-0.676073,-4.85202,1.59905,-1.50477
-0.672883,-4.83232,1.6004,-1.55446
-0.669692,-4.81262,1.60174,-1.60414
-0.666501,-4.79292,1.60308,-1.65383
-0.663311,-4.77322,1.60442,-1.70352
-0.66012,-4.75353,1.60577,-1.75321
-0.656929,-4.73383,1.60711,-1.8029
-0.653739,-4.71413,1.60845,-1.85259
-0.650548,-4.69443,1.6098,-1.90227
-0.647357,-4.67473,1.61114,-1.95196
-0.644167,-4.65503,1.61248,-2.00165
-0.640976,-4.63534,1.61383,-2.05134
-0.637785,-4.61564,1.61517,-2.10103
-0.634595,-4.59594,1.61651,-2.15072
-0.631404,-4.57624,1.61786,-2.20041
-0.628213,-4.55654,1.6192,-2.25009
-0.625023,-4.53685,1.62054,-2.29978
-0.621832,-4.51715,1.62189,-2.34947
-0.618641,-4.49745,1.62323,-2.39916
-0.615451,-4.47775,1.62457,-2.44885
-0.61226,-4.45805,1.62591,-2.49854
-0.609069,-4.43836,1.62726,-2.54822
-0.605879,-4.41866,1.6286,-2.59791
-0.602688,-4.39896,1.62994,-2.6476
-0.599497,-4.37926,1.63129,-2.69729
-0.596307,-4.35956,1.63263,-2.74698
-0.593116,-4.33987,1.63397,-2.79667
-0.589925,-4.32017,1.63532,-2.84635
-0.586735,-4.30047,1.63666,-2.89604
-0.583544,-4.28077,1.638,-2.94573
-0.580354,-4.26107,1.63935,-2.99542
-0.577163,-4.24137,1.64069,-3.04511
-0.573972,-4.22168,1.64203,-3.0948
-0.570782,-4.20198,1.64338,3.1387
-0.567591,-4.18228,1.64472,3.08901
-0.5644,-4.16258,1.64606,3.03932
-0.56121,-4.14288,1.6474,2.98964
-0.558019,-4.12319,1.64875,2.93995
-0.554828,-4.10349,1.65009,2.89026
-0.551638,-4.08379,1.65143,2.84057
-0.548447,-4.06409,1.65278,2.79088
-0.545256,-4.04439,1.65412,2.74119
-0.542066,-4.0247,1.65546,2.69151
-0.538875,-4.005,1.65681,2.64182
-0.535684,-3.9853,1.65815,2.59213
-0.532494,-3.9656,1.65949,2.54244
-0.529303,-3.9459,1.66084,2.49275
-0.526112,-3.9262,1.66218,2.44306
-0.522922,-3.90651,1.66352,2.39337
-0.533575,-3.91974,1.67407,2.37987
-0.544229,-3.93298,1.68462,2.36637
-0.554883,-3.94622,1.69517,2.35287
-0.565537,-3.95945,1.70572,2.33936
-0.576191,-3.97269,1.71627,2.32586
-0.586845,-3.98593,1.72682,2.31236
-0.597499,-3.99917,1.73736,2.29885
-0.608152,-4.0124,1.74791,2.28535
-0.618806,-4.02564,1.75846,2.27185
-0.62946,-4.03888,1.76901,2.25834
-0.640114,-4.05211,1.77956,2.24484
-0.650768,-4.06535,1.79011,2.23134
-0.661422,-4.07859,1.80066,2.21783
-0.672075,-4.09182,1.81121,2.20433
-0.682729,-4.10506,1.82176,2.19083
-0.693383,-4.1183,1.8323,2.17733
-0.704037,-4.13153,1.84285,2.16382
-0.714691,-4.14477,1.8534,2.15032
-0.725345,-4.15801,1.86395,2.13682
-0.735998,-4.17124,1.8745,2.12331
-0.746652,-4.18448,1.88505,2.10981
-0.757306,-4.19772,1.8956,2.09631
-0.76796,-4.21096,1.90615,2.0828
-0.778614,-4.22419,1.9167,2.0693
-0.789268,-4.23743,1.92725,2.0558
-0.799922,-4.25067,1.93779,2.04229
-0.810575,-4.2639,1.94834,2.02879
-0.821229,-4.27714,1.95889,2.01529
-0.831883,-4.29038,1.96944,2.00179
-0.842537,-4.30361,1.97999,1.98828
-0.853191,-4.31685,1.99054,1.97478
-0.863845,-4.33009,2.00109,1.96128
-0.874498,-4.34332,2.01164,1.94777
-0.885152,-4.35656,2.02219,1.93427
-0.895806,-4.3698,2.03273,1.92077
-0.90646,-4.38304,2.04328,1.90726
-0.917114,-4.39627,2.05383,1.89376
-0.927768,-4.40951,2.06438,1.88026
-0.938422,-4.42275,2.07493,1.86675
-0.949075,-4.43598,2.08548,1.85325
-0.959729,-4.44922,2.09603,1.83975
-0.970383,-4.46246,2.10658,1.82625
-0.981037,-4.47569,2.11713,1.81274
-0.991691,-4.48893,2.12767,1.79924
-1.00234,-4.50217,2.13822,1.78574
-1.013,-4.5154,2.14877,1.77223
-1.02365,-4.52864,2.15932,1.75873
-1.03431,-4.54188,2.16987,1.74523
-1.04496,-4.55512,2.18042,1.73172
-1.05561,-4.56835,2.19097,1.71822
-1.04009,-4.58083,2.18915,1.67804
-1.02456,-4.5933,2.18733,1.63786
-1.00904,-4.60578,2.1855,1.59768
-0.993511,-4.61825,2.18368,1.5575
-0.977985,-4.63073,2.18186,1.51731
-0.962459,-4.6432,2.18004,1.47713
-0.946934,-4.65568,2.17822,1.43695
-0.931408,-4.66816,2.1764,1.39677
-0.915882,-4.68063,2.17458,1.35659
-0.900357,-4.69311,2.17276,1.31641
-0.884831,-4.70558,2.17094,1.27623
-0.869305,-4.71806,2.16911,1.23605
-0.853779,-4.73053,2.16729,1.19586
-0.838254,-4.74301,2.16547,1.15568
-0.822728,-4.75548,2.16365,1.1155
-0.807202,-4.76796,2.16183,1.07532
-0.791676,-4.78043,2.16001,1.03514
-0.776151,-4.79291,2.15819,0.994958
-0.760625,-4.80538,2.15637,0.954777
-0.745099,-4.81786,2.15454,0.914595
-0.729574,-4.83034,2.15272,0.874414
-0.714048,-4.84281,2.1509,0.834233
-0.698522,-4.85529,2.14908,0.794051
-0.682996,-4.86776,2.14726,0.75387
-0.667471,-4.88024,2.14544,0.713689
-0.651945,-4.89271,2.14362,0.673508
-0.636419,-4.90519,2.1418,0.633326
-0.620893,-4.91766,2.13998,0.593145
-0.605368,-4.93014,2.13815,0.552964
-0.589842,-4.94261,2.13633,0.512783
-0.574316,-4.95509,2.13451,0.472601
-0.558791,-4.96756,2.13269,0.43242
-0.543265,-4.98004,2.13087,0.392239
-0.527739,-4.99252,2.12905,0.352058
-0.512213,-5.00499,2.12723,0.311876
-0.496688,-5.01747,2.12541,0.271695
-0.481162,-5.02994,2.12358,0.231514
-0.465636,-5.04242,2.12176,0.191333
-0.45011,-5.05489,2.11994,0.151151
-0.434585,-5.06737,2.11812,0.11097
-0.419059,-5.07984,2.1163,0.0707887
-0.403533,-5.09232,2.11448,0.0306075
-0.388007,-5.10479,2.11266,-0.00957378
-0.372482,-5.11727,2.11084,-0.049755
-0.356956,-5.12974,2.10902,-0.0899363
-0.34143,-5.14222,2.10719,-0.130118
-0.325905,-5.1547,2.10537,-0.170299
-0.310379,-5.16717,2.10355,-0.21048
-0.294853,-5.17965,2.10173,-0.250661
-0.279327,-5.19212,2.09991,-0.290843
-0.275576,-5.21101,2.10531,-0.32049
-0.271824,-5.2299,2.11071,-0.350138
-0.268072,-5.24879,2.11611,-0.379785
-0.26432,-5.26767,2.12151,-0.409433
-0.260569,-5.28656,2.12691,-0.439081
-0.256817,-5.30545,2.13231,-0.468728
-0.253065,-5.32434,2.13771,-0.498376
-0.249314,-5.34323,2.14311,-0.528023
-0.245562,-5.36212,2.14851,-0.557671
-0.24181,-5.381,2.15391,-0.587318
-0.238058,-5.39989,2.15931,-0.616966
-0.234307,-5.41878,2.16471,-0.646614
-0.230555,-5.43767,2.17011,-0.676261
-0.226803,-5.45656,2.17551,-0.705909
-0.223051,-5.47544,2.18091,-0.735556
-0.2193,-5.49433,2.18631,-0.765204
-0.215548,-5.51322,2.19171,-0.794851
-0.211796,-5.53211,2.19711,-0.824499
-0.208044,-5.551,2.20251,-0.854147
-0.204293,-5.56989,2.20791,-0.883794
-0.200541,-5.58877,2.21331,-0.913442
-0.196789,-5.60766,2.21871,-0.943089
-0.193038,-5.62655,2.22411,-0.972737
-0.189286,-5.64544,2.22951,-1.00238
-0.185534,-5.66433,2.23491,-1.03203
-0.181782,-5.68322,2.24031,-1.06168
-0.178031,-5.7021,2.24571,-1.09133
-0.174279,-5.72099,2.25111,-1.12097
-0.170527,-5.73988,2.25651,-1.15062
-0.166775,-5.75877,2.26191,-1.18027
-0.163024,-5.77766,2.26731,-1.20992
-0.159272,-5.79654,2.27271,-1.23957
-0.15552,-5.81543,2.27811,-1.26921
-0.151768,-5.83432,2.28351,-1.29886
-0.148017,-5.85321,2.28891,-1.32851
-0.144265,-5.8721,2.29431,-1.35816
-0.140513,-5.89099,2.29971,-1.3878
-0.136762,-5.90987,2.30511,-1.41745
-0.13301,-5.92876,2.31051,-1.4471
-0.129258,-5.94765,2.31591,-1.47675
-0.125506,-5.96654,2.32131,-1.50639
-0.121755,-5.98543,2.32671,-1.53604
-0.118003,-6.00432,2.33211,-1.56569
-0.114251,-6.0232,2.3375,-1.59534
-0.110499,-6.04209,2.3429,-1.62498
-0.106748,-6.06098,2.3483,-1.65463
-0.102996,-6.07987,2.3537,-1.68428
-0.0992442,-6.09876,2.3591,-1.71393
-0.0954925,-6.11764,2.3645,-1.74357
-0.0917408,-6.13653,2.3699,-1.77322
-0.0718045,-6.13656,2.36831,-1.77373
-0.0518682,-6.1366,2.36671,-1.77424
-0.031932,-6.13663,2.36512,-1.77475
-0.0119957,-6.13666,2.36352,-1.77526
0.00794054,-6.13669,2.36193,-1.77577
0.0278768,-6.13672,2.36033,-1.77628
0.0478131,-6.13675,2.35874,-1.77679
0.0677493,-6.13678,2.35714,-1.7773
0.0876856,-6.13681,2.35555,-1.77781
0.107622,-6.13685,2.35395,-1.77832
0.127558,-6.13688,2.35236,-1.77883
0.147494,-6.13691,2.35076,-1.77934
0.167431,-6.13694,2.34917,-1.77985
0.187367,-6.13697,2.34757,-1.78036
0.207303,-6.137,2.34598,-1.78087
0.227239,-6.13703,2.34438,-1.78137
0.247176,-6.13706,2.34279,-1.78188
0.267112,-6.1371,2.34119,-1.78239
0.287048,-6.13713,2.3396,-1.7829
0.306984,-6.13716,2.338,-1.78341
0.326921,-6.13719,2.33641,-1.78392
0.346857,-6.13722,2.33481,-1.78443
0.366793,-6.13725,2.33322,-1.78494
0.386729,-6.13728,2.33162,-1.78545
0.406666,-6.13731,2.33002,-1.78596
0.426602,-6.13735,2.32843,-1.78647
0.446538,-6.13738,2.32683,-1.78698
0.466474,-6.13741,2.32524,-1.78749
0.486411,-6.13744,2.32364,-1.788
0.506347,-6.13747,2.32205,-1.78851
0.526283,-6.1375,2.32045,-1.78902
0.54622,-6.13753,2.31886,-1.78953
0.566156,-6.13756,2.31726,-1.79004
0.586092,-6.1376,2.31567,-1.79055
0.606028,-6.13763,2.31407,-1.79106
0.625965,-6.13766,2.31248,-1.79157
0.645901,-6.13769,2.31088,-1.79208
0.665837,-6.13772,2.30929,-1.79259
0.685773,-6.13775,2.30769,-1.7931
0.70571,-6.13778,2.3061,-1.7936
0.725646,-6.13781,2.3045,-1.79411
0.745582,-6.13785,2.30291,-1.79462
0.765518,-6.13788,2.30131,-1.79513
0.785455,-6.13791,2.29972,-1.79564
0.805391,-6.13794,2.29812,-1.79615
0.825327,-6.13797,2.29653,-1.79666
0.845263,-6.138,2.29493,-1.79717
0.8652,-6.13803,2.29334,-1.79768
0.885136,-6.13806,2.29174,-1.79819
0.905072,-6.1381,2.29015,-1.7987
0.924901,-6.1387,2.29268,-1.82854
0.94473,-6.13931,2.29522,-1.85839
0.964559,-6.13992,2.29776,-1.88823
0.984389,-6.14052,2.3003,-1.91808
1.00422,-6.14113,2.30283,-1.94792
1.02405,-6.14173,2.30537,-1.97777
1.04388,-6.14234,2.30791,-2.00761
1.0637,-6.14295,2.31045,-2.03745
1.08353,-6.14355,2.31298,-2.0673
1.10336,-6.14416,2.31552,-2.09714
1.12319,-6.14477,2.31806,-2.12699
1.14302,-6.14537,2.3206,-2.15683
1.16285,-6.14598,2.32313,-2.18667
1.18268,-6.14659,2.32567,-2.21652
1.20251,-6.14719,2.32821,-2.24636
1.22234,-6.1478,2.33075,-2.27621
1.24217,-6.14841,2.33328,-2.30605
1.262,-6.14901,2.33582,-2.33589
1.28182,-6.14962,2.33836,-2.36574
1.30165,-6.15023,2.3409,-2.39558
1.32148,-6.15083,2.34344,-2.42543
1.34131,-6.15144,2.34597,-2.45527
1.36114,-6.15205,2.34851,-2.48511
1.38097,-6.15265,2.35105,-2.51496
1.4008,-6.15326,2.35359,-2.5448
1.42063,-6.15387,2.35612,-2.57465
1.44046,-6.15447,2.35866,-2.60449
1.46029,-6.15508,2.3612,-2.63433
1.48012,-6.15569,2.36374,-2.66418
1.49994,-6.15629,2.36627,-2.69402
1.51977,-6.1569,2.36881,-2.72387
1.5396,-6.15751,2.37135,-2.75371
1.55943,-6.15811,2.37389,-2.78355
1.57926,-6.15872,2.37642,-2.8134
1.59909,-6.15933,2.37896,-2.84324
1.61892,-6.15993,2.3815,-2.87309
1.63875,-6.16054,2.38404,-2.90293
1.65858,-6.16115,2.38657,-2.93277
1.67841,-6.16175,2.38911,-2.96262
1.69824,-6.16236,2.39165,-2.99246
1.71806,-6.16297,2.39419,-3.02231
1.73789,-6.16357,2.39672,-3.05215
1.75772,-6.16418,2.39926,-3.08199
1.77755,-6.16479,2.4018,-3.11184
1.79738,-6.16539,2.40434,3.1415
1.81721,-6.166,2.40688,3.11166
1.83704,-6.16661,2.40941,3.08181
1.85687,-6.16721,2.41195,3.05197
1.8767,-6.16782,2.41449,3.02213
1.89653,-6.16843,2.41703,2.99228
1.91159,-6.16006,2.40688,3.02974
1.92666,-6.15169,2.39673,3.06721
1.94172,-6.14332,2.38658,3.10467
1.95679,-6.13495,2.37643,-3.14105
1.97185,-6.12658,2.36628,-3.10359
1.98692,-6.11821,2.35613,-3.06613
2.00198,-6.10985,2.34598,-3.02867
2.01705,-6.10148,2.33583,-2.9912
2.03212,-6.09311,2.32569,-2.95374
2.04718,-6.08474,2.31554,-2.91628
2.06225,-6.07637,2.30539,-2.87882
2.07731,-6.068,2.29524,-2.84135
2.09238,-6.05964,2.28509,-2.80389
2.10744,-6.05127,2.27494,-2.76643
2.12251,-6.0429,2.26479,-2.72897
2.13757,-6.03453,2.25464,-2.69151
2.15264,-6.02616,2.24449,-2.65404
2.1677,-6.01779,2.23434,-2.61658
2.18277,-6.00942,2.2242,-2.57912
2.19783,-6.00106,2.21405,-2.54166
2.2129,-5.99269,2.2039,-2.50419
2.22797,-5.98432,2.19375,-2.46673
2.24303,-5.97595,2.1836,-2.42927
2.2581,-5.96758,2.17345,-2.39181
2.27316,-5.95921,2.1633,-2.35434
2.28823,-5.95085,2.15315,-2.31688
2.30329,-5.94248,2.143,-2.27942
2.31836,-5.93411,2.13285,-2.24196
2.33342,-5.92574,2.12271,-2.2045
2.34849,-5.91737,2.11256,-2.16703
2.36355,-5.909,2.10241,-2.12957
2.37862,-5.90063,2.09226,-2.09211
2.39369,-5.89227,2.08211,-2.05465
2.40875,-5.8839,2.07196,-2.01718
2.42382,-5.87553,2.06181,-1.97972
2.43888,-5.86716,2.05166,-1.94226
2.45395,-5.85879,2.04151,-1.9048
2.46901,-5.85042,2.03136,-1.86733
2.48408,-5.84206,2.02122,-1.82987
2.49914,-5.83369,2.01107,-1.79241
2.51421,-5.82532,2.00092,-1.75495
2.52927,-5.81695,1.99077,-1.71748
2.54434,-5.80858,1.98062,-1.68002
2.55941,-5.80021,1.97047,-1.64256
2.57447,-5.79184,1.96032,-1.6051
2.58954,-5.78348,1.95017,-1.56764
2.6046,-5.77511,1.94002,-1.53017
2.61967,-5.76674,1.92987,-1.49271
2.63473,-5.75837,1.91973,-1.45525
2.6498,-5.75,1.90958,-1.41779
2.66821,-5.75656,1.90532,-1.43707
2.68661,-5.76313,1.90107,-1.45636
2.70502,-5.76969,1.89681,-1.47564
2.72343,-5.77625,1.89255,-1.49493
2.74183,-5.78281,1.8883,-1.51421
2.76024,-5.78938,1.88404,-1.5335
2.77865,-5.79594,1.87979,-1.55278
2.79706,-5.8025,1.87553,-1.57206
2.81546,-5.80906,1.87127,-1.59135
2.83387,-5.81563,1.86702,-1.61063
2.85228,-5.82219,1.86276,-1.62992
2.87068,-5.82875,1.85851,-1.6492
2.88909,-5.83531,1.85425,-1.66849
2.9075,-5.84187,1.84999,-1.68777
2.92591,-5.84844,1.84574,-1.70706
2.94431,-5.855,1.84148,-1.72634
2.96272,-5.86156,1.83723,-1.74563
2.98113,-5.86812,1.83297,-1.76491
2.99953,-5.87469,1.82872,-1.7842
3.01794,-5.88125,1.82446,-1.80348
3.03635,-5.88781,1.8202,-1.82277
3.05476,-5.89437,1.81595,-1.84205
3.07316,-5.90094,1.81169,-1.86134
3.09157,-5.9075,1.80744,-1.88062
3.10998,-5.91406,1.80318,-1.89991
3.12838,-5.92062,1.79892,-1.91919
3.14679,-5.92718,1.79467,-1.93848
3.1652,-5.93375,1.79041,-1.95776
3.18361,-5.94031,1.78616,-1.97705
3.20201,-5.94687,1.7819,-1.99633
3.22042,-5.95343,1.77764,-2.01562
3.23883,-5.96,1.77339,-2.0349
3.25723,-5.96656,1.76913,-2.05419
3.27564,-5.97312,1.76488,-2.07347
3.29405,-5.97968,1.76062,-2.09276
3.31246,-5.98624,1.75637,-2.11204
3.33086,-5.99281,1.75211,-2.13133
3.34927,-5.99937,1.74785,-2.15061
3.36768,-6.00593,1.7436,-2.1699
3.38608,-6.01249,1.73934,-2.18918
3.40449,-6.01906,1.73509,-2.20847
3.4229,-6.02562,1.73083,-2.22775
3.44131,-6.03218,1.72657,-2.24704
3.45971,-6.03874,1.72232,-2.26632
3.47812,-6.04531,1.71806,-2.2856
3.49653,-6.05187,1.71381,-2.30489
3.51493,-6.05843,1.70955,-2.32417
3.53334,-6.06499,1.7053,-2.34346
3.55175,-6.07155,1.70104,-2.36274
3.57016,-6.07812,1.69678,-2.38203
3.58238,-6.06366,1.69034,-2.32915
3.59461,-6.04921,1.68389,-2.27627
3.60684,-6.03476,1.67745,-2.22339
3.61907,-6.0203,1.671,-2.17051
3.6313,-6.00585,1.66455,-2.11763
3.64353,-5.99139,1.65811,-2.06475
3.65576,-5.97694,1.65166,-2.01187
3.66799,-5.96249,1.64522,-1.95899
3.68021,-5.94803,1.63877,-1.90611
3.69244,-5.93358,1.63232,-1.85323
3.70467,-5.91913,1.62588,-1.80035
3.7169,-5.90467,1.61943,-1.74747
3.72913,-5.89022,1.61299,-1.69459
3.74136,-5.87576,1.60654,-1.64171
3.75359,-5.86131,1.60009,-1.58883
3.76581,-5.84686,1.59365,-1.53595
3.77804,-5.8324,1.5872,-1.48307
3.79027,-5.81795,1.58076,-1.43018
3.8025,-5.8035,1.57431,-1.3773
3.81473,-5.78904,1.56786,-1.32442
3.82696,-5.77459,1.56142,-1.27154
3.83919,-5.76013,1.55497,-1.21866
3.85141,-5.74568,1.54853,-1.16578
3.86364,-5.73123,1.54208,-1.1129
3.87587,-5.71677,1.53564,-1.06002
3.8881,-5.70232,1.52919,-1.00714
3.90033,-5.68786,1.52274,-0.954263
3.91256,-5.67341,1.5163,-0.901383
3.92479,-5.65896,1.50985,-0.848502
3.93701,-5.6445,1.50341,-0.795622
3.94924,-5.63005,1.49696,-0.742742
3.96147,-5.6156,1.49051,-0.689862
3.9737,-5.60114,1.48407,-0.636981
3.98593,-5.58669,1.47762,-0.584101
3.99816,-5.57223,1.47118,-0.531221
4.01039,-5.55778,1.46473,-0.478341
4.02261,-5.54333,1.45828,-0.42546
4.03484,-5.52887,1.45184,-0.37258
4.04707,-5.51442,1.44539,-0.3197
4.0593,-5.49997,1.43895,-0.26682
4.07153,-5.48551,1.4325,-0.21394
4.08376,-5.47106,1.42605,-0.161059
4.09599,-5.4566,1.41961,-0.108179
4.10821,-5.44215,1.41316,-0.0552988
4.12044,-5.4277,1.40672,-0.00241859
4.13267,-5.41324,1.40027,0.0504616
4.1449,-5.39879,1.39382,0.103342
4.15713,-5.38434,1.38738,0.156222
4.16936,-5.36988,1.38093,0.209102
4.07389,-5.48312,1.70462,-0.509311
4.06097,-5.49838,1.70442,-0.557352
4.04804,-5.51365,1.70422,-0.605393
4.03512,-5.52891,1.70401,-0.653434
4.0222,-5.54417,1.70381,-0.701475
4.00928,-5.55944,1.70361,-0.749516
3.99636,-5.5747,1.70341,-0.797557
3.98343,-5.58996,1.70321,-0.845597
3.97051,-5.60523,1.70301,-0.893638
3.95759,-5.62049,1.70281,-0.941679
3.94467,-5.63575,1.70261,-0.98972
3.93174,-5.65102,1.70241,-1.03776
3.91882,-5.66628,1.70221,-1.0858
3.9059,-5.68155,1.702,-1.13384
3.89298,-5.69681,1.7018,-1.18188
3.88006,-5.71207,1.7016,-1.22992
3.86713,-5.72734,1.7014,-1.27797
3.85421,-5.7426,1.7012,-1.32601
3.84129,-5.75786,1.701,-1.37405
3.82837,-5.77313,1.7008,-1.42209
3.81544,-5.78839,1.7006,-1.47013
3.80252,-5.80365,1.7004,-1.51817
3.7896,-5.81892,1.7002,-1.56621
3.77668,-5.83418,1.7,-1.61425
3.76375,-5.84944,1.69979,-1.66229
3.75083,-5.86471,1.69959,-1.71033
3.73791,-5.87997,1.69939,-1.75837
3.72499,-5.89523,1.69919,-1.80642
3.71207,-5.9105,1.69899,-1.85446
3.69914,-5.92576,1.69879,-1.9025
3.68622,-5.94102,1.69859,-1.95054
3.6733,-5.95629,1.69839,-1.99858
3.66038,-5.97155,1.69819,-2.04662
3.64745,-5.98681,1.69799,-2.09466
3.63453,-6.00208,1.69778,-2.1427
3.62161,-6.01734,1.69758,-2.19074
3.60869,-6.03261,1.69738,-2.23878
3.59576,-6.04787,1.69718,-2.28683
3.58284,-6.06313,1.69698,-2.33487
4.18159,-5.35543,1.37449,0.261983
4.18701,-5.37329,1.3673,0.218392
4.19244,-5.39115,1.36012,0.174802
4.19786,-5.40901,1.35294,0.131212
4.20329,-5.42687,1.34576,0.0876221
4.20871,-5.44473,1.33857,0.044032
4.21414,-5.46259,1.33139,0.00044192
4.21956,-5.48045,1.32421,-0.0431482
4.22499,-5.49831,1.31702,-0.0867383
4.23042,-5.51617,1.30984,-0.130328
4.23584,-5.53403,1.30266,-0.173919
4.24127,-5.55189,1.29548,-0.217509
4.24669,-5.56975,1.28829,-0.261099
4.25212,-5.5876,1.28111,-0.304689
4.25754,-5.60546,1.27393,-0.348279
4.26297,-5.62332,1.26675,-0.391869
4.26839,-5.64118,1.25956,-0.435459
4.27382,-5.65904,1.25238,-0.479049
4.27924,-5.6769,1.2452,-0.522639
4.28467,-5.69476,1.23801,-0.56623
4.2901,-5.71262,1.23083,-0.60982
4.29552,-5.73048,1.22365,-0.65341
4.30095,-5.74834,1.21647,-0.697
4.30637,-5.7662,1.20928,-0.74059
4.3118,-5.78406,1.2021,-0.78418
4.31722,-5.80192,1.19492,-0.82777
4.32265,-5.81978,1.18774,-0.87136
4.32807,-5.83764,1.18055,-0.91495
4.3335,-5.8555,1.17337,-0.958541
4.33893,-5.87336,1.16619,-1.00213
4.34435,-5.89122,1.159,-1.04572
4.34978,-5.90908,1.15182,-1.08931
4.3552,-5.92694,1.14464,-1.1329
4.36063,-5.9448,1.13746,-1.17649
4.36605,-5.96266,1.13027,-1.22008
4.37148,-5.98052,1.12309,-1.26367
4.3769,-5.99838,1.11591,-1.30726
4.38233,-6.01624,1.10872,-1.35085
4.38776,-6.0341,1.10154,-1.39444
4.39318,-6.05196,1.09436,-1.43803
4.39861,-6.06982,1.08718,-1.48162
4.40403,-6.08768,1.07999,-1.52521
4.40946,-6.10554,1.07281,-1.5688
4.41488,-6.1234,1.06563,-1.61239
4.42031,-6.14126,1.05845,-1.65598
4.42573,-6.15912,1.05126,-1.69957
4.43116,-6.17698,1.04408,-1.74316
4.43659,-6.19484,1.0369,-1.78675
4.44201,-6.2127,1.02971,-1.83034
4.44744,-6.23056,1.02253,-1.87393
4.45286,-6.24842,1.01535,-1.91752
4.43819,-6.23485,1.01627,-1.85766
4.42353,-6.22129,1.01719,-1.79781
4.40886,-6.20772,1.0181,-1.73795
4.39419,-6.19416,1.01902,-1.67809
4.37952,-6.18059,1.01994,-1.61823
4.36485,-6.16703,1.02086,-1.55837
4.35018,-6.15347,1.02178,-1.49851
4.33551,-6.1399,1.02269,-1.43865
4.32085,-6.12634,1.02361,-1.3788
4.30618,-6.11277,1.02453,-1.31894
4.29151,-6.09921,1.02545,-1.25908
4.27684,-6.08564,1.02637,-1.19922
4.26217,-6.07208,1.02729,-1.13936
4.2475,-6.05851,1.0282,-1.0795
4.23284,-6.04495,1.02912,-1.01964
4.21817,-6.03138,1.03004,-0.959785
4.2035,-6.01782,1.03096,-0.899926
4.18883,-6.00426,1.03188,-0.840067
4.17416,-5.99069,1.03279,-0.780209
4.15949,-5.97713,1.03371,-0.72035
4.14483,-5.96356,1.03463,-0.660491
4.13016,-5.95,1.03555,-0.600633
4.11549,-5.93643,1.03647,-0.540774
4.10082,-5.92287,1.03739,-0.480916
4.08615,-5.9093,1.0383,-0.421057
4.07148,-5.89574,1.03922,-0.361198
4.05682,-5.88218,1.04014,-0.30134
4.04215,-5.86861,1.04106,-0.241481
4.02748,-5.85505,1.04198,-0.181622
4.01281,-5.84148,1.0429,-0.121764
3.99814,-5.82792,1.04381,-0.061905
3.98347,-5.81435,1.04473,-0.00204637
3.96881,-5.80079,1.04565,0.0578123
3.95414,-5.78722,1.04657,0.117671
3.93947,-5.77366,1.04749,0.17753
3.9248,-5.7601,1.0484,0.237388
3.91013,-5.74653,1.04932,0.297247
3.89546,-5.73297,1.05024,0.357105
3.88079,-5.7194,1.05116,0.416964
3.86613,-5.70584,1.05208,0.476823
3.85146,-5.69227,1.053,0.536681
3.83679,-5.67871,1.05391,0.59654
3.82212,-5.66514,1.05483,0.656399
3.80745,-5.65158,1.05575,0.716257
3.79278,-5.63801,1.05667,0.776116
3.77812,-5.62445,1.05759,0.835975
3.76345,-5.61089,1.0585,0.895833
3.74878,-5.59732,1.05942,0.955692
3.73411,-5.58376,1.06034,1.01555
3.71944,-5.57019,1.06126,1.07541
3.70262,-5.57364,1.07151,1.12319
3.68579,-5.5771,1.08175,1.17096
3.66897,-5.58055,1.092,1.21874
3.65214,-5.584,1.10225,1.26652
3.63532,-5.58745,1.1125,1.3143
3.61849,-5.5909,1.12274,1.36208
3.60167,-5.59435,1.13299,1.40985
3.58484,-5.59781,1.14324,1.45763
3.56802,-5.60126,1.15349,1.50541
3.55119,-5.60471,1.16373,1.55319
3.53437,-5.60816,1.17398,1.60096
3.51754,-5.61161,1.18423,1.64874
3.50072,-5.61506,1.19447,1.69652
3.48389,-5.61851,1.20472,1.7443
3.46707,-5.62197,1.21497,1.79207
3.45024,-5.62542,1.22522,1.83985
3.43342,-5.62887,1.23546,1.88763
3.41659,-5.63232,1.24571,1.93541
3.39977,-5.63577,1.25596,1.98319
3.38294,-5.63922,1.26621,2.03096
3.36612,-5.64268,1.27645,2.07874
3.34929,-5.64613,1.2867,2.12652
3.33247,-5.64958,1.29695,2.1743
3.31564,-5.65303,1.3072,2.22207
3.29882,-5.65648,1.31744,2.26985
3.28199,-5.65993,1.32769,2.31763
3.26517,-5.66339,1.33794,2.36541
3.24834,-5.66684,1.34818,2.41318
3.23152,-5.67029,1.35843,2.46096
3.21469,-5.67374,1.36868,2.50874
3.19787,-5.67719,1.37893,2.55652
3.18104,-5.68064,1.38917,2.6043
3.16422,-5.6841,1.39942,2.65207
3.14739,-5.68755,1.40967,2.69985
3.13057,-5.691,1.41992,2.74763
3.11374,-5.69445,1.43016,2.79541
3.09692,-5.6979,1.44041,2.84318
3.08009,-5.70135,1.45066,2.89096
3.06327,-5.70481,1.46091,2.93874
3.04644,-5.70826,1.47115,2.98652
3.02962,-5.71171,1.4814,3.03429
3.0128,-5.71516,1.49165,3.08207
2.99597,-5.71861,1.50189,3.12985
2.97915,-5.72206,1.51214,-3.10556
2.96232,-5.72551,1.52239,-3.05778
2.9455,-5.72897,1.53264,-3.01
2.92867,-5.73242,1.54288,-2.96222
2.91185,-5.73587,1.55313,-2.91445
2.89502,-5.73932,1.56338,-2.86667
2.8782,-5.74277,1.57363,-2.81889
2.89354,-5.73262,1.56578,-2.8529
2.90888,-5.72246,1.55794,-2.88692
2.92422,-5.7123,1.55009,-2.92093
2.93955,-5.70215,1.54225,-2.95494
2.95489,-5.69199,1.53441,-2.98895
2.97023,-5.68183,1.52656,-3.02297
2.98557,-5.67167,1.51872,-3.05698
3.00091,-5.66152,1.51087,-3.09099
3.01625,-5.65136,1.50303,-3.125
3.03159,-5.6412,1.49519,3.12417
3.04693,-5.63105,1.48734,3.09016
3.06227,-5.62089,1.4795,3.05614
3.07761,-5.61073,1.47165,3.02213
3.09295,-5.60058,1.46381,2.98812
3.10829,-5.59042,1.45597,2.95411
3.12363,-5.58026,1.44812,2.92009
3.13897,-5.57011,1.44028,2.88608
3.15431,-5.55995,1.43244,2.85207
3.16965,-5.54979,1.42459,2.81806
3.18499,-5.53964,1.41675,2.78404
3.20033,-5.52948,1.4089,2.75003
3.21567,-5.51932,1.40106,2.71602
3.23101,-5.50916,1.39322,2.68201
3.24635,-5.49901,1.38537,2.64799
3.26169,-5.48885,1.37753,2.61398
3.27703,-5.47869,1.36968,2.57997
3.29237,-5.46854,1.36184,2.54595
3.30771,-5.45838,1.354,2.51194
3.32305,-5.44822,1.34615,2.47793
3.33839,-5.43807,1.33831,2.44392
3.35373,-5.42791,1.33046,2.4099
3.36907,-5.41775,1.32262,2.37589
3.38441,-5.4076,1.31478,2.34188
3.39975,-5.39744,1.30693,2.30787
3.41509,-5.38728,1.29909,2.27385
3.43043,-5.37713,1.29125,2.23984
3.44577,-5.36697,1.2834,2.20583
3.46111,-5.35681,1.27556,2.17182
3.47645,-5.34665,1.26771,2.1378
3.49179,-5.3365,1.25987,2.10379
3.50713,-5.32634,1.25203,2.06978
3.52247,-5.31618,1.24418,2.03577
3.53781,-5.30603,1.23634,2.00175
3.55315,-5.29587,1.22849,1.96774
3.56849,-5.28571,1.22065,1.93373
3.58383,-5.27556,1.21281,1.89972
3.59917,-5.2654,1.20496,1.8657
3.61451,-5.25524,1.19712,1.83169
3.62985,-5.24509,1.18927,1.79768
3.64519,-5.23493,1.18143,1.76367
3.64011,-5.21567,1.18326,1.80382
3.63503,-5.19641,1.18508,1.84398
3.62995,-5.17716,1.18691,1.88414
3.62487,-5.1579,1.18873,1.9243
3.61979,-5.13864,1.19056,1.96446
3.61471,-5.11938,1.19238,2.00462
3.60964,-5.10012,1.19421,2.04477
3.60456,-5.08086,1.19604,2.08493
3.59948,-5.06161,1.19786,2.12509
3.5944,-5.04235,1.19969,2.16525
3.58932,-5.02309,1.20151,2.20541
3.58424,-5.00383,1.20334,2.24557
3.57916,-4.98457,1.20516,2.28572
3.57408,-4.96532,1.20699,2.32588
3.56901,-4.94606,1.20881,2.36604
3.56393,-4.9268,1.21064,2.4062
3.55885,-4.90754,1.21247,2.44636
3.55377,-4.88828,1.21429,2.48652
3.54869,-4.86903,1.21612,2.52667
3.54361,-4.84977,1.21794,2.56683
3.53853,-4.83051,1.21977,2.60699
3.53345,-4.81125,1.22159,2.64715
3.52837,-4.79199,1.22342,2.68731
3.5233,-4.77274,1.22525,2.72747
3.51822,-4.75348,1.22707,2.76762
3.51314,-4.73422,1.2289,2.80778
3.50806,-4.71496,1.23072,2.84794
3.50298,-4.6957,1.23255,2.8881
3.4979,-4.67645,1.23437,2.92826
3.49282,-4.65719,1.2362,2.96842
3.48774,-4.63793,1.23802,3.00858
3.48266,-4.61867,1.23985,3.04873
3.47759,-4.59941,1.24168,3.08889
3.47251,-4.58016,1.2435,3.12905
3.46743,-4.5609,1.24533,-3.11398
3.46235,-4.54164,1.24715,-3.07382
3.45727,-4.52238,1.24898,-3.03366
3.45219,-4.50312,1.2508,-2.9935
3.44711,-4.48387,1.25263,-2.95334
3.44203,-4.46461,1.25446,-2.91319
3.43696,-4.44535,1.25628,-2.87303
3.43188,-4.42609,1.25811,-2.83287
3.4268,-4.40683,1.25993,-2.79271
3.42172,-4.38758,1.26176,-2.75255
3.41664,-4.36832,1.26358,-2.71239
3.41156,-4.34906,1.26541,-2.67223
3.40648,-4.3298,1.26724,-2.63208
3.4014,-4.31054,1.26906,-2.59192
3.39632,-4.29129,1.27089,-2.55176
3.39125,-4.27203,1.27271,-2.5116
3.40358,-4.28677,1.26719,-2.47825
3.41591,-4.30152,1.26166,-2.44489
3.42824,-4.31626,1.25614,-2.41154
3.44057,-4.33101,1.25062,-2.37818
3.4529,-4.34576,1.24509,-2.34483
3.46523,-4.3605,1.23957,-2.31148
3.47756,-4.37525,1.23404,-2.27812
3.48989,-4.38999,1.22852,-2.24477
3.50222,-4.40474,1.223,-2.21141
3.51455,-4.41948,1.21747,-2.17806
3.52688,-4.43423,1.21195,-2.1447
3.53922,-4.44898,1.20642,-2.11135
3.55155,-4.46372,1.2009,-2.078
3.56388,-4.47847,1.19538,-2.04464
3.57621,-4.49321,1.18985,-2.01129
3.58854,-4.50796,1.18433,-1.97793
3.60087,-4.5227,1.1788,-1.94458
3.6132,-4.53745,1.17328,-1.91122
3.62553,-4.5522,1.16776,-1.87787
3.63786,-4.56694,1.16223,-1.84452
3.65019,-4.58169,1.15671,-1.81116
3.66252,-4.59643,1.15118,-1.77781
3.67485,-4.61118,1.14566,-1.74445
3.68719,-4.62592,1.14014,-1.7111
3.69952,-4.64067,1.13461,-1.67774
3.71185,-4.65542,1.12909,-1.64439
3.72418,-4.67016,1.12356,-1.61104
3.73651,-4.68491,1.11804,-1.57768
3.74884,-4.69965,1.11252,-1.54433
3.76117,-4.7144,1.10699,-1.51097
3.7735,-4.72914,1.10147,-1.47762
3.78583,-4.74389,1.09594,-1.44426
3.79816,-4.75864,1.09042,-1.41091
3.81049,-4.77338,1.0849,-1.37756
3.82282,-4.78813,1.07937,-1.3442
3.83516,-4.80287,1.07385,-1.31085
3.84749,-4.81762,1.06832,-1.27749
3.85982,-4.83236,1.0628,-1.24414
3.87215,-4.84711,1.05728,-1.21078
3.88448,-4.86186,1.05175,-1.17743
3.89681,-4.8766,1.04623,-1.14408
3.90914,-4.89135,1.0407,-1.11072
3.92147,-4.90609,1.03518,-1.07737
3.9338,-4.92084,1.02966,-1.04401
3.94613,-4.93558,1.02413,-1.01066
3.95846,-4.95033,1.01861,-0.977304
3.97079,-4.96508,1.01308,-0.94395
3.98313,-4.97982,1.00756,-0.910596
3.99546,-4.99457,1.00204,-0.877242
4,-5,1,-0.864951
4,-5,1,-0.0529203
4,-5,1,0.478238
4,-5,1,1.05464
4,-5,1,0.964847
4,-5,1,0.875055
4,-5,1,0.785264
4,-5,1,0.695472
4,-5,1,0.605681
4,-5,1,0.515889
4,-5,1,0.426098
4,-5,1,0.336307
4,-5,1,0.246515
4,-5,1,0.156724
4,-5,1,0.0669321
4,-5,1,-0.0228594
4,-5,1,-0.112651
4,-5,1,-0.202442
4,-5,1,-0.292234
4,-5,1,-0.382025
4,-5,1,-0.471817
4,-5,1,-0.561608
4,-5,1,-0.6514
4,-5,1,-0.741191
4,-5,1,-0.830983
4,-5,1,-0.920774
4,-5,1,-1.01057
4,-5,1,-1.10036
4,-5,1,-1.19015
4,-5,1,-1.27994
4,-5,1,-1.3398
4,-5,1,-1.24502
4,-5,1,-1.15025
4,-5,1,-1.05547
4,-5,1,-0.960692
4,-5,1,-0.865915
4,-5,1,-0.771137
4,-5,1,-0.67636
4,-5,1,-0.581583
4,-5,1,-0.486806
4,-5,1,-0.392028
4,-5,1,-0.297251
4,-5,1,-0.202474
4,-5,1,-0.107696
4,-5,1,-0.0129192
4,-5,1,0.0818581
4,-5,1,0.176635
4,-5,1,0.271413
4,-5,1,0.36619
4,-5,1,0.460967
4,-5,1,0.555744
4,-5,1,0.650522
4,-5,1,0.745299
4,-5,1,0.840076
4,-5,1,0.934854
4,-5,1,1.02963
4,-5,1,1.12441
4,-5,1,1.18759
4,-5,1,0.714165
4,-5,1,0.795325
4,-5,1,0.876486
4,-5,1,0.957646
4,-5,1,1.03881
4,-5,1,1.11997
4,-5,1,1.20113
4,-5,1,1.28229
4,-5,1,1.36345
4,-5,1,1.44461
4,-5,1,1.52577
4,-5,1,1.60693
4,-5,1,1.68809
4,-5,1,1.76925
4,-5,1,1.85041
4,-5,1,1.93157
4,-5,1,2.01273
4,-5,1,2.09389
4,-5,1,2.17505
4,-5,1,2.25621
4,-5,1,2.33737
4,-5,1,2.41853
4,-5,1,2.49969
4,-5,1,2.58085
4,-5,1,2.66201
4,-5,1,2.74317
4,-5,1,2.82433
4,-5,1,2.87844
4,-5,1,2.79769
4,-5,1,2.71694
4,-5,1,2.6362
4,-5,1,2.55545
4,-5,1,2.4747
4,-5,1,2.39396
4,-5,1,2.31321
4,-5,1,2.23246
4,-5,1,2.15172
4,-5,1,2.07097
4,-5,1,1.99022
4,-5,1,1.90948
4,-5,1,1.82873
4,-5,1,1.74798
4,-5,1,1.66724
4,-5,1,1.58649
4,-5,1,1.50574
4,-5,1,1.425
4,-5,1,1.34425
4,-5,1,1.2635
4,-5,1,1.18276
4,-5,1,1.10201
4,-5,1,1.02126
4,-5,1,0.940515
4,-5,1,0.859769
4,-5,1,0.779022
4,-5,1,0.725191
4,-5,1,0.820573
4,-5,1,0.915955
4,-5,1,1.01134
4,-5,1,1.10672
4,-5,1,1.2021
4,-5,1,1.29749
4,-5,1,1.39287
4,-5,1,1.48825
4,-5,1,1.58363
4,-5,1,1.67902
4,-5,1,1.7744
4,-5,1,1.86978
4,-5,1,1.96516
4,-5,1,2.06054
4,-5,1,2.15593
4,-5,1,2.25131
4,-5,1,2.34669
4,-5,1,2.44207
4,-5,1,2.53746
4,-5,1,2.63284
4,-5,1,2.72822
4,-5,1,2.8236
4,-5,1,2.91899
4,-5,1,3.01437
4,-5,1,3.10975
4,-5,1,-3.07805
4,-5,1,-3.01446
4,-5,1,-2.89968
4,-5,1,-2.78489
4,-5,1,-2.6701
4,-5,1,-2.55531
4,-5,1,-2.44053
4,-5,1,-2.32574
4,-5,1,-2.21095
4,-5,1,-2.09617
4,-5,1,-1.98138
4,-5,1,-1.86659
4,-5,1,-1.75181
4,-5,1,-1.63702
4,-5,1,-1.52223
4,-5,1,-1.48397
4,-5,1,-1.71811
4,-5,1,-1.63582
4,-5,1,-1.55353
4,-5,1,-1.47124
4,-5,1,-1.38895
4,-5,1,-1.30666
4,-5,1,-1.22437
4,-5,1,-1.14208
4,-5,1,-1.05979
4,-5,1,-0.977505
4,-5,1,-0.895215
4,-5,1,-0.812926
4,-5,1,-0.730637
4,-5,1,-0.648347
4,-5,1,-0.566058
4,-5,1,-0.483769
4,-5,1,-0.401479
4,-5,1,-0.31919
4,-5,1,-0.236901
4,-5,1,-0.154611
4,-5,1,-0.0723221
4,-5,1,0.00996724
4,-5,1,0.0922566
4,-5,1,0.174546
4,-5,1,0.256835
4,-5,1,0.339125
4,-5,1,0.421414
4,-5,1,0.476273
4,-5,1,0.366458
4,-5,1,0.256643
4,-5,1,0.146828
4,-5,1,0.0370127
4,-5,1,-0.0728024
4,-5,1,-0.182618
4,-5,1,-0.292433
4,-5,1,-0.402248
4,-5,1,-0.512063
4,-5,1,-0.621878
4,-5,1,-0.731693
4,-5,1,-0.841509
4,-5,1,-0.951324
4,-5,1,-1.06114
4,-5,1,-1.17095
4,-5,1,-1.28077
4,-5,1,-1.39058
4,-5,1,-1.5004
4,-5,1,-1.61021
4,-5,1,-1.72003
4,-5,1,-1.82985
4,-5,1,-1.93966
4,-5,1,-2.04948
4,-5,1,-2.15929
4,-5,1,-2.26911
4,-5,1,-2.37892
4,-5,1,-2.45213
4,-5,1,-2.37227
4,-5,1,-2.2924
4,-5,1,-2.21254
4,-5,1,-2.13267
4,-5,1,-2.05281
4,-5,1,-1.97295
4,-5,1,-1.89308
4,-5,1,-1.81322
4,-5,1,-1.73335
4,-5,1,-1.65349
4,-5,1,-1.57362
4,-5,1,-1.49376
4,-5,1,-1.4139
4,-5,1,-1.38727
4,-5,1,-1.24724
4,-5,1,-1.10721
4,-5,1,-0.967181
4,-5,1,-0.827149
4,-5,1,-0.687118
4,-5,1,-0.547087
4,-5,1,-0.407056
4,-5,1,-0.267025
4,-5,1,-0.126994
4,-5,1,0.0130374
4,-5,1,0.153069
4,-5,1,0.2931
4,-5,1,0.433131
4,-5,1,0.479808
4,-5,1,0.394526
4,-5,1,0.309245
4,-5,1,0.223964
4,-5,1,0.138682
4,-5,1,0.0534008
4,-5,1,-0.0318806
4,-5,1,-0.117162
4,-5,1,-0.202443
4,-5,1,-0.287725
4,-5,1,-0.373006
4,-5,1,-0.458288
4,-5,1,-0.543569
4,-5,1,-0.62885
4,-5,1,-0.657278
4,-5,1,-0.574602
4,-5,1,-0.491926
4,-5,1,-0.40925
4,-5,1,-0.326574
4,-5,1,-0.243898
4,-5,1,-0.161223
4,-5,1,-0.0785468
4,-5,1,0.00412898
4,-5,1,0.0868048
4,-5,1,0.169481
4,-5,1,0.252156
4,-5,1,0.334832
4,-5,1,0.417508
4,-5,1,0.445067
4,-5,1,-0.0656815
4,-5,1,-0.164789
4,-5,1,-0.263896
4,-5,1,-0.363004
4,-5,1,-0.462111
4,-5,1,-0.561218
4,-5,1,-0.660326
4,-5,1,-0.759433
4,-5,1,-0.85854
4,-5,1,-0.957648
4,-5,1,-1.05675
4,-5,1,-1.15586
4,-5,1,-1.25497
4,-5,1,-1.35408
4,-5,1,-1.45318