-7.36588e-14,2.82674e-11,0.13,-1.99251e-17
-7.36585e-14,2.82674e-11,0.13,-2.49929e-17
-7.3659e-14,2.82674e-11,0.13,-3.00456e-17
-7.36598e-14,2.82674e-11,0.13,-3.51292e-17
-7.36612e-14,2.82674e-11,0.13,-4.0217e-17
-7.36609e-14,2.82674e-11,0.13,-4.52522e-17
-7.36505e-14,2.82674e-11,0.13,-5.03147e-17
-7.36511e-14,2.82674e-11,0.13,-5.53811e-17
-7.3651e-14,2.82674e-11,0.13,-6.03874e-17
-7.36517e-14,2.82674e-11,0.13,-6.54566e-17
-7.36507e-14,2.82674e-11,0.13,-7.05228e-17
-7.36603e-14,2.82674e-11,0.13,-7.5571e-17
-7.366e-14,2.82674e-11,0.13,-8.06504e-17
-7.36598e-14,2.82674e-11,0.13,-8.56874e-17
-7.36594e-14,2.82674e-11,0.13,-9.07734e-17
-7.36588e-14,2.82674e-11,0.13,-9.58393e-17
-7.36583e-14,2.82674e-11,0.13,-1.00868e-16
-4.63959e-10,2.47607e-11,0.13047,2.98661e-16
2.36311e-05,4.67817e-09,0.235543,-2.41067e-12
0.000140488,7.77653e-08,0.437888,5.1807e-11
0.000244583,3.50473e-07,0.640102,7.08868e-11
0.000285603,6.886e-07,0.801458,-0.000686746
0.000287425,-7.10577e-07,0.915096,-0.0190784
0.000277973,-8.11604e-06,0.984951,-0.054094
0.000272375,-1.97975e-05,1.02233,-0.0961565
0.000273815,-3.29894e-05,1.03879,-0.139411
0.000280034,-4.83719e-05,1.0448,-0.195937
0.000286356,-7.13214e-05,1.04403,-0.264079
0.000288033,-9.46138e-05,1.04026,-0.333898
0.000286554,-0.00011395,1.0359,-0.399522
0.000283389,-0.000131526,1.03364,-0.472533
0.000276268,-0.000155107,1.03158,-0.553178
0.00026417,-0.000177829,1.02968,-0.632304
0.000250681,-0.000195872,1.02833,-0.70503
0.000236991,-0.000212442,1.02886,-0.784476
0.000219027,-0.000233199,1.02886,-0.869102
0.000198077,-0.000251005,1.02832,-0.950447
0.000178504,-0.000263802,1.02755,-1.0237
0.000160457,-0.0002745,1.02855,-1.10078
0.000137346,-0.00028836,1.02886,-1.18384
0.000111825,-0.000299143,1.02846,-1.26424
8.87703e-05,-0.000305579,1.02795,-1.33744
6.71827e-05,-0.000310732,1.02877,-1.4168
4.0135e-05,-0.000316833,1.02888,-1.5011
1.2652e-05,-0.000318937,1.02838,-1.58198
-1.08504e-05,-0.000317895,1.02761,-1.6547
-3.17778e-05,-0.000316037,1.02855,-1.73122
-5.85896e-05,-0.00031368,1.02882,-1.81378
-8.54898e-05,-0.000307484,1.02842,-1.89373
-0.000107901,-0.000299218,1.02783,-1.96636
-0.000127992,-0.000290839,1.02874,-2.04457
-0.000153054,-0.00028012,1.02892,-2.12819
-0.000176728,-0.000265808,1.02845,-2.20875
-0.00019533,-0.000251089,1.0279,-2.28187
-0.00021215,-0.000236765,1.02883,-2.36104
-0.000232804,-0.000218596,1.02899,-2.44508
-0.000250711,-0.000197573,1.02848,-2.52567
-0.000263686,-0.000177907,1.02768,-2.59811
-0.000274472,-0.000159835,1.02864,-2.67438
-0.000288141,-0.000136947,1.0289,-2.75674
-0.000298587,-0.000112592,1.0285,-2.83348
-0.000306035,-8.98788e-05,1.02784,-2.90597
-0.0198245,-0.0280256,1.03261,-2.99438
-0.137665,-0.151622,1.02911,-3.03094
-0.285798,-0.290447,1.02359,-3.06572
-0.500313,-0.5,1.02346,-3.1415
-0.500313,-0.5,1.02346,-3.1415
-0.500313,-0.5,1.02346,-3.1415
-0.500313,-0.5,1.02346,-3.1415
-0.500313,-0.5,1.02346,-3.1415
-0.500313,-0.5,1.02346,-3.1415
-0.500313,-0.5,1.02346,-3.1415
-0.500313,-0.5,1.02346,-3.1415
-0.500313,-0.5,1.02346,-3.1415
-0.500313,-0.5,1.02346,-3.1415
-0.500313,-0.5,1.02346,-3.1415
-0.500313,-0.5,1.02346,-3.1415
-0.500313,-0.5,1.02346,-3.1415
-0.500313,-0.5,1.02346,-3.1415
-0.500313,-0.5,1.02346,-3.1415
-0.500313,-0.5,1.02346,-3.1415
-0.500313,-0.5,1.02346,-3.1415
-0.500313,-0.5,1.02346,-3.1415
-0.500313,-0.5,1.02346,-3.1415
-0.500313,-0.5,1.02346,-3.1415
-0.500313,-0.5,1.02346,-3.1415
-0.500313,-0.5,1.02346,-3.1415
-0.500313,-0.5,1.02346,-3.14151
-0.500313,-0.5,1.02346,-3.14151
-0.500313,-0.5,1.02346,-3.14151
-0.500313,-0.5,1.02346,-3.14151
-0.500313,-0.5,1.02346,-3.14152
-0.500313,-0.5,1.02346,-3.14153
-0.500313,-0.5,1.02345,3.14159
-0.500313,-0.5,1.02345,3.14159
-0.500313,-0.5,1.02345,3.14159
-0.500313,-0.5,1.02345,3.14159
-0.500313,-0.5,1.02345,3.14159
-0.500313,-0.5,1.02345,3.14159
-0.500313,-0.5,1.02345,3.14159
-0.500313,-0.5,1.02345,3.14159
-0.500313,-0.5,1.02345,3.14159
-0.500313,-0.5,1.02345,3.14159
-0.500315,-0.500001,1.03309,3.14158
-0.500316,-0.500001,1.03448,3.14157
-0.500317,-0.500003,1.03594,3.14156
-0.500319,-0.500005,1.03748,3.14154
-0.500321,-0.500009,1.03909,3.14153
-0.500325,-0.500013,1.04077,3.14151
-0.500329,-0.50002,1.04252,3.1415
-0.500335,-0.500029,1.04433,3.14147
-0.500343,-0.500041,1.0462,3.14145
-0.500352,-0.500056,1.04813,3.14142
-0.500364,-0.500075,1.05011,3.14139
-0.500379,-0.500099,1.05215,3.14135
-0.500396,-0.500127,1.05423,3.14131
-0.500417,-0.500161,1.05636,3.14126
-0.500442,-0.500202,1.05854,3.14121
-0.500471,-0.50025,1.06076,3.14116
-0.500505,-0.500305,1.06301,3.1411
-0.500545,-0.50037,1.0653,3.14104
-0.50059,-0.500443,1.06763,3.14098
-0.500641,-0.500527,1.06999,3.14091
-0.500699,-0.500621,1.07238,3.14084
-0.500764,-0.500726,1.07479,3.14076
-0.500837,-0.500843,1.07722,3.14068
-0.500918,-0.500972,1.07967,3.14059
-0.501007,-0.501114,1.08215,3.1405
-0.501105,-0.501268,1.08464,3.14041
-0.501212,-0.501437,1.08715,3.14031
-0.501329,-0.501619,1.08967,3.1402
-0.501456,-0.501815,1.09221,3.14009
-0.501593,-0.502026,1.09475,3.13998
-0.501741,-0.502251,1.09731,3.13986
-0.5019,-0.502491,1.09987,3.13973
-0.50207,-0.502746,1.10244,3.1396
-0.502252,-0.503015,1.10501,3.13947
-0.502445,-0.5033,1.10759,3.13932
-0.50265,-0.5036,1.11017,3.13918
-0.502867,-0.503915,1.11275,3.13902
-0.503097,-0.504246,1.11533,3.13886
-0.503339,-0.504592,1.11791,3.1387
-0.503594,-0.504953,1.12048,3.13853
-0.503862,-0.50533,1.12305,3.13835
-0.504143,-0.505723,1.12561,3.13817
-0.50727,-0.509978,1.14819,3.13623
-0.52175,-0.529217,1.20322,3.1278
-0.543809,-0.558507,1.243,3.11468
-0.570221,-0.593588,1.26792,3.09725
-0.598045,-0.631244,1.28104,3.07585
-0.626884,-0.670558,1.286,3.05107
-0.655997,-0.710019,1.28598,3.0238
-0.684898,-0.74938,1.28324,2.99445
-0.714122,-0.789014,1.27931,2.96367
-0.74316,-0.828218,1.27505,2.93188
-0.772519,-0.868038,1.2708,2.89911
-0.802618,-0.908608,1.26684,2.86582
-0.832507,-0.948796,1.26311,2.83224
-0.86237,-0.989164,1.25956,2.79837
-0.892393,-1.02967,1.2562,2.76451
-0.921941,-1.06948,1.25298,2.73073
-0.951473,-1.10941,1.24982,2.697
-0.980773,-1.14889,1.24672,2.66352
-1.07762,-1.27874,1.23619,2.52648
-1.07776,-1.27894,1.23616,2.52585
-1.0779,-1.27913,1.23613,2.52522
-1.07803,-1.27932,1.2361,2.52461
-1.07816,-1.2795,1.23607,2.524
-1.07981,-1.28175,1.23572,2.51457
-1.08163,-1.2849,1.23559,2.50229
-1.07912,-1.29401,1.23583,2.48888
-1.06567,-1.31104,1.23609,2.4725
-1.04086,-1.33449,1.23632,2.45189
-1.00775,-1.36191,1.23653,2.42712
-0.971167,-1.39021,1.23676,2.39842
-0.932587,-1.41873,1.23704,2.36618
-0.89302,-1.44749,1.23735,2.33101
-0.853258,-1.47624,1.23765,2.29353
-0.813055,-1.50523,1.238,2.25407
-0.772782,-1.53449,1.23833,2.21343
-0.732717,-1.56347,1.23862,2.17163
-0.691771,-1.59311,1.2389,2.12902
-0.651094,-1.62277,1.23916,2.0861
-0.610825,-1.65194,1.23943,2.04285
-0.570142,-1.6814,1.23973,1.99947
-0.530038,-1.71061,1.24004,1.9562
-0.489631,-1.73974,1.24035,1.91274
-0.448874,-1.76939,1.24066,1.86945
-0.316796,-1.86597,1.24124,1.70659
-0.316355,-1.86627,1.24123,1.70554
-0.315926,-1.86656,1.24122,1.70451
-0.315509,-1.86685,1.24121,1.70348
-0.312896,-1.86863,1.24114,1.69652
-0.305603,-1.8736,1.24114,1.66945
-0.298125,-1.88193,1.2414,1.64373
-0.286704,-1.90427,1.24084,1.60763
-0.273599,-1.9389,1.23937,1.55959
-0.260231,-1.97996,1.23719,1.49879
-0.24625,-2.02478,1.23451,1.42586
-0.231997,-2.07139,1.23155,1.34306
-0.217715,-2.11786,1.22841,1.25181
-0.202909,-2.16496,1.2252,1.15365
-0.188586,-2.21209,1.22195,1.05049
-0.173985,-2.25947,1.21862,0.942754
-0.159477,-2.30755,1.21539,0.832297
-0.145529,-2.35492,1.21211,0.719693
-0.131016,-2.40262,1.20875,0.604909
-0.116486,-2.45096,1.20545,0.489156
-0.102468,-2.4988,1.20218,0.37268
-0.0882229,-2.54653,1.19897,0.255761
-0.0742037,-2.5937,1.19581,0.138944
-0.0599979,-2.64101,1.19258,0.0214171
-0.0143234,-2.80284,1.18164,-0.419762
-0.0141395,-2.80353,1.18157,-0.423089
-0.0139589,-2.8042,1.1815,-0.426391
-0.0137816,-2.80485,1.18143,-0.429668
-0.0109532,-2.81423,1.18033,-0.487507
-0.00857236,-2.82269,1.17976,-0.5497
-0.0119545,-2.8357,1.17931,-0.587902
-0.0265477,-2.85498,1.17845,-0.595589
-0.0521746,-2.88045,1.17711,-0.57243
-0.083869,-2.90959,1.17512,-0.52145
-0.119553,-2.94038,1.17258,-0.445728
-0.157683,-2.97161,1.16979,-0.350686
-0.195957,-3.00237,1.1668,-0.240661
-0.234706,-3.03261,1.1638,-0.119006
-0.273547,-3.06267,1.16084,0.010762
-0.312113,-3.09269,1.15787,0.147246
-0.351737,-3.12328,1.15489,0.288783
-0.391201,-3.1545,1.15196,0.433651
-0.430198,-3.18558,1.14908,0.581206
-0.469083,-3.21642,1.14628,0.730086
-0.507641,-3.2468,1.1435,0.880435
-0.54734,-3.27745,1.14073,1.03232
-0.587312,-3.30908,1.13799,1.18474
-0.626507,-3.34057,1.13518,1.33784
-0.751865,-3.44364,1.12581,1.93104
-0.752295,-3.44392,1.12576,1.93532
-0.752714,-3.4442,1.1257,1.93956
-0.753124,-3.44447,1.12565,1.94378
-0.758195,-3.44738,1.12492,2.0034
-0.764107,-3.45028,1.12516,2.09228
-0.768372,-3.45875,1.12959,2.17571
-0.765428,-3.47822,1.13886,2.2589
-0.753836,-3.5069,1.15293,2.3463
-0.735446,-3.54115,1.17043,2.43908
-0.714222,-3.57689,1.19,2.53725
-0.692646,-3.61376,1.21111,2.64128
-0.670574,-3.65223,1.233,2.7505
-0.648033,-3.69082,1.2549,2.86364
-0.62559,-3.72938,1.27708,2.98064
-0.602979,-3.76792,1.29891,3.10008
-0.581336,-3.80466,1.31988,-3.06599
-0.55849,-3.84374,1.34183,-2.94168
-0.535177,-3.88276,1.36345,-2.81626
-0.512025,-3.92122,1.38512,-2.68961
-0.489026,-3.96014,1.40701,-2.56168
-0.46585,-3.99925,1.42869,-2.43342
-0.442732,-4.03769,1.45039,-2.30472
-0.419766,-4.07635,1.47209,-2.17579
-0.335511,-4.21365,1.54575,-1.60372
-0.335386,-4.21392,1.54589,-1.60073
-0.335267,-4.21417,1.54603,-1.59776
-0.335153,-4.21442,1.54617,-1.59483
-0.335044,-4.21466,1.54629,-1.59192
-0.333805,-4.21791,1.54808,-1.5462
-0.332674,-4.22127,1.55089,-1.48645
-0.332475,-4.21969,1.55272,-1.427
-0.336584,-4.20435,1.55262,-1.36295
-0.34665,-4.17623,1.55063,-1.29092
-0.361502,-4.13931,1.54721,-1.21035
-0.37852,-4.09864,1.54285,-1.12142
-0.39578,-4.05535,1.53778,-1.024
-0.413405,-4.00944,1.53236,-0.919503
-0.431325,-3.96331,1.52682,-0.809596
-0.44886,-3.91729,1.52134,-0.694901
-0.466454,-3.87132,1.51594,-0.577096
-0.483899,-3.82552,1.5104,-0.45613
-0.501702,-3.77874,1.50483,-0.332657
-0.520063,-3.73216,1.49936,-0.20783
-0.538189,-3.68601,1.49393,-0.0816277
-0.556112,-3.63988,1.48862,0.0450468
-0.573907,-3.59426,1.48333,0.172267
-0.591693,-3.54776,1.47795,0.300643
-0.60997,-3.50066,1.47268,0.429068
-0.676643,-3.33104,1.45124,1.20439
-0.676644,-3.33104,1.45123,1.20433
-0.676644,-3.33104,1.45123,1.20427
-0.676644,-3.33104,1.45123,1.20422
-0.676644,-3.33104,1.45122,1.20416
-0.676644,-3.33104,1.45122,1.2041
-0.676644,-3.33103,1.45122,1.20404
-0.676644,-3.33103,1.45122,1.20398
-0.676645,-3.33103,1.45121,1.20392
-0.676645,-3.33103,1.45121,1.20386
-0.676646,-3.33103,1.45121,1.20333
-0.676646,-3.33103,1.45122,1.20329
-0.676647,-3.33103,1.45123,1.20326
-0.676648,-3.33103,1.45124,1.20324
-0.676649,-3.33102,1.45124,1.20322
-0.676651,-3.33102,1.45125,1.20321
-0.676715,-3.3309,1.45137,1.20336
-0.677338,-3.32968,1.45321,1.20542
-0.67592,-3.3361,1.45864,1.20779
-0.671467,-3.35642,1.46743,1.2091
-0.66361,-3.38792,1.4793,1.20817
-0.653295,-3.42713,1.49346,1.20468
-0.641902,-3.46956,1.50889,1.19869
-0.629974,-3.51304,1.52525,1.19035
-0.617987,-3.55733,1.54187,1.18009
-0.606098,-3.60137,1.55865,1.16819
-0.59403,-3.64611,1.57571,1.15491
-0.581693,-3.6922,1.59299,1.14054
-0.569393,-3.7386,1.61,1.12547
-0.557234,-3.78396,1.62689,1.10991
-0.545032,-3.82932,1.6437,1.09403
-0.533077,-3.87417,1.66037,1.07799
-0.520858,-3.91948,1.67727,1.06175
-0.508576,-3.96565,1.69411,1.04548
-0.496469,-4.01111,1.71082,1.02922
-0.48422,-4.05656,1.72768,1.01293
-0.445773,-4.20213,1.77881,0.93711
-0.44577,-4.20217,1.77881,0.936962
-0.445766,-4.20221,1.77881,0.936817
-0.445763,-4.20226,1.77881,0.936673
-0.44576,-4.2023,1.77881,0.936532
-0.445758,-4.20234,1.77881,0.936393
-0.445755,-4.20238,1.7788,0.936256
-0.445736,-4.20263,1.77877,0.935353
-0.445506,-4.20458,1.77989,0.933242
-0.449786,-4.21262,1.78268,0.939697
-0.465183,-4.22914,1.78596,0.957253
-0.490853,-4.25148,1.78944,0.988057
-0.524762,-4.27768,1.7929,1.03182
-0.56265,-4.30532,1.79623,1.08662
-0.602121,-4.33261,1.79948,1.15125
-0.643201,-4.36009,1.80268,1.22386
-0.684174,-4.38766,1.80579,1.30231
-0.725127,-4.41492,1.8089,1.38564
-0.766763,-4.44263,1.81205,1.47269
-0.808106,-4.47062,1.81514,1.56189
-0.849116,-4.49825,1.81823,1.6529
-0.890698,-4.52605,1.82135,1.74541
-0.932266,-4.55414,1.82443,1.83833
-0.973336,-4.58194,1.82756,1.93173
-1.0147,-4.6097,1.83071,2.02518
-1.05549,-4.63727,1.83379,2.11859
-1.097,-4.66506,1.83687,2.21246
-1.25197,-4.76957,1.84502,2.75393
-1.25197,-4.76957,1.84502,2.75388
-1.25197,-4.76957,1.84502,2.75383
-1.25197,-4.76957,1.84502,2.75378
-1.25197,-4.76957,1.84501,2.75373
-1.25197,-4.76957,1.84501,2.75368
-1.25197,-4.76957,1.84501,2.75363
-1.25197,-4.76957,1.84501,2.75358
-1.25197,-4.76957,1.84501,2.75353
-1.25197,-4.76957,1.845,2.75348
-1.25198,-4.76958,1.84509,2.75292
-1.25199,-4.76958,1.84511,2.75293
-1.252,-4.76959,1.84513,2.75293
-1.25201,-4.7696,1.84515,2.75294
-1.25203,-4.76961,1.84518,2.75295
-1.25204,-4.76963,1.84521,2.75295
-1.25207,-4.76965,1.84524,2.75296
-1.25209,-4.76967,1.84527,2.75297
-1.25212,-4.7697,1.8453,2.75297
-1.25304,-4.77082,1.84582,2.75261
-1.25628,-4.78117,1.84695,2.74639
-1.25671,-4.80578,1.84767,2.72863
-1.25399,-4.84194,1.8479,2.69824
-1.24912,-4.88499,1.84779,2.65479
-1.24242,-4.93208,1.84748,2.59921
-1.23481,-4.98041,1.84703,2.53388
-1.22681,-5.02856,1.84654,2.4601
-1.21821,-5.07713,1.84606,2.38
-1.20981,-5.12532,1.84545,2.29479
-1.20116,-5.17437,1.84477,2.2053
-1.19257,-5.22417,1.8441,2.11322
-1.18445,-5.27319,1.84342,2.01922
-1.17612,-5.32219,1.84279,1.92376
-1.16763,-5.37165,1.84231,1.82739
-1.15942,-5.4207,1.8418,1.73082
-1.15105,-5.46957,1.84121,1.63355
-1.14246,-5.51951,1.84061,1.53602
-1.1343,-5.56899,1.84,1.4387
-1.10507,-5.74684,1.83567,0.880518
-1.10507,-5.74684,1.83567,0.880545
-1.10507,-5.74685,1.83567,0.880573
-1.10507,-5.74685,1.83567,0.880602
-1.10506,-5.74685,1.83567,0.880632
-1.10506,-5.74685,1.83566,0.880663
-1.10506,-5.74685,1.83566,0.880695
-1.10506,-5.74685,1.83566,0.880728
-1.10506,-5.74685,1.83566,0.880762
-1.10506,-5.74685,1.83565,0.880797
-1.10506,-5.74686,1.83566,0.881112
-1.10506,-5.74686,1.83566,0.881133
-1.10506,-5.74687,1.83567,0.881149
-1.10506,-5.74687,1.83568,0.88116
-1.10506,-5.74687,1.83569,0.881166
-1.10473,-5.74765,1.83618,0.880647
-1.09929,-5.75402,1.83881,0.879585
-1.08189,-5.76567,1.84424,0.879581
-1.05256,-5.7801,1.85201,0.881631
-1.01555,-5.79573,1.86182,0.886427
-0.973905,-5.8119,1.87294,0.89396
-0.930885,-5.82805,1.8849,0.904078
-0.886388,-5.84465,1.89755,0.916572
-0.841001,-5.86137,1.91032,0.930913
-0.79608,-5.87789,1.9231,0.946745
-0.750757,-5.89461,1.93601,0.963797
-0.704997,-5.9114,1.94882,0.981676
-0.659724,-5.92798,1.96153,1.00012
-0.614518,-5.94457,1.97409,1.0189
-0.570052,-5.96087,1.98655,1.03784
-0.525129,-5.9774,1.9992,1.05703
-0.479163,-5.99424,2.01188,1.0763
-0.433911,-6.01075,2.02438,1.09549
-0.388852,-6.0273,2.03702,1.11474
-0.21871,-6.0897,2.08226,1.20312
-0.218511,-6.08978,2.08232,1.20347
-0.218318,-6.08986,2.08238,1.20382
-0.218133,-6.08993,2.08244,1.20416
-0.217953,-6.09001,2.0825,1.2045
-0.21778,-6.09008,2.08255,1.20483
-0.214538,-6.09144,2.08383,1.21262
-0.209802,-6.09082,2.08463,1.21655
-0.202411,-6.08009,2.08364,1.21517
-0.193621,-6.0554,2.08037,1.20738
-0.184783,-6.01895,2.07526,1.19325
-0.176616,-5.97655,2.0689,1.17337
-0.169266,-5.93101,2.06167,1.14826
-0.162134,-5.88336,2.05404,1.11908
-0.155201,-5.83574,2.04612,1.08653
-0.148274,-5.7871,2.03796,1.05124
-0.141054,-5.73784,2.02987,1.0142
-0.133959,-5.68936,2.02181,0.975878
-0.126924,-5.64074,2.01376,0.936575
-0.11975,-5.59139,2.00575,0.896656
-0.112476,-5.54247,1.99787,0.856572
-0.105458,-5.49399,1.98995,0.816295
-0.0983298,-5.44498,1.98207,0.77602
-0.0911595,-5.39666,1.97428,0.735929
-0.0841934,-5.34814,1.96637,0.695761
-0.0769528,-5.29865,1.95841,0.655585
-0.0561538,-5.16058,1.93657,0.523665
-0.0560903,-5.16005,1.93647,0.522692
-0.0560289,-5.15953,1.93636,0.521729
-0.0559694,-5.15903,1.93626,0.520774
-0.054946,-5.15028,1.93424,0.499521
-0.0554341,-5.14389,1.93208,0.485881
-0.0648057,-5.13837,1.92754,0.485986
-0.0878163,-5.13712,1.92012,0.502148
-0.121569,-5.14039,1.91,0.535365
-0.162538,-5.14709,1.8979,0.58436
-0.206465,-5.15549,1.88472,0.646311
-0.251288,-5.16396,1.8708,0.719441
-0.297247,-5.17245,1.85667,0.800955
-0.343198,-5.18102,1.84221,0.889294
-0.390205,-5.18967,1.82746,0.98324
-0.437952,-5.19889,1.81291,1.08075
-0.484565,-5.20826,1.7985,1.18063
-0.531382,-5.21717,1.78394,1.28276
-0.578787,-5.22629,1.76953,1.38592
-0.625561,-5.23562,1.7552,1.48972
-0.672542,-5.24476,1.7408,1.59428
-0.720083,-5.25399,1.72647,1.69906
-0.766917,-5.26339,1.71225,1.80363
-0.813697,-5.27259,1.69791,1.90841
-0.972199,-5.30367,1.65025,2.48539
-0.972204,-5.30367,1.65025,2.48549
-0.972209,-5.30367,1.65026,2.4856
-0.972214,-5.30367,1.65026,2.48569
-0.972219,-5.30367,1.65027,2.48579
-0.972224,-5.30367,1.65027,2.48588
-0.972228,-5.30368,1.65028,2.48596
-0.972232,-5.30368,1.65028,2.48605
-0.972237,-5.30368,1.65028,2.48613
-0.972241,-5.30368,1.65029,2.48621
-0.972278,-5.30369,1.65033,2.48684
-0.972281,-5.30369,1.65034,2.48691
-0.972285,-5.30369,1.65034,2.48698
-0.97338,-5.30332,1.65052,2.49104
-0.969859,-5.29737,1.65195,2.49677
-0.955748,-5.28389,1.65509,2.50449
-0.931219,-5.26307,1.65998,2.51382
-0.898983,-5.2369,1.66632,2.52443
-0.863074,-5.20827,1.67351,2.53591
-0.825941,-5.17887,1.68135,2.54806
-0.787674,-5.14895,1.68962,2.56074
-0.748926,-5.11888,1.69799,2.57371
-0.710418,-5.08895,1.70641,2.58686
-0.671465,-5.05874,1.71489,2.60015
-0.632605,-5.02867,1.72321,2.61342
-0.594153,-4.99877,1.73152,2.62669
-0.555167,-4.96855,1.7399,2.63999
-0.515973,-4.93822,1.74818,2.65322
-0.477338,-4.90817,1.75648,2.6664
-0.438428,-4.87799,1.76476,2.67953
-0.400009,-4.8482,1.77299,2.69259
-0.361123,-4.81798,1.78133,2.7057
-0.266362,-4.74464,1.80005,2.73838
-0.265403,-4.74388,1.80023,2.7388
-0.264463,-4.74314,1.80041,2.73921
-0.243385,-4.72623,1.80502,2.75127
-0.232197,-4.71512,1.80868,2.76612
-0.223224,-4.69565,1.81215,2.79514
-0.217448,-4.66227,1.81538,2.84467
-0.215397,-4.62102,1.81804,2.9103
-0.215154,-4.57561,1.82045,2.99263
-0.214884,-4.52758,1.82276,3.08984
-0.214469,-4.47808,1.82499,-3.08455
-0.21425,-4.42886,1.82709,-2.96648
-0.213735,-4.37936,1.82922,-2.84063
-0.213179,-4.32914,1.83138,-2.7091
-0.213201,-4.27945,1.83352,-2.57353
-0.213225,-4.23003,1.83581,-2.43439
-0.212938,-4.17986,1.83806,-2.29262
-0.213026,-4.12983,1.84026,-2.14942
-0.21324,-4.08037,1.84254,-2.00471
-0.213242,-4.03091,1.84479,-1.85949
-0.213233,-3.98176,1.84699,-1.71322
-0.212907,-3.93142,1.84922,-1.56592
-0.213157,-3.88068,1.85141,-1.41848
-0.216494,-3.74306,1.85657,-0.916941
-0.216454,-3.74256,1.85657,-0.912899
-0.216412,-3.74207,1.85657,-0.908885
-0.216368,-3.74159,1.85657,-0.904901
-0.214926,-3.73293,1.85661,-0.810942
-0.214395,-3.72556,1.85645,-0.734178
-0.222469,-3.71074,1.85518,-0.669142
-0.242881,-3.68825,1.85265,-0.614597
-0.272094,-3.66172,1.84905,-0.568812
-0.307253,-3.63253,1.84469,-0.530057
-0.344829,-3.6025,1.83994,-0.497
-0.382306,-3.57276,1.83497,-0.468153
-0.420506,-3.54245,1.82988,-0.442295
-0.459393,-3.51167,1.82479,-0.418581
-0.497871,-3.48129,1.81969,-0.396261
-0.536815,-3.45048,1.81452,-0.374645
-0.576492,-3.41927,1.80939,-0.353503
-0.615498,-3.38859,1.80431,-0.332546
-0.654454,-3.35788,1.79929,-0.311619
-0.693268,-3.32733,1.79432,-0.290656
-0.731657,-3.29711,1.78935,-0.269603
-0.770429,-3.26647,1.78434,-0.248297
-0.809602,-3.23578,1.77938,-0.226899
-0.848382,-3.20521,1.77435,-0.205261
-0.959622,-3.11817,1.76049,-0.136353
-0.960182,-3.11771,1.76041,-0.135762
-0.960728,-3.11726,1.76032,-0.135176
-0.964597,-3.11406,1.7597,-0.130661
-0.972635,-3.10714,1.7583,-0.118205
-0.97726,-3.09835,1.7581,-0.113349
-0.975762,-3.08,1.75865,-0.119309
-0.965251,-3.05142,1.75975,-0.138292
-0.947116,-3.01561,1.76119,-0.169782
-0.924914,-2.97642,1.76276,-0.212815
-0.900942,-2.93536,1.76444,-0.265496
-0.876521,-2.89392,1.76617,-0.326291
-0.851538,-2.85127,1.76793,-0.39378
-0.826132,-2.80862,1.76969,-0.466136
-0.800401,-2.76554,1.77146,-0.542518
-0.774413,-2.72226,1.7733,-0.621388
-0.748668,-2.67982,1.77501,-0.70187
-0.723,-2.63716,1.77671,-0.78379
-0.697126,-2.59406,1.7784,-0.866291
-0.671388,-2.55168,1.78008,-0.949017
-0.645691,-2.5092,1.78179,-1.03193
-0.620197,-2.46699,1.7835,-1.11447
-0.59472,-2.42493,1.78523,-1.19722
-0.500714,-2.27242,1.79062,-1.52368
-0.500351,-2.27185,1.79063,-1.52592
-0.499997,-2.27129,1.79063,-1.52814
-0.499654,-2.27075,1.79063,-1.53035
-0.496035,-2.26487,1.79061,-1.55738
-0.49178,-2.25758,1.7919,-1.60122
-0.486791,-2.25451,1.79803,-1.62845
-0.480029,-2.26245,1.81055,-1.63332
-0.471225,-2.28338,1.82913,-1.61385
-0.460764,-2.31397,1.85244,-1.57158
-0.449705,-2.34912,1.87835,-1.51013
-0.439219,-2.38606,1.90603,-1.43232
-0.429384,-2.42474,1.93474,-1.34143
-0.419632,-2.46393,1.96347,-1.24101
-0.410081,-2.50291,1.99241,-1.13299
-0.400493,-2.54213,2.02104,-1.01986
-0.390825,-2.58094,2.04963,-0.902808
-0.381213,-2.62049,2.0787,-0.782183
-0.371055,-2.66083,2.10765,-0.659601
-0.36073,-2.7006,2.13637,-0.535673
-0.350768,-2.74038,2.16524,-0.410489
-0.340777,-2.78039,2.19386,-0.284975
-0.330737,-2.8196,2.22222,-0.159526
-0.32102,-2.85904,2.25101,-0.0333998
-0.28497,-2.99389,2.34391,0.454615
-0.28485,-2.9944,2.34427,0.458093
-0.284736,-2.99489,2.34462,0.461546
-0.284626,-2.99537,2.34497,0.464973
-0.283488,-3.00122,2.34925,0.513259
-0.282764,-3.00774,2.35493,0.582611
-0.282303,-3.01996,2.35789,0.635196
-0.282919,-3.04449,2.35732,0.669001
-0.284419,-3.0796,2.3536,0.683551
-0.286745,-3.12274,2.34739,0.680108
-0.289867,-3.16975,2.33982,0.661676
-0.293041,-3.21704,2.33137,0.63095
-0.29601,-3.26498,2.32241,0.590206
-0.299228,-3.31405,2.31333,0.541924
-0.302733,-3.3631,2.30414,0.488128
-0.306214,-3.41247,2.29505,0.430488
-0.309785,-3.46163,2.28599,0.370252
-0.313337,-3.51081,2.27697,0.308556
-0.316925,-3.55924,2.268,0.246051
-0.320361,-3.60832,2.25893,0.18278
-0.324005,-3.65797,2.24995,0.119477
-0.327739,-3.70696,2.24104,0.0562895
-0.331309,-3.7564,2.23203,-0.00699646
-0.334954,-3.80581,2.22314,-0.0698102
-0.348695,-3.97824,2.19188,-0.332874
-0.348714,-3.97858,2.19179,-0.334206
-0.348732,-3.97892,2.1917,-0.335524
-0.348749,-3.97924,2.19162,-0.336829
-0.348766,-3.97955,2.19153,-0.338121
-0.348935,-3.98408,2.19022,-0.361487
-0.34992,-3.9892,2.18911,-0.384208
-0.358804,-3.9994,2.18793,-0.396368
-0.380598,-4.01384,2.18633,-0.396249
-0.413072,-4.03134,2.18437,-0.383618
-0.452642,-4.05036,2.18219,-0.359841
-0.495021,-4.06967,2.17976,-0.326217
-0.539821,-4.089,2.17715,-0.284185
-0.58565,-4.10824,2.17452,-0.23594
-0.630965,-4.12723,2.17182,-0.182822
-0.676683,-4.14612,2.16916,-0.126228
-0.721897,-4.16488,2.16654,-0.0673232
-0.767263,-4.18369,2.1639,-0.00649894
-0.813876,-4.20293,2.16123,0.0556974
-0.860407,-4.22236,2.15859,0.118462
-0.906481,-4.24167,2.15595,0.181682
-0.952553,-4.26088,2.15334,0.24476
-0.997895,-4.27979,2.15074,0.30782
-1.04419,-4.29889,2.14809,0.37112
-1.09089,-4.31836,2.14546,0.434221
-1.23909,-4.38104,2.13655,0.672365
-1.23949,-4.38119,2.1365,0.673832
-1.23989,-4.38133,2.13646,0.675286
-1.24027,-4.38147,2.13641,0.676726
-1.24267,-4.38232,2.13612,0.686432
-1.24928,-4.3845,2.13542,0.720265
-1.25143,-4.38773,2.13437,0.73688
-1.2415,-4.39192,2.13172,0.736344
-1.21578,-4.39671,2.12719,0.71642
-1.17838,-4.40252,2.12131,0.67898
-1.13553,-4.40906,2.11435,0.625889
-1.08908,-4.41518,2.10674,0.559146
-1.04105,-4.42085,2.09881,0.481998
-0.992919,-4.42626,2.09058,0.396428
-0.943986,-4.43141,2.08224,0.304351
-0.895023,-4.43675,2.07403,0.208065
-0.846717,-4.4422,2.06584,0.108397
-0.797781,-4.44758,2.05773,0.00636846
-0.749099,-4.45323,2.04976,-0.0968191
-0.700731,-4.45877,2.04179,-0.201226
-0.65151,-4.46432,2.0339,-0.306338
-0.602176,-4.47007,2.02593,-0.411918
-0.552653,-4.47581,2.01779,-0.518039
-0.503035,-4.48164,2.00972,-0.623917
-0.32669,-4.5036,1.9806,-1.07319
-0.326261,-4.50362,1.9805,-1.07573
-0.325846,-4.50364,1.9804,-1.07826
-0.325442,-4.50366,1.98029,-1.08076
-0.32505,-4.50368,1.98019,-1.08324
-0.318423,-4.50384,1.97843,-1.1369
-0.313429,-4.50285,1.97894,-1.18307
-0.312348,-4.49518,1.98337,-1.21959
-0.319014,-4.47641,1.99229,-1.24699
-0.333659,-4.44766,2.00509,-1.26636
-0.353571,-4.41321,2.02036,-1.27908
-0.375872,-4.37689,2.03738,-1.28652
-0.399645,-4.33906,2.05562,-1.28983
-0.424171,-4.3002,2.07419,-1.2901
-0.448532,-4.26171,2.0929,-1.28823
-0.473136,-4.22283,2.11169,-1.28491
-0.497583,-4.18412,2.13022,-1.28069
-0.522222,-4.14527,2.14893,-1.27593
-0.547375,-4.10549,2.16755,-1.27091
-0.572243,-4.06625,2.18598,-1.26584
-0.597059,-4.0272,2.20453,-1.26081
-0.62221,-3.98752,2.22312,-1.25589
-0.647112,-3.94822,2.24148,-1.25112
-0.671865,-3.90927,2.26,-1.2465
-0.696644,-3.87014,2.27827,-1.24203
-0.760717,-3.76892,2.32317,-1.2303
-0.761232,-3.76812,2.32353,-1.23017
-0.761735,-3.76733,2.32388,-1.23005
-0.770499,-3.75369,2.33048,-1.22741
-0.775801,-3.74383,2.33616,-1.22333
-0.775512,-3.72748,2.34062,-1.21421
-0.768129,-3.70104,2.34367,-1.19819
-0.753572,-3.66636,2.34563,-1.17389
-0.733946,-3.62594,2.34685,-1.14175
-0.711961,-3.58368,2.34767,-1.10281
-0.688551,-3.54097,2.34829,-1.05792
-0.664707,-3.49815,2.34883,-1.00856
-0.640869,-3.45572,2.34935,-0.955535
-0.616567,-3.41274,2.34989,-0.899453
-0.592075,-3.36907,2.35045,-0.841369
-0.567819,-3.32562,2.35104,-0.781815
-0.543257,-3.28192,2.35168,-0.721094
-0.518784,-3.2382,2.35232,-0.659987
-0.494611,-3.195,2.35299,-0.59847
-0.469823,-3.15109,2.35367,-0.536389
-0.445043,-3.10687,2.35436,-0.47435
-0.420597,-3.06303,2.35498,-0.412288
-0.395888,-3.01903,2.35561,-0.350072
-0.312999,-2.87071,2.35619,-0.0641746
-0.312937,-2.87063,2.35618,-0.0633133
-0.312878,-2.87056,2.35617,-0.0624625
-0.312819,-2.87048,2.35616,-0.0616222
-0.312763,-2.87042,2.35616,-0.0607922
-0.312708,-2.87035,2.35615,-0.0599724
-0.312454,-2.87004,2.35612,-0.0560251
-0.311056,-2.86825,2.3567,-0.0354996
-0.307017,-2.86882,2.36036,-0.0265316
-0.298356,-2.88105,2.36767,-0.0261434
-0.287007,-2.90615,2.37792,-0.0342855
-0.274724,-2.94082,2.39071,-0.0506552
-0.261859,-2.98137,2.40505,-0.0741403
-0.248914,-3.02405,2.42039,-0.103669
-0.235368,-3.06852,2.43649,-0.13835
-0.22149,-3.11379,2.45267,-0.176706
-0.207917,-3.15861,2.46885,-0.217828
-0.194171,-3.20381,2.48517,-0.261142
-0.180279,-3.24944,2.50132,-0.305738
-0.166777,-3.29448,2.51735,-0.351138
-0.153197,-3.33972,2.5334,-0.397077
-0.139697,-3.38455,2.54924,-0.443091
-0.126223,-3.42965,2.56526,-0.489408
-0.112335,-3.47558,2.58127,-0.535781
-0.0987603,-3.52103,2.59714,-0.581941
-0.0852961,-3.56627,2.61308,-0.62805
-0.039198,-3.72304,2.66557,-0.809476
-0.039068,-3.7235,2.66573,-0.810579
-0.0389414,-3.72395,2.6659,-0.811672
-0.0388179,-3.72438,2.66605,-0.812755
-0.0380367,-3.72707,2.66706,-0.820057
-0.0360006,-3.73362,2.67016,-0.843605
-0.0349537,-3.73776,2.67289,-0.859385
-0.0394423,-3.73097,2.67486,-0.865622
-0.0522941,-3.709,2.67583,-0.861833
-0.07055,-3.67689,2.67607,-0.848575
-0.0914649,-3.63881,2.67585,-0.826642
-0.113915,-3.59695,2.67542,-0.797425
-0.136701,-3.55406,2.67487,-0.762608
-0.159203,-3.51095,2.67426,-0.723276
-0.181952,-3.46735,2.67365,-0.680807
-0.204539,-3.42417,2.67304,-0.636012
-0.22746,-3.38012,2.67245,-0.589243
-0.251114,-3.33527,2.67191,-0.541414
-0.274515,-3.29094,2.67133,-0.492898
-0.297852,-3.24641,2.67073,-0.443832
-0.321466,-3.2015,2.67019,-0.394637
-0.344772,-3.15737,2.66963,-0.345577
-0.367846,-3.11322,2.66907,-0.296474
-0.39124,-3.06871,2.66853,-0.247623
-0.484762,-2.89011,2.66499,0.0417818
-0.484762,-2.89011,2.66499,0.041764
-0.484762,-2.89011,2.66499,0.0417459
-0.484763,-2.89011,2.66499,0.0417272
-0.484763,-2.8901,2.66499,0.0417081
-0.484764,-2.8901,2.66499,0.0416885
-0.484764,-2.8901,2.66498,0.0416685
-0.484765,-2.8901,2.66498,0.0416481
-0.484765,-2.8901,2.66498,0.0416273
-0.484765,-2.8901,2.66498,0.0416062
-0.484768,-2.89009,2.66497,0.0414041
-0.484769,-2.89009,2.66498,0.0413852
-0.484769,-2.89009,2.66498,0.0413686
-0.484769,-2.89009,2.66499,0.0413544
-0.48477,-2.89008,2.66499,0.0413428
-0.484824,-2.88994,2.66519,0.0410798
-0.486702,-2.88447,2.66653,0.036978
-0.492124,-2.8668,2.66896,0.0220112
-0.499709,-2.83584,2.67228,-0.00732827
-0.50771,-2.79627,2.67613,-0.051239
-0.516036,-2.75152,2.68041,-0.109827
-0.525057,-2.70381,2.68497,-0.181077
-0.534119,-2.65575,2.68959,-0.262377
-0.543483,-2.60762,2.69432,-0.35227
-0.553303,-2.55874,2.69913,-0.448856
-0.562765,-2.51001,2.70387,-0.549989
-0.571955,-2.46161,2.70868,-0.655051
-0.581353,-2.41293,2.71341,-0.762345
-0.59042,-2.36469,2.71811,-0.871664
-0.599881,-2.31564,2.72282,-0.982697
-0.609169,-2.26623,2.72747,-1.09426
-0.618126,-2.21762,2.73214,-1.20646
-0.627369,-2.16889,2.73687,-1.31894
-0.636603,-2.1201,2.74159,-1.43146
-0.645769,-2.07148,2.74637,-1.5442
-0.674471,-1.9138,2.75786,-2.15657
-0.674471,-1.9138,2.75785,-2.15652
-0.674471,-1.9138,2.75785,-2.15646
-0.674471,-1.9138,2.75785,-2.15641
-0.674471,-1.9138,2.75784,-2.15635
-0.674471,-1.91379,2.75784,-2.15629
-0.674471,-1.91379,2.75784,-2.15624
-0.674471,-1.91379,2.75784,-2.15618
-0.674471,-1.91379,2.75783,-2.15612
-0.674472,-1.91379,2.75783,-2.15606
-0.67449,-1.91374,2.758,-2.15556
-0.674496,-1.91372,2.75802,-2.1556
-0.674503,-1.9137,2.75804,-2.15565
-0.674511,-1.91368,2.75806,-2.15571
-0.674521,-1.91365,2.75808,-2.15579
-0.674532,-1.91361,2.75809,-2.15588
-0.674668,-1.91286,2.75801,-2.15814
-0.672271,-1.91311,2.7552,-2.17207
-0.66459,-1.92333,2.748,-2.19983
-0.652141,-1.94544,2.73611,-2.24324
-0.63592,-1.97748,2.72048,-2.30177
-0.617798,-2.01486,2.70283,-2.37266
-0.598774,-2.05345,2.6837,-2.45408
-0.578377,-2.0928,2.66355,-2.54453
-0.55711,-2.13328,2.64292,-2.64219
-0.536109,-2.17408,2.62235,-2.74483
-0.515407,-2.21468,2.60177,-2.85152
-0.494399,-2.2555,2.58131,-2.96113
-0.473742,-2.29606,2.56119,-3.07234
-0.45321,-2.33649,2.5411,3.09807
-0.432534,-2.37695,2.5213,2.98485
-0.412141,-2.41724,2.50125,2.87079
-0.391125,-2.45825,2.48095,2.75587
-0.37011,-2.49966,2.46092,2.64101
-0.349708,-2.54044,2.4408,2.52602
-0.274355,-2.69073,2.36621,1.94345
-0.274298,-2.6908,2.36616,1.94172
-0.274243,-2.69088,2.3661,1.94
-0.274189,-2.69095,2.36605,1.9383
-0.274137,-2.69102,2.366,1.93662
-0.274086,-2.69108,2.36595,1.93496
-0.274037,-2.69115,2.3659,1.93332
-0.273036,-2.6927,2.36504,1.89397
-0.272644,-2.69839,2.36259,1.872
-0.276308,-2.71607,2.35685,1.86856
-0.285431,-2.74475,2.348,1.88582
-0.299298,-2.78073,2.33667,1.92352
-0.316731,-2.82109,2.32378,1.97947
-0.33557,-2.86276,2.30986,2.05043
-0.355855,-2.90501,2.29508,2.13432
-0.376826,-2.94819,2.28009,2.22793
-0.397293,-2.99108,2.26512,2.32867
-0.417958,-3.0338,2.25011,2.43519
-0.438977,-3.07708,2.23521,2.54581
-0.459465,-3.12019,2.22055,2.65889
-0.479937,-3.16313,2.20596,2.77412
-0.500457,-3.20596,2.19157,2.89016
-0.520821,-3.24867,2.17697,3.0073
-0.541791,-3.29211,2.16221,3.12536
-0.56251,-3.33571,2.1476,-3.03982
-0.582769,-3.37882,2.13297,-2.92156
-0.603496,-3.4221,2.11836,-2.80317
-0.655847,-3.53682,2.08147,-2.44233
-0.656118,-3.53742,2.08124,-2.43902
-0.656382,-3.53799,2.08101,-2.43574
-0.658312,-3.54206,2.07932,-2.41035
-0.663352,-3.55104,2.07471,-2.32963
-0.665692,-3.55376,2.07092,-2.27267
-0.661593,-3.54446,2.06666,-2.22711
-0.650775,-3.52192,2.06181,-2.1921
-0.635146,-3.48892,2.05635,-2.16624
-0.616287,-3.44893,2.05053,-2.14794
-0.596414,-3.4067,2.04453,-2.13567
-0.576006,-3.36334,2.03838,-2.12796
-0.554938,-3.31879,2.03217,-2.12362
-0.533894,-3.27446,2.02601,-2.12163
-0.51297,-3.23036,2.01981,-2.1212
-0.491609,-3.18542,2.01359,-2.12174
-0.470248,-3.14054,2.00745,-2.12282
-0.449201,-3.09624,2.0013,-2.12414
-0.427833,-3.0513,1.99511,-2.1255
-0.406352,-3.00617,1.98898,-2.12677
-0.385245,-2.96175,1.98288,-2.1279
-0.363953,-2.91698,1.97682,-2.12886
-0.342668,-2.87222,1.97072,-2.12965
-0.275191,-2.73043,1.95192,-2.13132
-0.274765,-2.72953,1.95179,-2.13133
-0.274349,-2.72865,1.95166,-2.13134
-0.271352,-2.72229,1.9507,-2.13141
-0.264765,-2.70845,1.94806,-2.13148
-0.259297,-2.70138,1.94386,-2.13066
-0.252926,-2.7063,1.93531,-2.12764
-0.246009,-2.72734,1.9221,-2.12171
-0.238456,-2.75986,1.9056,-2.1132
-0.23043,-2.79824,1.88666,-2.10227
-0.222329,-2.84014,1.86603,-2.08911
-0.214407,-2.88361,1.84482,-2.07423
-0.206654,-2.92694,1.82328,-2.05797
-0.199013,-2.97086,1.80171,-2.04063
-0.191505,-3.01448,1.78023,-2.02257
-0.183836,-3.05868,1.75846,-2.00385
-0.176136,-3.10376,1.73684,-1.98475
-0.168434,-3.14816,1.71538,-1.96547
-0.160696,-3.19255,1.69395,-1.94605
-0.153114,-3.23662,1.67285,-1.92668
-0.145483,-3.2804,1.65149,-1.90723
-0.137765,-3.32547,1.62984,-1.88767
-0.13,-3.37074,1.60842,-1.8682
-0.10121,-3.53489,1.53199,-1.78742
-0.101129,-3.53535,1.53173,-1.78695
-0.10105,-3.53579,1.53148,-1.78649
-0.100973,-3.53622,1.53124,-1.78603
-0.100899,-3.53664,1.531,-1.78557
-0.0996452,-3.54444,1.5261,-1.77455
-0.098849,-3.54862,1.52517,-1.76096
-0.0976458,-3.5439,1.52891,-1.73692
-0.0964394,-3.52449,1.53736,-1.69798
-0.0961937,-3.49166,1.54963,-1.64287
-0.097158,-3.4511,1.56423,-1.57361
-0.0982129,-3.40797,1.58046,-1.49154
-0.0983951,-3.36286,1.59774,-1.39842
-0.0982372,-3.31638,1.61524,-1.29705
-0.0981096,-3.27021,1.63278,-1.1891
-0.0977149,-3.22374,1.65045,-1.07565
-0.0975179,-3.17659,1.66791,-0.958523
-0.0977484,-3.13006,1.68517,-0.838774
-0.0976844,-3.08357,1.70256,-0.716651
-0.0976059,-3.03632,1.71996,-0.592975
-0.0979747,-2.98945,1.73717,-0.468585
-0.0981167,-2.94273,1.75457,-0.343271
-0.0982691,-2.89619,1.77172,-0.217986
-0.0983646,-2.8497,1.78898,-0.0920466
-0.0982962,-2.80232,1.80633,0.0344251
-0.101249,-2.67996,1.84824,0.399864
-0.101279,-2.67913,1.84853,0.403695
-0.101306,-2.67832,1.8488,0.407501
-0.101398,-2.66621,1.85316,0.475101
-0.100763,-2.65647,1.85894,0.554051
-0.101526,-2.65296,1.86836,0.626349
-0.107144,-2.66203,1.88319,0.696686
-0.116749,-2.68486,1.90296,0.767663
-0.127694,-2.71633,1.92575,0.839627
-0.138976,-2.75138,1.95107,0.913815
-0.151498,-2.78896,1.97826,0.990957
-0.164741,-2.82789,2.00597,1.07034
-0.178046,-2.86673,2.03395,1.15198
-0.191709,-2.90602,2.06221,1.23579
-0.205357,-2.9457,2.09019,1.3209
-0.218587,-2.9847,2.11773,1.40692
-0.231945,-3.02359,2.14553,1.4942
-0.245547,-3.06336,2.1733,1.58218
-0.258797,-3.10289,2.20082,1.67056
-0.272195,-3.14234,2.22854,1.7596
-0.285708,-3.18224,2.25611,1.84878
-0.298888,-3.22161,2.28354,1.93794
-0.312273,-3.26088,2.31108,2.02721
-0.353741,-3.38717,2.39434,2.35045
-0.353929,-3.38768,2.39469,2.35282
-0.354113,-3.38817,2.39503,2.35517
-0.354293,-3.38866,2.39537,2.3575
-0.357189,-3.39587,2.40084,2.40033
-0.359805,-3.40242,2.40655,2.44594
-0.360137,-3.41694,2.41147,2.48336
-0.35496,-3.44421,2.41552,2.51297
-0.345582,-3.48071,2.41899,2.53597
-0.333515,-3.5233,2.42213,2.55349
-0.320147,-3.5682,2.42502,2.56663
-0.306364,-3.61441,2.42788,2.57646
-0.291818,-3.662,2.4307,2.58384
-0.277298,-3.70926,2.43347,2.58948
-0.262861,-3.75657,2.43629,2.59399
-0.248075,-3.8046,2.43914,2.59778
-0.233374,-3.85219,2.44196,2.60116
-0.218925,-3.89951,2.44482,2.60437
-0.204177,-3.94751,2.44772,2.60755
-0.189389,-3.99534,2.45058,2.61077
-0.174916,-4.04273,2.45349,2.6141
-0.160173,-4.09073,2.45645,2.61756
-0.145343,-4.13874,2.45931,2.62113
-0.13087,-4.18604,2.4622,2.62481
-0.0829489,-4.34306,2.4706,2.64007
-0.0828485,-4.34343,2.47062,2.64015
-0.0827511,-4.34379,2.47063,2.64024
-0.0826566,-4.34413,2.47065,2.64032
-0.0825649,-4.34447,2.47066,2.6404
-0.0808239,-4.35072,2.47095,2.64258
-0.080585,-4.35706,2.46889,2.64869
-0.0862957,-4.37012,2.46017,2.66626
-0.101274,-4.38931,2.4446,2.698
-0.122939,-4.41249,2.42327,2.74424
-0.149126,-4.4378,2.39754,2.80449
-0.177726,-4.46375,2.36949,2.87631
-0.206864,-4.4893,2.34,2.95792
-0.236854,-4.51464,2.30946,3.0479
-0.267794,-4.5404,2.27828,-3.13848
-0.298834,-4.56652,2.24744,-3.03719
-0.329024,-4.59231,2.21682,-2.93246
-0.359321,-4.61788,2.18647,-2.82532
-0.389373,-4.6433,2.15656,-2.71685
-0.419379,-4.66862,2.12649,-2.60699
-0.450063,-4.69441,2.09626,-2.49608
-0.480564,-4.72045,2.0664,-2.38504
-0.510654,-4.74611,2.03623,-2.27338
-0.541557,-4.77209,2.00583,-2.1611
-0.572375,-4.7984,1.97565,-2.04891
-0.670074,-4.88131,1.8819,-1.4414
-0.670078,-4.88131,1.88191,-1.44127
-0.670082,-4.88131,1.88192,-1.44114
-0.670085,-4.88132,1.88193,-1.44101
-0.670088,-4.88132,1.88194,-1.44089
-0.670092,-4.88132,1.88195,-1.44078
-0.670095,-4.88132,1.88197,-1.44066
-0.670098,-4.88132,1.88198,-1.44056
-0.670101,-4.88133,1.88199,-1.44045
-0.670104,-4.88133,1.882,-1.44035
-0.670121,-4.88134,1.88205,-1.43981
-0.670123,-4.88134,1.88206,-1.43972
-0.670352,-4.88148,1.88177,-1.43808
-0.672235,-4.88076,1.88081,-1.44051
-0.673793,-4.86983,1.88013,-1.45484
-0.672762,-4.84476,1.88036,-1.48544
-0.668265,-4.80802,1.88165,-1.53304
-0.661289,-4.76498,1.88372,-1.59648
-0.653536,-4.7187,1.88628,-1.6741
-0.645801,-4.67066,1.88917,-1.76291
-0.638291,-4.62269,1.89222,-1.86074
-0.631185,-4.57402,1.89544,-1.96617
-0.623676,-4.52455,1.89871,-2.07674
-0.615918,-4.47577,1.90202,-2.19137
-0.608293,-4.42686,1.9054,-2.30906
-0.600511,-4.37779,1.90875,-2.42876
-0.592617,-4.32893,1.91207,-2.55003
-0.584829,-4.27958,1.91545,-2.67275
-0.576747,-4.23005,1.91882,-2.79584
-0.568673,-4.18124,1.92218,-2.91941
-0.56093,-4.13195,1.92566,-3.0436
-0.552983,-4.08239,1.92918,3.11516
-0.52641,-3.92617,1.93625,2.43255
-0.526409,-3.92616,1.93625,2.43245
-0.526407,-3.92616,1.93624,2.43234
-0.526405,-3.92615,1.93624,2.43224
-0.526404,-3.92615,1.93624,2.43215
-0.526402,-3.92615,1.93624,2.43206
-0.526401,-3.92614,1.93623,2.43197
-0.5264,-3.92614,1.93623,2.43188
-0.526398,-3.92613,1.93623,2.4318
-0.526397,-3.92613,1.93623,2.43173
-0.526384,-3.9261,1.93625,2.43099
-0.526383,-3.92609,1.93626,2.43092
-0.526382,-3.92609,1.93628,2.43085
-0.526303,-3.92509,1.93785,2.42753
-0.529541,-3.92526,1.9446,2.41962
-0.540022,-3.93426,1.9573,2.40684
-0.557143,-3.95255,1.97492,2.38956
-0.579202,-3.97807,1.99659,2.36813
-0.604188,-4.00809,2.02082,2.34327
-0.629939,-4.03956,2.04631,2.31578
-0.655949,-4.07178,2.07269,2.28613
-0.681875,-4.10416,2.09905,2.25507
-0.70773,-4.13643,2.12567,2.22282
-0.734235,-4.16961,2.15269,2.18955
-0.761016,-4.20304,2.17944,2.15582
-0.787726,-4.23614,2.2061,2.12175
-0.814583,-4.26953,2.23286,2.0874
-0.841292,-4.30278,2.2592,2.05314
-0.867751,-4.33557,2.28555,2.0189
-0.894214,-4.36852,2.31172,1.98478
-0.920465,-4.40114,2.33782,1.95081
-0.946951,-4.43405,2.36419,1.9168
-1.03532,-4.54274,2.44713,1.78892
-1.03561,-4.54308,2.44742,1.78809
-1.03589,-4.5434,2.44771,1.78728
-1.03616,-4.54372,2.44799,1.78647
-1.03899,-4.54713,2.45108,1.77664
-1.04229,-4.5517,2.45617,1.75901
-1.04084,-4.56022,2.45992,1.73732
-1.02958,-4.57653,2.46131,1.70722
-1.00761,-4.59975,2.46046,1.66607
-0.977295,-4.62791,2.45795,1.61383
-0.942919,-4.65787,2.45435,1.55159
-0.906086,-4.68811,2.45012,1.48032
-0.868382,-4.71842,2.44562,1.40206
-0.830175,-4.74864,2.44087,1.31746
-0.79095,-4.7796,2.43611,1.22776
-0.752059,-4.81091,2.43146,1.13502
-0.713811,-4.84173,2.42677,1.03954
-0.67472,-4.87274,2.42202,0.941748
-0.635626,-4.90409,2.41737,0.842946
-0.597045,-4.93527,2.41273,0.743159
-0.557954,-4.96654,2.40809,0.642451
-0.518736,-4.99799,2.40354,0.541679
-0.480251,-5.02914,2.39903,0.44079
-0.44149,-5.06022,2.3946,0.339966
-0.322286,-5.15788,2.38068,0.00378871
-0.321573,-5.15851,2.38058,0.00073947
-0.320876,-5.15912,2.38048,-0.00228881
-0.317021,-5.16248,2.37988,-0.0200145
-0.305141,-5.17236,2.37795,-0.0915259
-0.296315,-5.18115,2.3787,-0.150595
-0.285459,-5.20047,2.38303,-0.207407
-0.274495,-5.23185,2.39049,-0.26391
-0.264686,-5.27117,2.40048,-0.321617
-0.255402,-5.31518,2.41231,-0.38159
-0.246142,-5.36099,2.42503,-0.44359
-0.23691,-5.40689,2.43838,-0.507879
-0.227221,-5.45358,2.45215,-0.574575
-0.217415,-5.50085,2.46588,-0.642914
-0.208038,-5.54754,2.4796,-0.712721
-0.198553,-5.59452,2.4933,-0.783722
-0.189241,-5.6411,2.50681,-0.855453
-0.179864,-5.68804,2.52042,-0.928278
-0.170239,-5.73592,2.53395,-1.00163
-0.161,-5.78316,2.54737,-1.07522
-0.151698,-5.83022,2.56092,-1.14926
-0.142249,-5.87763,2.57434,-1.22322
-0.133061,-5.92429,2.58775,-1.29717
-0.0955536,-6.11791,2.63825,-1.75095
-0.0955535,-6.11791,2.63824,-1.75092
-0.0955533,-6.11791,2.63824,-1.75089
-0.0955531,-6.11791,2.63824,-1.75086
-0.095553,-6.11791,2.63823,-1.75083
-0.0955528,-6.11791,2.63823,-1.7508
-0.0955526,-6.11792,2.63823,-1.75077
-0.0955525,-6.11792,2.63822,-1.75074
-0.0955523,-6.11792,2.63822,-1.75071
-0.0955522,-6.11792,2.63822,-1.75067
-0.0955511,-6.11792,2.63821,-1.75037
-0.095551,-6.11793,2.63822,-1.75034
-0.0955507,-6.11793,2.63824,-1.75032
-0.0955504,-6.11793,2.63825,-1.7503
-0.0955498,-6.11793,2.63827,-1.75029
-0.0955489,-6.11793,2.63829,-1.75028
-0.094533,-6.11943,2.63926,-1.7512
-0.0851937,-6.12474,2.63991,-1.75348
-0.0622034,-6.12987,2.63944,-1.7568
-0.0278272,-6.13325,2.63779,-1.76048
0.0149436,-6.13508,2.63512,-1.76417
0.0624616,-6.1359,2.63179,-1.76766
0.11103,-6.13631,2.62804,-1.77082
0.160441,-6.13655,2.62403,-1.77366
0.210275,-6.13666,2.61998,-1.77617
0.259426,-6.13678,2.61593,-1.77837
0.308808,-6.13689,2.61187,-1.78032
0.357756,-6.13695,2.60788,-1.78206
0.406744,-6.13707,2.60388,-1.78364
0.456606,-6.13714,2.59984,-1.7851
0.507417,-6.1372,2.5958,-1.78649
0.557568,-6.13725,2.59182,-1.7878
0.607109,-6.13738,2.58782,-1.78908
0.657361,-6.13746,2.58381,-1.79034
0.70729,-6.1375,2.57982,-1.79158
0.884908,-6.13835,2.56514,-1.79832
0.884912,-6.13835,2.56514,-1.79832
0.884916,-6.13835,2.56515,-1.79832
0.88492,-6.13835,2.56515,-1.79832
0.884923,-6.13835,2.56515,-1.79832
0.884927,-6.13835,2.56515,-1.79832
0.884931,-6.13835,2.56515,-1.79832
0.884934,-6.13835,2.56515,-1.79832
0.884937,-6.13835,2.56515,-1.79832
0.884941,-6.13835,2.56516,-1.79832
0.884961,-6.13836,2.56516,-1.79832
0.884964,-6.13836,2.56517,-1.79832
0.884967,-6.13836,2.56517,-1.79832
0.885172,-6.13837,2.56528,-1.79848
0.891012,-6.1385,2.5664,-1.80209
0.910354,-6.13861,2.56884,-1.81364
0.941869,-6.13923,2.57241,-1.83443
0.982023,-6.14057,2.5771,-1.86549
1.028,-6.14215,2.58261,-1.90629
1.0759,-6.14383,2.58854,-1.95513
1.12436,-6.14533,2.5948,-2.01103
1.17372,-6.14648,2.60124,-2.07273
1.22315,-6.14769,2.60764,-2.13841
1.27196,-6.1491,2.61402,-2.20727
1.32135,-6.15038,2.62045,-2.27874
1.37116,-6.15172,2.62681,-2.35161
1.42028,-6.1533,2.63315,-2.42552
1.46983,-6.15474,2.63957,-2.50041
1.51995,-6.15616,2.64594,-2.57558
1.56926,-6.15776,2.65229,-2.65082
1.61881,-6.15924,2.65871,-2.72642
1.66879,-6.16066,2.66504,-2.80174
1.71788,-6.16225,2.67139,-2.87696
1.87094,-6.16763,2.68878,3.0855
1.87107,-6.16763,2.68879,3.08434
1.87119,-6.16762,2.68879,3.0832
1.87131,-6.16761,2.6888,3.08207
1.87142,-6.1676,2.68881,3.08095
1.87154,-6.1676,2.68881,3.07985
1.87377,-6.1675,2.68906,3.05505
1.8793,-6.16669,2.68752,3.03989
1.8954,-6.16181,2.68085,3.03811
1.92057,-6.15127,2.66824,3.05213
1.95235,-6.13544,2.65019,3.08263
1.9877,-6.11626,2.62876,3.12743
2.02374,-6.09602,2.60496,-3.09865
2.0607,-6.07561,2.57964,-3.03115
2.09838,-6.05505,2.55401,-2.95602
2.13556,-6.03465,2.52823,-2.87496
2.17298,-6.01425,2.50255,-2.78953
2.21009,-5.99381,2.47719,-2.70127
2.24727,-5.9734,2.45148,-2.6103
2.28559,-5.95236,2.42584,-2.51762
2.32331,-5.93117,2.40064,-2.42445
2.36035,-5.91057,2.37533,-2.33064
2.39807,-5.88987,2.34986,-2.23618
2.43591,-5.86881,2.32467,-2.14194
2.47344,-5.84801,2.29913,-2.04734
2.51172,-5.82692,2.27336,-1.95244
2.63476,-5.75868,2.19338,-1.44966
2.63476,-5.75868,2.19338,-1.44971
2.63476,-5.75868,2.19337,-1.44976
2.63476,-5.75868,2.19337,-1.44982
2.63476,-5.75868,2.19337,-1.44987
2.63476,-5.75868,2.19337,-1.44992
2.63476,-5.75868,2.19336,-1.44997
2.63476,-5.75868,2.19336,-1.45002
2.63476,-5.75868,2.19336,-1.45008
2.63476,-5.75868,2.19336,-1.45013
2.63476,-5.75868,2.19333,-1.45064
2.63476,-5.75868,2.19333,-1.45067
2.63477,-5.75868,2.19332,-1.45069
2.63477,-5.75868,2.19331,-1.45071
2.63477,-5.75868,2.19329,-1.45072
2.63477,-5.75868,2.19327,-1.45073
2.63478,-5.75868,2.19325,-1.45073
2.63479,-5.75867,2.19323,-1.45072
2.63565,-5.75839,2.19231,-1.45042
2.64431,-5.75799,2.18865,-1.45146
2.66601,-5.7618,2.18223,-1.45708
2.69918,-5.77099,2.17384,-1.46873
2.73862,-5.78363,2.16423,-1.48701
2.7817,-5.79817,2.15388,-1.51168
2.82579,-5.81348,2.14332,-1.54182
2.87049,-5.82896,2.13246,-1.57695
2.91667,-5.84504,2.12148,-1.61625
2.9629,-5.86146,2.11061,-1.6585
3.00891,-5.87778,2.09973,-1.70311
3.05531,-5.89419,2.08889,-1.74944
3.10115,-5.91056,2.07824,-1.7967
3.14679,-5.92679,2.06758,-1.84473
3.1924,-5.943,2.05707,-1.89298
3.23755,-5.95912,2.04655,-1.94143
3.28366,-5.97547,2.03583,-1.99033
3.33031,-5.99207,2.02519,-2.03917
3.37628,-6.00859,2.01457,-2.08793
3.55153,-6.07177,1.9745,-2.36303
3.55153,-6.07177,1.9745,-2.36302
3.55153,-6.07177,1.9745,-2.36301
3.55153,-6.07177,1.9745,-2.36301
3.55153,-6.07177,1.9745,-2.363
3.55153,-6.07177,1.9745,-2.36299
3.55153,-6.07177,1.9745,-2.36299
3.55153,-6.07177,1.9745,-2.36298
3.55153,-6.07177,1.9745,-2.36297
3.55153,-6.07177,1.9745,-2.36297
3.55153,-6.07178,1.9745,-2.36293
3.55153,-6.07178,1.97449,-2.36295
3.55153,-6.07178,1.97449,-2.36296
3.55154,-6.07178,1.97448,-2.36298
3.55154,-6.07178,1.97448,-2.36299
3.55155,-6.07179,1.97448,-2.36301
3.55156,-6.07179,1.97447,-2.36301
3.55157,-6.0718,1.97447,-2.36302
3.55159,-6.0718,1.97446,-2.36302
3.55161,-6.07181,1.97445,-2.36301
3.55164,-6.07182,1.97444,-2.363
3.55167,-6.07184,1.97442,-2.36299
3.55171,-6.07185,1.97441,-2.36296
3.55176,-6.07187,1.97439,-2.36294
3.55181,-6.07188,1.97436,-2.3629
3.55587,-6.07158,1.97282,-2.35848
3.56962,-6.06376,1.96754,-2.3405
3.59202,-6.04455,1.95856,-2.30588
3.61794,-6.0173,1.94661,-2.2538
3.64595,-5.98537,1.93254,-2.18493
3.67503,-5.95117,1.91735,-2.1023
3.70454,-5.91668,1.90119,-2.00755
3.73542,-5.8813,1.88449,-1.90285
3.76638,-5.84516,1.8679,-1.79113
3.79685,-5.80943,1.85131,-1.67364
3.82746,-5.77376,1.835,-1.55228
3.85758,-5.73836,1.81885,-1.42802
3.88809,-5.70285,1.8026,-1.30104
3.91935,-5.66637,1.78634,-1.17198
3.95005,-5.6296,1.77019,-1.04194
3.98058,-5.59324,1.75386,-0.910758
4.01166,-5.55683,1.73754,-0.778833
4.04228,-5.52056,1.72143,-0.646914
4.07267,-5.48456,1.70527,-0.514619
4.16966,-5.36982,1.65439,0.209104
4.16966,-5.36982,1.65439,0.209104
4.16966,-5.36982,1.65439,0.209104
4.16966,-5.36982,1.65439,0.209104
4.16966,-5.36982,1.65439,0.209104
4.16966,-5.36982,1.65439,0.209104
4.16966,-5.36982,1.65439,0.209104
4.16966,-5.36982,1.65439,0.209104
4.16966,-5.36982,1.65439,0.209104
4.16966,-5.36982,1.65439,0.209104
4.16966,-5.36983,1.65693,0.207581
4.16966,-5.36984,1.65781,0.207
4.16966,-5.36986,1.65883,0.206322
4.16965,-5.3699,1.65996,0.205544
4.16965,-5.36994,1.66121,0.204667
4.16964,-5.37,1.66257,0.203691
4.16963,-5.37008,1.66404,0.202615
4.16962,-5.37019,1.66562,0.20144
4.1696,-5.37032,1.66729,0.200165
4.16957,-5.37048,1.66907,0.198789
4.16954,-5.37068,1.67094,0.197317
4.1695,-5.37092,1.67291,0.19575
4.16945,-5.37119,1.67496,0.194091
4.1694,-5.37152,1.67711,0.192339
4.16933,-5.37189,1.67933,0.190499
4.16924,-5.37232,1.68162,0.188571
4.16915,-5.3728,1.68399,0.186558
4.16904,-5.37334,1.68642,0.184461
4.16891,-5.37394,1.68891,0.182284
4.16876,-5.3746,1.69146,0.18003
4.16859,-5.37532,1.69407,0.177704
4.1684,-5.3761,1.69672,0.175307
4.16818,-5.37695,1.69942,0.172841
4.16793,-5.37787,1.70217,0.170307
4.16766,-5.37885,1.70495,0.167706
4.16736,-5.37989,1.70777,0.165041
4.16702,-5.38099,1.71063,0.16231
4.16666,-5.38215,1.71352,0.159516
4.16625,-5.38337,1.71644,0.15666
4.16581,-5.38465,1.71939,0.153745
4.16533,-5.38599,1.72236,0.150773
4.16481,-5.38738,1.72536,0.147742
4.16424,-5.38881,1.72837,0.144655
4.16364,-5.3903,1.73141,0.141511
4.16298,-5.39183,1.73447,0.138313
4.16228,-5.3934,1.73754,0.13506
4.16154,-5.39502,1.74062,0.131752
4.16074,-5.39667,1.74371,0.128392
4.1599,-5.39835,1.74681,0.124982
4.159,-5.40007,1.74992,0.121524
4.15805,-5.40182,1.75303,0.118017
4.15706,-5.40359,1.75614,0.114463
4.15001,-5.41472,1.77476,0.0921423
4.10487,-5.46358,1.84693,-0.0163825
4.05354,-5.50494,1.9033,-0.142223
4.01375,-5.5422,1.94173,-0.278012
3.98306,-5.58386,1.96512,-0.418931
3.95244,-5.62771,1.97741,-0.561384
3.91931,-5.66936,1.98251,-0.703828
3.88569,-5.70823,1.98354,-0.844798
3.8534,-5.74535,1.98255,-0.983426
3.82188,-5.78293,1.98086,-1.11976
3.79023,-5.82092,1.97912,-1.25321
3.75828,-5.85855,1.97761,-1.38457
3.72573,-5.89709,1.97644,-1.51443
3.69276,-5.93579,1.97553,-1.64228
3.58263,-6.06336,1.97049,-2.33746
3.58263,-6.06336,1.97048,-2.33743
3.58263,-6.06336,1.97048,-2.33739
3.58263,-6.06336,1.97048,-2.33735
3.58263,-6.06336,1.97048,-2.33731
3.58263,-6.06336,1.97048,-2.33727
3.58263,-6.06336,1.97048,-2.33724
3.58263,-6.06336,1.97048,-2.3372
3.58263,-6.06336,1.97048,-2.33716
3.58263,-6.06336,1.97048,-2.33713
3.58275,-6.06344,1.96708,-2.33389
3.58282,-6.06349,1.96616,-2.33312
3.58292,-6.06355,1.96515,-2.33226
3.58306,-6.06364,1.96402,-2.33131
3.58323,-6.06375,1.9628,-2.33025
3.58344,-6.06389,1.96147,-2.32909
3.58371,-6.06405,1.96003,-2.32782
3.58404,-6.06426,1.9585,-2.32645
3.58443,-6.0645,1.95688,-2.32498
3.5849,-6.06478,1.95518,-2.32341
3.58545,-6.0651,1.95339,-2.32174
3.58609,-6.06548,1.95151,-2.31996
3.6138,-6.07882,1.91148,-2.27691
3.76482,-6.11305,1.81849,-2.15585
4.08765,-6.07206,1.68362,-2.0116
4.46616,-5.80139,1.49459,-1.79594
4.59111,-5.34355,1.26972,-1.3178
4.38301,-5.09239,1.08732,-0.977454
4.185,-5.19733,1.01237,-0.828451
4.13717,-5.41274,1.05388,-0.702278
4.16758,-5.57877,1.15698,-0.628179
4.21898,-5.67712,1.26397,-0.598343
4.26534,-5.73256,1.34838,-0.601964
4.29949,-5.77119,1.40352,-0.632973
4.32254,-5.80839,1.43235,-0.686099
4.3378,-5.84862,1.44091,-0.756403
4.34969,-5.89178,1.43544,-0.840125
4.36137,-5.9371,1.4219,-0.933177
4.37344,-5.98251,1.40394,-1.03279
4.38659,-6.02789,1.38395,-1.13728
4.40038,-6.07349,1.36374,-1.2445
4.44734,-6.23086,1.29599,-1.87393
4.44734,-6.23086,1.29599,-1.87393
4.44734,-6.23086,1.29599,-1.87393
4.44734,-6.23086,1.29599,-1.87393
4.44734,-6.23086,1.29599,-1.87393
4.44734,-6.23086,1.29599,-1.87393
4.44734,-6.23086,1.29599,-1.87393
4.44734,-6.23086,1.29599,-1.87393
4.44734,-6.23086,1.29599,-1.87393
4.44734,-6.23086,1.29599,-1.87393
4.44734,-6.23086,1.296,-1.87403
4.44734,-6.23086,1.296,-1.87406
4.44735,-6.23086,1.29599,-1.87411
4.44735,-6.23086,1.29599,-1.87416
4.44735,-6.23087,1.29598,-1.87421
4.44735,-6.23088,1.29597,-1.87428
4.44736,-6.23088,1.29596,-1.87434
4.44736,-6.2309,1.29594,-1.87442
4.44737,-6.23091,1.29593,-1.87449
4.44738,-6.23093,1.29592,-1.87457
4.44739,-6.23095,1.29591,-1.87465
4.4474,-6.23098,1.2959,-1.87472
4.44742,-6.23101,1.29589,-1.87479
4.44743,-6.23104,1.29588,-1.87485
4.44745,-6.23109,1.29587,-1.87491
4.44747,-6.23113,1.29586,-1.87497
4.44749,-6.23118,1.29585,-1.87502
4.44751,-6.23124,1.29584,-1.87507
4.44753,-6.2313,1.29583,-1.87511
4.44756,-6.23137,1.29582,-1.87515
4.44758,-6.23145,1.29581,-1.87517
4.4476,-6.23152,1.29581,-1.87517
4.44762,-6.23161,1.2958,-1.87517
4.44764,-6.23169,1.2958,-1.87516
4.44765,-6.23178,1.29579,-1.87513
4.44767,-6.23188,1.29579,-1.87509
4.44767,-6.23197,1.29578,-1.87504
4.44768,-6.23207,1.29578,-1.87497
4.44767,-6.23216,1.29578,-1.87489
4.44766,-6.23226,1.29578,-1.87479
4.44764,-6.23235,1.29578,-1.87467
4.44762,-6.23245,1.29578,-1.87454
4.44758,-6.23254,1.29578,-1.87438
4.44754,-6.23262,1.29579,-1.87421
4.44748,-6.2327,1.29579,-1.87402
4.44741,-6.23278,1.29579,-1.87381
4.44733,-6.23285,1.2958,-1.87358
4.44724,-6.23291,1.2958,-1.87333
4.44713,-6.23296,1.29581,-1.87306
4.44702,-6.233,1.29582,-1.87276
4.44688,-6.23304,1.29583,-1.87244
4.44674,-6.23306,1.29584,-1.87209
4.44658,-6.23307,1.29585,-1.87172
4.4464,-6.23306,1.29587,-1.87133
4.44621,-6.23305,1.29588,-1.87091
4.44601,-6.23302,1.29589,-1.87046
4.44579,-6.23297,1.2959,-1.86998
4.44555,-6.23291,1.29592,-1.86948
4.4453,-6.23284,1.29594,-1.86894
4.44504,-6.23275,1.29595,-1.86837
4.44476,-6.23264,1.29597,-1.86778
4.44447,-6.23252,1.29599,-1.86715
4.44416,-6.23238,1.29601,-1.8665
4.44383,-6.23222,1.29603,-1.86581
4.44349,-6.23204,1.29605,-1.8651
4.44314,-6.23185,1.29607,-1.86435
4.44276,-6.23164,1.29609,-1.86357
4.44238,-6.2314,1.29612,-1.86275
4.44197,-6.23115,1.29614,-1.8619
4.44155,-6.23088,1.29616,-1.86102
4.44112,-6.23059,1.29619,-1.86011
4.44066,-6.23028,1.29621,-1.85917
4.44019,-6.22995,1.29623,-1.85819
4.4397,-6.2296,1.29625,-1.85718
4.4392,-6.22924,1.29628,-1.85615
4.43868,-6.22885,1.2963,-1.85507
4.43814,-6.22844,1.29633,-1.85396
4.43758,-6.22801,1.29636,-1.85282
4.437,-6.22756,1.29639,-1.85164
4.43641,-6.22709,1.29642,-1.85043
4.43579,-6.2266,1.29645,-1.84918
4.43516,-6.22609,1.29648,-1.8479
4.43451,-6.22556,1.29651,-1.84659
4.43384,-6.22501,1.29654,-1.84524
4.43315,-6.22444,1.29657,-1.84387
4.43245,-6.22386,1.29661,-1.84246
4.41028,-6.20491,1.29768,-1.79905
4.37957,-6.17902,1.29903,-1.73489
4.34491,-6.14958,1.30067,-1.65264
4.3088,-6.11757,1.30256,-1.55537
4.27291,-6.08483,1.30454,-1.44625
4.23735,-6.05139,1.30659,-1.32715
4.20127,-6.01685,1.30876,-1.20033
4.16484,-5.98272,1.31093,-1.06816
4.12877,-5.94922,1.31315,-0.931542
4.09275,-5.91559,1.31537,-0.792133
4.05694,-5.8823,1.3176,-0.650427
4.02089,-5.84845,1.31992,-0.506445
3.98394,-5.81409,1.32225,-0.361287
3.94708,-5.78043,1.32452,-0.214971
3.91035,-5.74619,1.32675,-0.067255
3.87312,-5.71166,1.32897,0.0808198
3.73428,-5.58349,1.33381,1.01665
3.73428,-5.58349,1.33381,1.01663
3.73428,-5.58349,1.33381,1.01661
3.73428,-5.58349,1.33381,1.01658
3.73428,-5.58349,1.33381,1.01656
3.73428,-5.58349,1.33381,1.01654
3.73428,-5.58349,1.33381,1.01652
3.73428,-5.58349,1.33381,1.0165
3.73428,-5.58349,1.33381,1.01647
3.73428,-5.58349,1.33381,1.01645
3.73426,-5.58347,1.334,1.01666
3.73425,-5.58346,1.33403,1.01674
3.73423,-5.58345,1.33407,1.01684
3.73422,-5.58344,1.33412,1.01695
3.7342,-5.58342,1.33417,1.01708
3.73418,-5.5834,1.33423,1.01722
3.73415,-5.58338,1.33429,1.01738
3.73412,-5.58335,1.33435,1.01755
3.73408,-5.58332,1.33442,1.01774
3.73403,-5.58328,1.33449,1.01794
3.73398,-5.58324,1.33457,1.01815
3.73392,-5.58319,1.33465,1.01838
3.73385,-5.58314,1.33473,1.01862
3.73377,-5.58308,1.33482,1.01888
3.73368,-5.58302,1.33491,1.01915
3.73258,-5.58232,1.3359,1.02197
3.72315,-5.5794,1.3424,1.03953
3.70186,-5.57894,1.35486,1.07284
3.67047,-5.5828,1.3724,1.12214
3.63411,-5.58966,1.39338,1.18596
3.59479,-5.5974,1.41708,1.26319
3.55355,-5.60552,1.4421,1.35101
3.51223,-5.61379,1.46764,1.44709
3.47057,-5.62185,1.49353,1.54982
3.42909,-5.63003,1.51914,1.657
3.38773,-5.63827,1.54496,1.76814
3.34529,-5.64657,1.57113,1.88263
3.30279,-5.6553,1.59683,1.9986
3.26091,-5.66416,1.6226,2.11619
3.21848,-5.67272,1.64846,2.23503
3.17614,-5.68137,1.67397,2.35411
3.13431,-5.69009,1.69957,2.47366
3.09236,-5.69863,1.72495,2.59307
3.05096,-5.7072,1.7503,2.71238
2.89472,-5.73941,1.83683,-2.86667
2.89472,-5.73941,1.83683,-2.86667
2.89472,-5.73941,1.83683,-2.86667
2.89472,-5.73941,1.83683,-2.86667
2.89472,-5.73941,1.83683,-2.86667
2.89472,-5.73941,1.83683,-2.86667
2.89472,-5.73941,1.83683,-2.86667
2.89472,-5.73941,1.83683,-2.86667
2.89472,-5.73941,1.83683,-2.86667
2.89472,-5.73941,1.83683,-2.86667
2.89471,-5.73941,1.83713,-2.86636
2.8947,-5.73941,1.83718,-2.86629
2.89469,-5.73941,1.83724,-2.86621
2.89468,-5.73941,1.8373,-2.86613
2.89467,-5.73941,1.83736,-2.86604
2.89465,-5.73942,1.83743,-2.86595
2.89463,-5.73942,1.8375,-2.86586
2.89461,-5.73942,1.83757,-2.86577
2.89458,-5.73943,1.83764,-2.86568
2.89455,-5.73943,1.83772,-2.86558
2.89451,-5.73944,1.83779,-2.86549
2.89447,-5.73944,1.83786,-2.86539
2.89442,-5.73945,1.83794,-2.8653
2.89437,-5.73945,1.83801,-2.8652
2.89431,-5.73946,1.83808,-2.86511
2.89425,-5.73946,1.83815,-2.86502
2.89418,-5.73947,1.83822,-2.86493
2.89411,-5.73947,1.83828,-2.86485
2.89403,-5.73948,1.83835,-2.86477
2.89395,-5.73948,1.8384,-2.8647
2.89387,-5.73948,1.83846,-2.86463
2.89379,-5.73948,1.83851,-2.86457
2.8937,-5.73948,1.83856,-2.86452
2.89361,-5.73947,1.8386,-2.86448
2.89352,-5.73946,1.83864,-2.86444
2.89343,-5.73945,1.83868,-2.86441
2.89335,-5.73943,1.8387,-2.8644
2.89326,-5.73941,1.83872,-2.86439
2.89318,-5.73938,1.83874,-2.8644
2.8931,-5.73935,1.83875,-2.86441
2.89303,-5.73931,1.83876,-2.86443
2.89296,-5.73926,1.83875,-2.86447
2.8929,-5.73921,1.83875,-2.86452
2.89285,-5.73914,1.83873,-2.86458
2.89281,-5.73907,1.83871,-2.86465
2.89278,-5.73899,1.83868,-2.86474
2.89276,-5.7389,1.83864,-2.86484
2.89276,-5.7388,1.8386,-2.86495
2.89276,-5.73869,1.83855,-2.86508
2.89278,-5.73856,1.83848,-2.86522
2.89282,-5.73843,1.83842,-2.86537
2.89287,-5.73828,1.83834,-2.86553
2.89294,-5.73812,1.83826,-2.86571
2.89303,-5.73795,1.83816,-2.86591
2.89313,-5.73777,1.83806,-2.86612
2.89325,-5.73757,1.83795,-2.86634
2.89339,-5.73736,1.83784,-2.86659
2.89356,-5.73714,1.83771,-2.86684
2.89374,-5.7369,1.83757,-2.86712
2.89394,-5.73666,1.83743,-2.8674
2.89417,-5.73639,1.83727,-2.86771
2.89441,-5.73611,1.83711,-2.86803
2.89468,-5.73582,1.83694,-2.86836
2.89497,-5.73552,1.83676,-2.86872
2.89528,-5.7352,1.83657,-2.86909
2.89562,-5.73487,1.83637,-2.86949
2.89597,-5.73452,1.83617,-2.86989
2.89635,-5.73416,1.83595,-2.87032
2.89676,-5.73379,1.83572,-2.87076
2.89718,-5.73341,1.83549,-2.87122
2.89763,-5.73301,1.83524,-2.8717
2.8981,-5.73259,1.83499,-2.87219
2.89859,-5.73217,1.83473,-2.87271
2.89911,-5.73173,1.83446,-2.87324
2.89965,-5.73128,1.83419,-2.87379
2.90021,-5.73081,1.8339,-2.87437
2.90079,-5.73033,1.8336,-2.87496
2.9014,-5.72984,1.8333,-2.87557
2.90203,-5.72934,1.83298,-2.87619
2.90268,-5.72883,1.83266,-2.87684
2.90335,-5.7283,1.83233,-2.8775
2.90404,-5.72776,1.832,-2.87818
2.90475,-5.72721,1.83166,-2.87887
2.90549,-5.72665,1.83131,-2.87959
2.90624,-5.72608,1.83095,-2.88032
2.90701,-5.72549,1.83059,-2.88107
2.90781,-5.7249,1.83022,-2.88184
2.90862,-5.72429,1.82984,-2.88262
2.90945,-5.72368,1.82945,-2.88343
2.9103,-5.72305,1.82906,-2.88425
2.91117,-5.72242,1.82866,-2.88509
2.91206,-5.72178,1.82825,-2.88595
2.91296,-5.72112,1.82784,-2.88682
2.91388,-5.72046,1.82742,-2.88771
2.91482,-5.71979,1.827,-2.88863
2.91577,-5.71912,1.82656,-2.88956
2.91674,-5.71843,1.82612,-2.89051
2.91772,-5.71774,1.82568,-2.89148
2.91872,-5.71704,1.82522,-2.89247
2.91973,-5.71633,1.82476,-2.89348
2.92076,-5.71562,1.8243,-2.8945
2.9218,-5.7149,1.82383,-2.89555
2.92285,-5.71417,1.82335,-2.89661
2.92392,-5.71344,1.82287,-2.89769
2.925,-5.7127,1.82238,-2.89879
2.92609,-5.71196,1.82188,-2.89992
2.92719,-5.71121,1.82138,-2.90106
2.93286,-5.70737,1.81877,-2.90704
2.96443,-5.68637,1.80375,-2.944
2.99975,-5.66291,1.78617,-2.99205
3.03695,-5.63817,1.76727,-3.04922
3.07426,-5.61318,1.74764,-3.11399
3.11195,-5.58763,1.72757,3.09816
3.15003,-5.56211,1.70769,3.02282
3.18771,-5.53694,1.68784,2.94408
3.22574,-5.51142,1.66786,2.86254
3.26431,-5.48583,1.64814,2.77946
3.30244,-5.4607,1.62851,2.69529
3.34062,-5.43526,1.60901,2.61041
3.37852,-5.41024,1.58962,2.52535
3.41666,-5.38479,1.56986,2.43961
3.45549,-5.359,1.55012,2.35377
3.49398,-5.33374,1.53052,2.26808
3.62978,-5.24478,1.46273,1.79771
3.62978,-5.24478,1.46273,1.79771
3.62978,-5.24478,1.46273,1.79771
3.62978,-5.24478,1.46273,1.79771
3.62978,-5.24478,1.46273,1.79771
3.62978,-5.24478,1.46273,1.79771
3.62978,-5.24478,1.46273,1.79771
3.62978,-5.24478,1.46273,1.79771
3.62978,-5.24478,1.46273,1.79771
3.62978,-5.24478,1.46273,1.79771
3.62978,-5.24478,1.46272,1.7976
3.62978,-5.24478,1.46271,1.79757
3.62979,-5.24478,1.4627,1.79753
3.62979,-5.24477,1.46269,1.79749
3.6298,-5.24477,1.46268,1.79745
3.62981,-5.24476,1.46267,1.79741
3.62982,-5.24476,1.46266,1.79737
3.62984,-5.24475,1.46265,1.79733
3.62986,-5.24473,1.46264,1.79729
3.62988,-5.24472,1.46263,1.79726
3.62991,-5.2447,1.46261,1.79723
3.62994,-5.24468,1.4626,1.7972
3.62997,-5.24465,1.46258,1.79717
3.63002,-5.24462,1.46257,1.79714
3.63006,-5.24458,1.46256,1.79713
3.63011,-5.24454,1.46255,1.79712
3.63017,-5.24449,1.46254,1.79711
3.63023,-5.24443,1.46252,1.79712
3.6303,-5.24436,1.46251,1.79713
3.63037,-5.24428,1.46251,1.79715
3.63044,-5.2442,1.4625,1.79718
3.63053,-5.2441,1.46248,1.79721
3.63061,-5.24399,1.46248,1.79726
3.6307,-5.24387,1.46247,1.79731
3.63079,-5.24373,1.46247,1.79738
3.63088,-5.24359,1.46246,1.79746
3.63098,-5.24342,1.46246,1.79755
3.63108,-5.24324,1.46246,1.79765
3.63296,-5.23282,1.46277,1.80462
3.63135,-5.20743,1.46395,1.82354
3.62502,-5.17178,1.46609,1.85553
3.61542,-5.13023,1.46921,1.90135
3.60381,-5.08467,1.47314,1.95951
3.5915,-5.03823,1.47738,2.02775
3.57948,-4.99144,1.48178,2.10475
3.56731,-4.94336,1.48634,2.18862
3.55478,-4.8954,1.49086,2.27741
3.54243,-4.84756,1.49543,2.37037
3.52983,-4.79911,1.50001,2.46608
3.51708,-4.75134,1.50455,2.56349
3.50464,-4.70366,1.50911,2.66231
3.49208,-4.65613,1.51361,2.76154
3.47967,-4.6089,1.51812,2.86139
3.46719,-4.56086,1.5227,2.96191
3.45434,-4.51255,1.52724,3.06234
3.44155,-4.46486,1.5318,-3.12029
3.42894,-4.41637,1.53642,-3.01921
3.4164,-4.3691,1.54011,-2.91874
3.40867,-4.33592,1.54019,-2.81914
3.41344,-4.3262,1.53605,-2.72188
3.43132,-4.33587,1.52817,-2.62716
3.45772,-4.35869,1.51746,-2.53426
3.48784,-4.38912,1.50507,-2.44324
3.51819,-4.42262,1.49181,-2.35417
3.54815,-4.45798,1.47806,-2.2664
3.57776,-4.49391,1.46423,-2.18021
3.60753,-4.53007,1.45013,-2.09467
3.638,-4.56714,1.43594,-2.0096
3.66871,-4.60394,1.42194,-1.92534
3.69938,-4.64042,1.40795,-1.84133
3.73021,-4.67742,1.39407,-1.75761
3.76077,-4.71392,1.38036,-1.6744
3.79134,-4.75043,1.36658,-1.59105
3.82221,-4.78753,1.35292,-1.50796
3.85289,-4.82405,1.33916,-1.42487
3.88387,-4.86116,1.32516,-1.34135
3.91518,-4.8986,1.3113,-1.25809
3.94541,-4.93405,1.30085,-1.16499
3.97275,-4.96201,1.29435,-1.03885
3.99439,-4.97736,1.28822,-0.890447
4.00298,-4.98054,1.28322,-0.723206
3.99726,-4.98291,1.28023,-0.550653
3.99158,-4.99125,1.27912,-0.39219
3.99283,-4.99869,1.27912,-0.267536
3.99597,-5.00188,1.27949,-0.191678
3.99853,-5.00217,1.28006,-0.16842
4.0001,-5.0014,1.28028,-0.195063
4.0008,-5.0006,1.28021,-0.265261
4.00088,-5.00011,1.27995,-0.369414
4.00066,-4.99992,1.27994,-0.495619
4.00041,-4.99991,1.28082,-0.619656
4.00026,-5,1.28162,-0.715705
4.00022,-5.0001,1.282,-0.766832
4.00023,-5.00015,1.28199,-0.769396
4.00025,-5.00016,1.28156,-0.724973
4.00026,-5.00015,1.28103,-0.639972
4.00028,-5.00013,1.28055,-0.523882
4.00031,-5.0001,1.27974,-0.384204
4.00034,-5.00005,1.27879,-0.226955
4.00036,-4.99999,1.27788,-0.0576991
4.00036,-4.99993,1.27835,0.113599
4.00034,-4.99988,1.27911,0.270262
4.00032,-4.99986,1.27922,0.419975
4.0003,-4.99983,1.27897,0.569053
4.00028,-4.99979,1.27854,0.719806
4.00024,-4.99975,1.27809,0.874336
4.00019,-4.99972,1.27767,1.03377
4.00013,-4.99969,1.27732,1.19738
4.00008,-4.99967,1.27702,1.36501
4.00002,-4.99965,1.27678,1.53628
3.99995,-4.99965,1.27658,1.71035
3.99989,-4.99966,1.27656,1.88578
3.99984,-4.99968,1.27736,2.0501
3.9998,-4.99971,1.27845,2.1842
3.9998,-4.99973,1.27917,2.27402
3.9998,-4.99975,1.27958,2.31492
3.99981,-4.99975,1.27977,2.30694
3.99982,-4.99974,1.27981,2.25664
3.99984,-4.99972,1.27959,2.17167
3.99987,-4.9997,1.27927,2.05901
3.9999,-4.99968,1.279,1.92585
3.99994,-4.99967,1.27852,1.7781
3.99999,-4.99966,1.2784,1.6225
4.00004,-4.99966,1.27926,1.47874
4.00007,-4.99967,1.28026,1.37023
4.00007,-4.99968,1.28084,1.31098
4.00007,-4.99969,1.28103,1.30368
4.00005,-4.99969,1.28093,1.34609
4.00002,-4.99968,1.28062,1.43055
3.99998,-4.99967,1.2801,1.54686
3.99994,-4.99967,1.27945,1.68737
3.99988,-4.99968,1.2788,1.84499
3.99982,-4.99969,1.27799,2.01479
3.99976,-4.99972,1.2772,2.19271
3.99971,-4.99977,1.27647,2.37667
3.99966,-4.99982,1.27573,2.56514
3.99962,-4.9999,1.27512,2.75631
3.99959,-4.99999,1.27479,2.94818
3.99957,-5.0001,1.27473,3.1393
3.9996,-5.0002,1.27466,-2.95196
3.99966,-5.00027,1.27452,-2.75907
3.99972,-5.00028,1.27438,-2.5656
3.99975,-5.00029,1.27423,-2.37167
3.99977,-5.00034,1.27408,-2.17738
3.99984,-5.00042,1.27397,-1.98289
3.99996,-5.00046,1.27388,-1.78823
4.00009,-5.00043,1.2738,-1.59344
4.00016,-5.00035,1.27373,-1.39855
4.00017,-5.00029,1.27365,-1.20359
4.0002,-5.00031,1.27359,-1.0086
4.00029,-5.00033,1.27393,-0.815153
4.0004,-5.00027,1.2753,-0.634445
4.00041,-5.00018,1.27731,-0.486817
4.00037,-5.00012,1.27923,-0.391804
4.00033,-5.00011,1.2807,-0.356885
4.00029,-5.00013,1.28138,-0.381089
4.00027,-5.00016,1.28141,-0.456663
4.00025,-5.0002,1.2812,-0.571529
4.00023,-5.00025,1.28038,-0.71485
4.00019,-5.0003,1.27925,-0.878171
4.00014,-5.00035,1.2781,-1.05439
4.00007,-5.00038,1.27746,-1.23606
4.00001,-5.00039,1.2777,-1.40939
3.99997,-5.00037,1.2784,-1.55726
3.99996,-5.00034,1.27904,-1.66396
3.99997,-5.00033,1.27945,-1.72089
3.99997,-5.00032,1.27983,-1.72966
3.99999,-5.00032,1.28057,-1.69087
4.00001,-5.00032,1.28125,-1.60436
4.00006,-5.00033,1.28127,-1.47945
4.00012,-5.00033,1.28053,-1.32644
4.0002,-5.00031,1.27957,-1.15584
4.0003,-5.00027,1.27841,-0.9753
4.00036,-5.00021,1.27792,-0.793409
4.00036,-5.00015,1.27817,-0.625533
4.00034,-5.00013,1.27885,-0.489431
4.00031,-5.00013,1.27939,-0.399471
4.0003,-5.00013,1.27976,-0.359551
4.00029,-5.00014,1.28099,-0.352902
4.00028,-5.00014,1.28178,-0.351639
4.00029,-5.00013,1.28194,-0.336069
4.00029,-5.00011,1.28155,-0.295889
4.0003,-5.00008,1.28088,-0.229905
4.00031,-5.00005,1.28116,-0.144625
4.00032,-5.00002,1.28331,-0.0866348
4.00032,-5.00002,1.2838,-0.0770505
4.00031,-5.00004,1.28339,-0.115136
4.00031,-5.00007,1.28253,-0.194142
4.0003,-5.00011,1.28136,-0.307393
4.00029,-5.00016,1.28023,-0.4459
4.00027,-5.00022,1.27907,-0.602764
4.00023,-5.00027,1.27795,-0.773062
4.00018,-5.00032,1.27697,-0.952304
4.00012,-5.00036,1.27609,-1.13761
4.00005,-5.00039,1.2755,-1.32662
3.99996,-5.0004,1.27628,-1.50871
3.99985,-5.00044,1.27714,-1.67905
3.99967,-5.00048,1.27795,-1.83872
3.99939,-5.00048,1.27879,-1.98561
3.99904,-5.00037,1.27962,-2.11823
3.99866,-5.00007,1.28032,-2.23366
3.99832,-4.99954,1.28104,-2.32688
3.99809,-4.99879,1.28162,-2.39535
3.99795,-4.99788,1.28198,-2.43288
3.99772,-4.99693,1.2821,-2.43387
3.99706,-4.99629,1.28199,-2.39517
3.99578,-4.99672,1.2821,-2.32463
3.99426,-4.99908,1.28209,-2.24508
3.99335,-5.00384,1.28199,-2.17519
3.99379,-5.01105,1.28181,-2.12666
3.99555,-5.02061,1.28164,-2.10557
3.99685,-5.03226,1.28145,-2.11956
3.99279,-5.04428