-1.07747,0.335607,0.995846,-0.761527,15.8078,-0.366143,-0.366747,1.02242,-3.08573,0
-1.72722,-0.401083,1.18323,1.03508,15.8258,-1.07747,0.335607,0.995846,-0.761527,15.8078
-2.55614,-0.960318,1.17086,3.03678,15.4706,-1.72722,-0.401083,1.18323,1.03508,15.8258
-3.12169,-1.77654,1.05279,-2.68163,15.3559,-2.55614,-0.960318,1.17086,3.03678,15.4706
-3.9302,-1.60521,1.61577,2.48445,14.525,-3.12169,-1.77654,1.05279,-2.68163,15.3559
-4.91006,-1.51861,1.43582,0.0676508,13.5973,-3.9302,-1.60521,1.61577,2.48445,14.525
-5.19707,-2.29871,1.99176,-0.619477,13.5365,-4.91006,-1.51861,1.43582,0.0676508,13.5973
-5.61012,-0.878222,1.75176,0.100882,12.6895,-4.91006,-1.51861,1.43582,0.0676508,13.5973
-5.69183,0.115397,1.82951,3.11071,12.1829,-5.61012,-0.878222,1.75176,0.100882,12.6895
-2.81409,-2.72037,1.1735,-1.71808,15.9859,-3.12169,-1.77654,1.05279,-2.68163,15.3559
-5.36088,-3.19251,2.40922,1.0629,13.5359,-5.19707,-2.29871,1.99176,-0.619477,13.5365
-5.86995,1.09252,1.94569,1.62918,11.5359,-5.69183,0.115397,1.82951,3.11071,12.1829
-2.63226,-3.61016,1.59208,-1.53717,16.3711,-2.81409,-2.72037,1.1735,-1.71808,15.9859
-6.46383,-1.03808,1.25616,-0.548506,11.9816,-5.61012,-0.878222,1.75176,0.100882,12.6895
-6.3382,-1.80257,1.58012,-1.21196,12.3364,-6.46383,-1.03808,1.25616,-0.548506,11.9816
-5.00002,-4.07083,2.09563,-2.79989,14.0593,-5.36088,-3.19251,2.40922,1.0629,13.5359
-3.41137,-0.69956,1.27209,-1.82511,14.6003,-2.55614,-0.960318,1.17086,3.03678,15.4706
-2.67545,-4.59579,1.75537,-0.297198,16.4431,-2.63226,-3.61016,1.59208,-1.53717,16.3711
-6.11455,-3.78392,2.69598,-1.43982,12.8457,-5.36088,-3.19251,2.40922,1.0629,13.5359
-5.28183,1.90078,1.97467,-0.835443,11.5662,-5.86995,1.09252,1.94569,1.62918,11.5359
-1.6767,-4.60139,1.70575,2.56415,17.439,-2.67545,-4.59579,1.75537,-0.297198,16.4431
-5.23004,2.89915,1.95037,1.74023,10.9875,-5.28183,1.90078,1.97467,-0.835443,11.5662
-0.68674,-4.6709,1.58267,1.42554,18.439,-1.6767,-4.60139,1.70575,2.56415,17.439
-4.45001,2.84978,1.32658,2.01268,11.6351,-5.23004,2.89915,1.95037,1.74023,10.9875
-5.06429,1.19939,1.4149,-2.28247,12.1839,-5.28183,1.90078,1.97467,-0.835443,11.5662
-5.83901,-3.13368,2.17296,2.34315,13.0903,-5.36088,-3.19251,2.40922,1.0629,13.5359
-0.814351,-4.24003,1.63278,-0.521083,18.2584,-0.68674,-4.6709,1.58267,1.42554,18.439
-5.94836,1.93119,1.6478,-0.70408,11.0311,-5.28183,1.90078,1.97467,-0.835443,11.5662
-4.09995,-4.50601,2.0736,2.44083,14.9876,-5.00002,-4.07083,2.09563,-2.79989,14.0593
-4.38455,-5.39285,1.70959,1.39212,14.7496,-4.09995,-4.50601,2.0736,2.44083,14.9876
-0.765757,-5.65888,1.44979,-2.60767,18.3412,-0.68674,-4.6709,1.58267,1.42554,18.439
-6.43246,-3.40593,1.41553,-2.9796,12.6115,-5.83901,-3.13368,2.17296,2.34315,13.0903
0.178022,-5.95882,1.58879,2.66511,19.1891,-0.765757,-5.65888,1.44979,-2.60767,18.3412
-0.197197,-6.51203,0.845028,-1.27783,18.7093,0.178022,-5.95882,1.58879,2.66511,19.1891
-6.71557,-4.29975,1.06777,0.542662,12.4346,-6.43246,-3.40593,1.41553,-2.9796,12.6115
-4.78602,-6.1328,1.16985,2.34947,14.3129,-4.38455,-5.39285,1.70959,1.39212,14.7496
-1.23517,-1.26274,1.05904,-2.16367,16.7407,-1.72722,-0.401083,1.18323,1.03508,15.8258
-3.80982,-6.17958,0.958057,0.742693,15.2747,-4.78602,-6.1328,1.16985,2.34947,14.3129
-1.48281,-2.20611,0.8383,-1.36536,17.0175,-1.23517,-1.26274,1.05904,-2.16367,16.7407
-5.80416,3.60509,1.5356,-1.05838,10.1174,-5.23004,2.89915,1.95037,1.74023,10.9875
-6.17325,4.3468,0.975567,2.05027,9.35812,-5.80416,3.60509,1.5356,-1.05838,10.1174
-6.70808,1.9066,0.998019,-0.329166,10.431,-5.94836,1.93119,1.6478,-0.70408,11.0311
-1.51602,-6.24969,1.15305,-0.619406,17.5154,-0.765757,-5.65888,1.44979,-2.60767,18.3412
-2.28286,-4.53539,0.926798,-1.25275,16.8728,-2.67545,-4.59579,1.75537,-0.297198,16.4431
-6.74071,-1.42731,2.41508,0.325688,11.7658,-6.3382,-1.80257,1.58012,-1.21196,12.3364
-5.06146,-3.84379,1.12369,0.158945,14.0375,-5.00002,-4.07083,2.09563,-2.79989,14.0593
-6.58117,-1.89644,2.52856,-1.73144,12.0409,-6.74071,-1.42731,2.41508,0.325688,11.7658
-0.745372,-4.97489,0.820362,-1.52786,18.4244,-0.68674,-4.6709,1.58267,1.42554,18.439
-6.24319,3.23181,1.07876,-1.97743,10.032,-5.80416,3.60509,1.5356,-1.05838,10.1174
-1.13948,-3.84192,0.774994,2.90895,17.9001,-0.814351,-4.24003,1.63278,-0.521083,18.2584
-6.01819,4.25159,2.26788,-1.13293,9.47788,-5.80416,3.60509,1.5356,-1.05838,10.1174
-3.28762,-2.24767,1.32736,0.677734,15.3763,-3.12169,-1.77654,1.05279,-2.68163,15.3559
-3.57451,-2.8152,1.71581,1.56246,15.2575,-3.28762,-2.24767,1.32736,0.677734,15.3763
-1.55526,-6.61825,0.884314,-2.59472,17.3859,-1.51602,-6.24969,1.15305,-0.619406,17.5154
-6.81435,0.998435,2.26072,-3.02016,10.7426,-5.86995,1.09252,1.94569,1.62918,11.5359
-5.74577,-6.41197,1.20057,2.79624,13.3237,-4.78602,-6.1328,1.16985,2.34947,14.3129
-4.5828,-3.92554,1.06612,2.65645,14.5232,-5.06146,-3.84379,1.12369,0.158945,14.0375
-3.48038,-6.14925,1.78263,2.56551,15.5648,-3.80982,-6.17958,0.958057,0.742693,15.2747
-6.48072,-6.41132,1.87869,-1.28177,12.5615,-5.74577,-6.41197,1.20057,2.79624,13.3237
-1.15283,-4.56418,1.73842,-0.325972,17.9496,-0.814351,-4.24003,1.63278,-0.521083,18.2584
-6.7697,-0.231047,1.76128,2.63668,11.3703,-6.46383,-1.03808,1.25616,-0.548506,11.9816
-5.11846,1.3454,1.55597,2.43804,12.0503,-5.06429,1.19939,1.4149,-2.28247,12.1839
-5.53541,-2.94011,1.51059,-2.20597,13.4045,-5.83901,-3.13368,2.17296,2.34315,13.0903
-1.49041,-6.72679,2.03152,2.72099,17.326,-1.51602,-6.24969,1.15305,-0.619406,17.5154
-4.4691,-6.46993,1.68969,2.65504,14.5499,-4.78602,-6.1328,1.16985,2.34947,14.3129
-6.40697,-1.04637,1.62668,2.19512,12.023,-6.46383,-1.03808,1.25616,-0.548506,11.9816
-1.09501,-1.26501,0.678985,0.380238,16.8477,-1.23517,-1.26274,1.05904,-2.16367,16.7407
-2.43665,-6.81361,1.77116,0.454822,16.4417,-1.49041,-6.72679,2.03152,2.72099,17.326
-5.48846,0.238563,1.94213,0.5826,12.2939,-5.69183,0.115397,1.82951,3.11071,12.1829
-4.95653,-6.17814,1.12468,-1.2123,14.1387,-4.78602,-6.1328,1.16985,2.34947,14.3129
-3.48822,-5.21495,1.39202,-0.920562,15.6717,-4.38455,-5.39285,1.70959,1.39212,14.7496
-1.80642,-5.92708,1.82018,-0.944811,17.2364,-1.51602,-6.24969,1.15305,-0.619406,17.5154
-2.34823,0.291721,0.816673,2.27643,14.9067,-1.72722,-0.401083,1.18323,1.03508,15.8258
-2.89202,-6.33884,1.03138,-0.810822,16.1523,-3.80982,-6.17958,0.958057,0.742693,15.2747
-5.32595,-5.45707,0.538508,-0.0949049,13.8247,-4.95653,-6.17814,1.12468,-1.2123,14.1387
-2.1891,-5.86629,1.65813,-2.34788,16.8893,-1.80642,-5.92708,1.82018,-0.944811,17.2364
-4.56332,-4.63155,2.51644,2.90646,14.4689,-4.09995,-4.50601,2.0736,2.44083,14.9876
-0.539006,-6.55889,1.45037,-0.444604,18.3529,-0.197197,-6.51203,0.845028,-1.27783,18.7093
-5.37934,-2.29169,1.79815,1.64791,13.3782,-5.19707,-2.29871,1.99176,-0.619477,13.5365
-0.410345,-3.21536,0.746149,1.02443,18.4088,-1.13948,-3.84192,0.774994,2.90895,17.9001
-5.45893,2.06136,1.35389,0.844373,11.364,-5.94836,1.93119,1.6478,-0.70408,11.0311
-0.973484,-5.5554,1.99558,1.70822,18.0708,-0.765757,-5.65888,1.44979,-2.60767,18.3412
-5.70616,-5.10068,0.515479,-2.03929,13.4545,-5.32595,-5.45707,0.538508,-0.0949049,13.8247
-5.32175,-4.84438,2.40212,-2.3263,13.7454,-4.56332,-4.63155,2.51644,2.90646,14.4689
-5.15525,-3.15179,1.02365,1.97625,13.8333,-5.53541,-2.94011,1.51059,-2.20597,13.4045
-5.71436,2.70691,2.03475,2.23951,10.7299,-5.23004,2.89915,1.95037,1.74023,10.9875
-4.60932,-0.81749,1.08714,0.0387904,13.6014,-4.91006,-1.51861,1.43582,0.0676508,13.5973
-6.09251,1.28695,1.14462,-0.309441,11.2819,-5.94836,1.93119,1.6478,-0.70408,11.0311
-4.07186,1.15077,1.52767,2.95834,13.0113,-5.06429,1.19939,1.4149,-2.28247,12.1839
-1.97455,-5.57326,1.77482,2.74711,17.1215,-2.1891,-5.86629,1.65813,-2.34788,16.8893
-1.91691,-4.66047,1.54747,2.40019,17.2214,-1.6767,-4.60139,1.70575,2.56415,17.439
-3.08417,-3.7582,0.853522,-1.46291,15.9796,-2.63226,-3.61016,1.59208,-1.53717,16.3711
-6.71911,-4.99443,0.903064,0.945558,12.4537,-6.71557,-4.29975,1.06777,0.542662,12.4346
-5.76177,-2.07147,2.08609,0.615453,12.924,-5.37934,-2.29169,1.79815,1.64791,13.3782
-3.62342,-0.872816,1.3193,1.09133,14.4985,-3.41137,-0.69956,1.27209,-1.82511,14.6003
-5.61864,-5.32445,1.88824,-1.39502,13.5082,-5.32175,-4.84438,2.40212,-2.3263,13.7454
-5.93154,-0.734642,0.943219,-1.36485,12.3644,-6.46383,-1.03808,1.25616,-0.548506,11.9816
-4.03775,-3.17549,0.768626,2.36669,14.9278,-4.5828,-3.92554,1.06612,2.65645,14.5232
-3.86911,-0.856976,1.47848,0.437414,14.2673,-3.62342,-0.872816,1.3193,1.09133,14.4985
-2.16509,-6.07708,1.16692,-0.281389,16.9126,-2.1891,-5.86629,1.65813,-2.34788,16.8893
-1.68038,-2.88412,1.31301,0.976259,17.1035,-1.48281,-2.20611,0.8383,-1.36536,17.0175
-3.04548,0.58038,1.0882,-0.585798,14.1851,-2.34823,0.291721,0.816673,2.27643,14.9067
-6.72852,0.353319,2.2801,-0.990152,11.1152,-6.81435,0.998435,2.26072,-3.02016,10.7426
-6.78311,-5.53974,2.26458,1.18415,12.3028,-6.48072,-6.41132,1.87869,-1.28177,12.5615
-2.14349,-1.09092,1.02226,0.25991,15.8915,-2.55614,-0.960318,1.17086,3.03678,15.4706
-3.63246,-6.36362,1.51796,2.66043,15.4027,-3.48038,-6.14925,1.78263,2.56551,15.5648
-1.99032,-2.48845,0.984455,0.732618,16.6777,-1.48281,-2.20611,0.8383,-1.36536,17.0175
-6.51307,2.19509,1.09277,-2.42351,10.4335,-6.70808,1.9066,0.998019,-0.329166,10.431
-2.18384,-6.73537,0.727258,-2.12962,16.7447,-1.55526,-6.61825,0.884314,-2.59472,17.3859
-4.22794,2.63617,0.887261,-0.939815,11.9473,-4.45001,2.84978,1.32658,2.01268,11.6351
-5.27496,-5.50677,2.16163,1.24146,13.8121,-5.61864,-5.32445,1.88824,-1.39502,13.5082
-4.57335,0.897588,1.02408,-1.48505,12.7673,-5.06429,1.19939,1.4149,-2.28247,12.1839
-4.73674,2.95546,2.0234,-0.374824,11.3129,-5.23004,2.89915,1.95037,1.74023,10.9875
-2.9752,-0.679292,1.32512,-0.552684,14.9618,-3.41137,-0.69956,1.27209,-1.82511,14.6003
-0.992625,-1.89501,0.719501,2.45271,17.2872,-1.48281,-2.20611,0.8383,-1.36536,17.0175
-3.20262,-0.508745,0.890492,1.06094,14.6844,-3.41137,-0.69956,1.27209,-1.82511,14.6003
-4.66436,2.69699,1.27995,-0.944115,11.5805,-4.45001,2.84978,1.32658,2.01268,11.6351
-4.65445,-4.51967,0.748326,1.27152,14.5018,-4.5828,-3.92554,1.06612,2.65645,14.5232
-3.89345,-1.18744,1.47541,1.3712,14.3944,-3.86911,-0.856976,1.47848,0.437414,14.2673
-5.64408,0.0431164,0.719159,-2.22529,12.2866,-5.93154,-0.734642,0.943219,-1.36485,12.3644
-5.34663,-5.44798,0.813103,0.867109,13.814,-5.32595,-5.45707,0.538508,-0.0949049,13.8247
-6.63812,-4.53424,1.2714,-1.18052,12.5215,-6.71557,-4.29975,1.06777,0.542662,12.4346
-6.27001,-0.343147,1.02498,0.400842,11.8967,-5.93154,-0.734642,0.943219,-1.36485,12.3644
-0.384273,-3.98324,0.837741,0.759885,18.6697,-1.13948,-3.84192,0.774994,2.90895,17.9001
-6.57012,-0.26967,1.35891,-2.74124,11.5874,-6.7697,-0.231047,1.76128,2.63668,11.3703
-1.54909,-5.55981,1.13727,-2.21996,17.5943,-1.51602,-6.24969,1.15305,-0.619406,17.5154
-0.928382,0.017579,0.992747,-0.353872,16.1401,-1.07747,0.335607,0.995846,-0.761527,15.8078
-1.51024,-1.00146,1.01675,-0.601595,16.3651,-1.23517,-1.26274,1.05904,-2.16367,16.7407
-6.76258,-3.28723,0.47908,-1.32127,12.2628,-6.43246,-3.40593,1.41553,-2.9796,12.6115
-6.7828,-3.49447,1.0846,0.715589,12.2855,-6.43246,-3.40593,1.41553,-2.9796,12.6115
-6.19142,-0.963602,0.837586,-0.799863,12.2104,-5.93154,-0.734642,0.943219,-1.36485,12.3644
-3.4584,-0.582751,0.995453,0.679489,14.5049,-3.20262,-0.508745,0.890492,1.06094,14.6844
-6.73114,-2.21607,2.24291,1.72742,12.0174,-6.58117,-1.89644,2.52856,-1.73144,12.0409
-2.19167,-5.18618,0.877965,2.56238,16.9776,-2.28286,-4.53539,0.926798,-1.25275,16.8728
-5.94059,-2.75876,2.14768,-1.53021,12.9187,-5.83901,-3.13368,2.17296,2.34315,13.0903
-4.91166,-5.70648,0.80642,2.81043,14.2315,-5.34663,-5.44798,0.813103,0.867109,13.814
-1.06235,-6.46262,2.0719,1.27797,17.7959,-1.49041,-6.72679,2.03152,2.72099,17.326
-6.64873,4.52397,2.18194,-2.04783,8.83804,-6.01819,4.25159,2.26788,-1.13293,9.47788
-6.57195,4.54452,1.26157,0.0886665,8.92782,-6.17325,4.3468,0.975567,2.05027,9.35812
-0.126758,-4.732,0.753507,-3.07642,19.0305,-0.745372,-4.97489,0.820362,-1.52786,18.4244
-4.80688,-5.59949,1.44919,-1.35171,14.3346,-4.38455,-5.39285,1.70959,1.39212,14.7496
-2.02375,-5.48052,1.60401,1.30116,17.1003,-1.97455,-5.57326,1.77482,2.74711,17.1215
-0.46199,-2.61357,1.10347,2.47872,18.1121,-0.410345,-3.21536,0.746149,1.02443,18.4088
-5.17088,-1.78917,1.78769,1.35177,13.4247,-4.91006,-1.51861,1.43582,0.0676508,13.5973
-6.45842,2.59959,1.70157,-1.49279,10.2263,-6.51307,2.19509,1.09277,-2.42351,10.4335
-0.828386,-1.82611,0.984585,-1.90681,17.3951,-0.992625,-1.89501,0.719501,2.45271,17.2872
-6.17237,1.65722,0.840622,0.66505,11.0151,-6.09251,1.28695,1.14462,-0.309441,11.2819
-2.72592,-0.0873703,1.27933,0.0749436,14.8396,-2.9752,-0.679292,1.32512,-0.552684,14.9618
-2.67205,1.47567,0.845293,2.043,13.8741,-3.04548,0.58038,1.0882,-0.585798,14.1851
-5.86887,-5.54655,0.860474,2.06936,13.2883,-5.34663,-5.44798,0.813103,0.867109,13.814
-0.0553223,-4.35597,0.897995,-0.605008,19.0659,-0.126758,-4.732,0.753507,-3.07642,19.0305
-1.22155,-0.406889,0.849109,-2.81095,16.2174,-0.928382,0.017579,0.992747,-0.353872,16.1401
-3.64899,-5.86373,0.989588,2.46727,15.4757,-3.80982,-6.17958,0.958057,0.742693,15.2747
-4.06655,-5.43467,1.79991,2.13025,15.0555,-4.38455,-5.39285,1.70959,1.39212,14.7496
-4.84031,-3.71748,2.01619,-2.9955,14.1828,-5.00002,-4.07083,2.09563,-2.79989,14.0593
-6.35691,-0.622676,1.81295,0.42093,11.9,-6.40697,-1.04637,1.62668,2.19512,12.023
-2.22067,-3.78268,1.21407,0.550522,16.831,-2.63226,-3.61016,1.59208,-1.53717,16.3711
-4.10664,-4.92803,1.63554,1.59615,15.0414,-4.06655,-5.43467,1.79991,2.13025,15.0555
-5.18671,-0.380305,0.918922,-0.835847,12.8901,-5.64408,0.0431164,0.719159,-2.22529,12.2866
-6.78697,3.99669,0.98002,2.64177,9.12692,-6.57195,4.54452,1.26157,0.0886665,8.92782
-5.98285,2.701,1.79364,1.32239,10.5403,-5.71436,2.70691,2.03475,2.23951,10.7299
-6.23049,-1.7524,1.1249,3.00233,12.4389,-6.3382,-1.80257,1.58012,-1.21196,12.3364
-4.35826,-4.10505,2.49829,1.57588,14.6347,-4.56332,-4.63155,2.51644,2.90646,14.4689
-4.70322,-2.59228,1.79664,1.5912,14.1081,-5.19707,-2.29871,1.99176,-0.619477,13.5365
-4.4416,3.17988,1.25318,-2.92863,11.4159,-4.45001,2.84978,1.32658,2.01268,11.6351
-3.95789,2.22291,1.13475,-2.49305,12.4254,-4.22794,2.63617,0.887261,-0.939815,11.9473
-4.85796,-4.3739,1.61656,-1.50625,14.2718,-5.00002,-4.07083,2.09563,-2.79989,14.0593
-2.48749,-4.8439,1.41838,1.07591,16.6704,-2.67545,-4.59579,1.75537,-0.297198,16.4431
-5.72081,4.06561,0.94779,1.91239,9.88108,-6.17325,4.3468,0.975567,2.05027,9.35812
-3.8128,0.0578577,1.27936,-0.985308,13.862,-3.4584,-0.582751,0.995453,0.679489,14.5049
-2.04193,-6.68677,1.49408,-1.33225,16.8809,-2.43665,-6.81361,1.77116,0.454822,16.4417
-5.48318,2.41354,1.06115,2.05141,11.136,-5.45893,2.06136,1.35389,0.844373,11.364
-6.52646,4.31603,0.907413,-2.97719,9.11611,-6.17325,4.3468,0.975567,2.05027,9.35812
-5.67209,-3.69348,1.4713,1.86749,13.4019,-5.06146,-3.84379,1.12369,0.158945,14.0375
-5.61865,-5.49576,2.66367,-2.06129,13.3992,-5.27496,-5.50677,2.16163,1.24146,13.8121
-6.09708,-4.81065,0.767437,3.10953,13.0717,-5.70616,-5.10068,0.515479,-2.03929,13.4545
-5.87255,-5.39895,1.80906,-2.73311,13.2596,-5.61864,-5.32445,1.88824,-1.39502,13.5082
-4.88303,-0.0211913,1.26972,2.05713,12.9865,-5.18671,-0.380305,0.918922,-0.835847,12.8901
-5.69411,-5.10301,2.06653,-0.561704,13.4201,-5.61864,-5.32445,1.88824,-1.39502,13.5082
-3.82203,-4.74662,1.22565,-1.63422,15.3439,-4.10664,-4.92803,1.63554,1.59615,15.0414
-4.5307,-0.413004,1.05562,0.352911,13.4874,-4.60932,-0.81749,1.08714,0.0387904,13.6014
-1.49808,-0.317441,0.560252,-1.09991,15.938,-1.22155,-0.406889,0.849109,-2.81095,16.2174
-2.28861,-0.228092,1.05519,2.46591,15.2789,-2.72592,-0.0873703,1.27933,0.0749436,14.8396
-6.55591,0.6699,1.17455,2.62155,11.1897,-6.09251,1.28695,1.14462,-0.309441,11.2819
-6.62736,4.1697,1.42209,2.46324,9.13038,-6.57195,4.54452,1.26157,0.0886665,8.92782
-5.80592,-1.38954,0.724235,0.782434,12.7202,-6.19142,-0.963602,0.837586,-0.799863,12.2104
-3.43168,-6.69844,1.03936,-2.25123,15.5499,-3.63246,-6.36362,1.51796,2.66043,15.4027
-2.55231,-4.81242,1.52775,-1.16466,16.5971,-2.48749,-4.8439,1.41838,1.07591,16.6704
-4.50879,0.544113,1.33108,-0.204641,13.0122,-4.57335,0.897588,1.02408,-1.48505,12.7673
-6.3155,-2.38336,1.0061,1.83425,12.5311,-6.23049,-1.7524,1.1249,3.00233,12.4389
-3.95674,-5.32945,0.866681,2.45847,15.2086,-3.64899,-5.86373,0.989588,2.46727,15.4757
-4.40247,-1.77045,1.42127,0.303709,14.1617,-3.9302,-1.60521,1.61577,2.48445,14.525
-4.86769