-2,2.00012,0.140651,-8.71788e-05
-2,1.99988,0.141769,-0.000130902
-2,2,0.1417,-0.000172324
-2,2.00012,0.140651,-0.000213617
-2,2.00012,0.141769,-0.000252346
-2,2,0.1417,-0.00029336
-2,1.99988,0.140652,-0.00033428
-2,2,0.1417,-0.00037043
-2,2,0.1417,-0.00041366
-2,2.00012,0.140652,-0.000454429
-2,2.00012,0.141769,-0.000492666
-2,2,0.1417,-0.000533158
-2,1.99988,0.140652,-0.00057356
-2,1.99988,0.141769,-0.000611555
-2,2,0.1417,-0.000651931
-2,2.00012,0.140652,-0.000692185
-2,2.00012,0.141769,-0.000729939
-2,2,0.1417,-0.000769919
-2,1.99988,0.140651,-0.000809812
-2,1.99916,0.173223,-0.000777925
-2.00001,1.99779,0.255731,-0.000694605
-2,1.99782,0.344011,-0.000587018
-2,1.99846,0.416712,-0.000474851
-2,1.99915,0.46832,-0.00037083
-2,1.99962,0.500894,-0.000278846
-2,1.99985,0.519092,-0.000201288
-2,1.99993,0.527674,-0.000138676
-2,1.99996,0.530484,-9.00935e-05
-2,1.99997,0.530299,-5.38436e-05
-2,1.99998,0.528887,-2.78954e-05
-2,1.99998,0.527233,-1.01934e-05
-2,1.99999,0.525798,1.16033e-06
-2,2,0.524806,7.41295e-06
-2,2,0.524038,1.10679e-05
-2,2,0.523633,1.20583e-05
-2,2,0.52343,1.16276e-05
-2,2,0.523351,1.03975e-05
-2,2,0.523339,8.79926e-06
-2,2,0.523358,7.11747e-06
-2,2,0.523385,5.52829e-06
-2,2,0.52341,4.12695e-06
-2,2,0.52343,2.95436e-06
-2,2,0.523443,2.01515e-06
-2,2,0.52345,1.2917e-06
-2,2,0.523454,7.56e-07
-2,2,0.523456,3.75743e-07
-2,2,0.523556,-0.000139332
-2,2,0.52717,-0.0260123
-2,2,0.529893,-0.0911526
-2,2,0.530909,-0.170809
-2,2,0.530651,-0.254424
-2,2,0.529618,-0.334076
-2,2,0.528247,-0.405218
-2,2,0.526855,-0.465655
-2,2,0.525635,-0.514843
-2,2,0.527802,-0.568727
-2,2,0.529946,-0.661928
-2,2,0.530555,-0.759713
-2,2,0.530122,-0.856887
-2,2,0.529063,-0.946508
-2,2,0.527748,-1.02477
-2,2,0.526441,-1.0901
-2,2,0.525366,-1.14254
-2,2,0.527901,-1.20468
-2,2,0.529813,-1.29831
-2,2,0.53036,-1.39745
-2,2,0.529894,-1.49473
-2,2,0.528833,-1.5837
-2,2,0.527543,-1.6609
-2,2,0.526272,-1.72497
-2,2,0.525217,-1.77609
-2,2,0.527677,-1.83238
-2,2,0.529851,-1.92688
-2,2,0.530447,-2.0248
-2,2,0.530006,-2.12149
-2,2,0.528946,-2.21024
-2,2,0.527642,-2.28744
-2,2,0.526351,-2.35166
-2,2,0.525271,-2.403
-2,2,0.528096,-2.46577
-2,2,0.530131,-2.55448
-2,2,0.530715,-2.6488
-2,2,0.530217,-2.74966
-2,2,0.529088,-2.83855
-2,2,0.527726,-2.91584
-2,2,0.526392,-2.98011
-2,2,0.525316,-3.0315
-2,2,0.528101,-3.09591
-2,2,0.529983,3.09785
-2,2,0.530501,2.99936
-2,2,0.53001,2.90254
-2,2,0.528918,2.81392
-2,2,0.527599,2.73697
-2,2,0.526303,2.67307
-2,2,0.525326,2.62193
-2,2,0.528336,2.55598
-2,2,0.530188,2.46946
-2,2,0.530715,2.36687
-2,2,0.530138,2.27023
-2,2,0.528976,2.18197
-2,2,0.527608,2.10554
-2,2,0.526286,2.04219
-2,2,0.525208,1.99173
-2,2,0.527899,1.92986
-2,2,0.529849,1.84201
-2,2,0.530455,1.75232
-2,2,0.530022,1.64807
-2,2,0.528958,1.55953
-2,2,0.527652,1.48245
-2,2,0.52636,1.4183
-2,2,0.525471,1.3667
-2,2,0.528352,1.29886
-2,2,0.530093,1.20755
-2,2,0.530513,1.11635
-2,2,0.529936,1.01165
-2,2,0.52881,0.923509
-2,2,0.527486,0.847294
-2,2,0.526203,0.784202
-2,2,0.525255,0.73387
-2,2,0.528159,0.668714
-2,2,0.530013,0.579127
-2,2,0.530509,0.481028
-2,2,0.529981,0.384803
-2,2,0.528875,0.296851
-2,2,0.527554,0.220616
-2,2,0.526264,0.157381
-2,2,0.525203,0.106973
-2,2,0.524495,0.0682915
-2,2,0.524128,0.041703
-2,2,0.523936,0.0195658
-2,2,0.523886,0.00599276
-2,2,0.523884,-0.00253955
-2,2,0.523888,-0.00737616
-2,2,0.523876,-0.00962518
-2,2,0.523844,-0.010155
-2,2,0.523796,-0.00962501
-2,2,0.523739,-0.00850944
-2,2,0.523679,-0.00714062
-2,2,0.523624,-0.00573724
-2,2,0.523575,-0.00443042
-2,2,0.523535,-0.00328942
-2,2,0.523504,-0.00234125
-2,2,0.523481,-0.00158586
-2,2,0.523468,-0.0010073
-2,2,0.523461,-0.000581592
-2,2,0.523459,-0.000291442
-2,2,0.523627,-0.000103162
-2.02103,1.97397,0.52933,-0.0242733
-2.13994,1.855,0.526862,-0.00631315
-2.28578,1.71757,0.522648,-0.00116477
-2.3901,1.61095,0.521556,0.00151063
-2.44771,1.54904,0.520937,0.00441185
-2.47419,1.5205,0.520509,0.00576234
-2.48542,1.51005,0.520623,0.00575555
-2.5,1.5,0.52346,-9.23115e-05
-2.5,1.5,0.52346,-9.23691e-05
-2.5,1.5,0.52346,-9.24094e-05
-2.5,1.5,0.52346,-9.24327e-05
-2.5,1.5,0.52346,-9.24396e-05
-2.5,1.5,0.52346,-9.24306e-05
-2.5,1.5,0.52346,-9.2406e-05
-2.5,1.5,0.52346,-9.23658e-05
-2.5,1.5,0.523459,-9.23106e-05
-2.5,1.5,0.523459,-9.22411e-05
-2.5,1.5,0.523458,-8.99185e-05
-2.5,1.5,0.523458,-8.96667e-05
-2.5,1.5,0.523458,-8.94049e-05
-2.5,1.5,0.523458,-8.91331e-05
-2.5,1.5,0.523458,-8.88513e-05
-2.5,1.5,0.523458,-8.85602e-05
-2.5,1.5,0.523456,-7.80065e-05
-2.5,1.5,0.523455,-6.565e-05
-2.5,1.5,0.523455,-5.28926e-05
-2.5,1.5,0.523454,-1.20262e-08
-2.5,1.5,0.523454,-1.24049e-08
-2.5,1.5,0.523454,-1.27735e-08
-2.5,1.5,0.523454,-1.31321e-08
-2.5,1.5,0.523454,-1.3481e-08
-2.5,1.5,0.523454,-1.38203e-08
-2.5,1.5,0.523454,-1.41503e-08
-2.5,1.5,0.523454,-1.4471e-08
-2.5,1.5,0.523454,-1.47828e-08
-2.5,1.5,0.523454,-1.50857e-08
-2.5006,1.49965,0.573131,-0.00317629
-2.50071,1.49959,0.575597,-0.00349613
-2.50082,1.49952,0.578089,-0.00383529
-2.50095,1.49945,0.580602,-0.00419358
-2.5011,1.49937,0.583135,-0.00457086
-2.50125,1.49928,0.585687,-0.00496702
-2.50142,1.49919,0.588258,-0.00538199
-2.50161,1.49908,0.590845,-0.00581843
-2.50181,1.49897,0.593449,-0.00627784
-2.50203,1.49886,0.596066,-0.00676106
-2.50227,1.49873,0.598697,-0.00726861
-2.50252,1.4986,0.601337,-0.00780018
-2.50279,1.49846,0.603985,-0.00835557
-2.50308,1.49831,0.60664,-0.00893461
-2.50339,1.49815,0.6093,-0.00953717
-2.50372,1.49798,0.611965,-0.0101632
-2.50407,1.49781,0.614634,-0.0108148
-2.50443,1.49762,0.617306,-0.0114934
-2.51716,1.4918,0.671904,-0.0322743
-2.5449,1.48018,0.72686,-0.0739298
-2.58238,1.46552,0.767288,-0.133738
-2.6249,1.44876,0.794386,-0.210087
-2.6694,1.43063,0.81141,-0.300516
-2.71449,1.41164,0.821451,-0.401824
-2.75894,1.3927,0.827187,-0.511713
-2.80371,1.37308,0.830838,-0.628713
-2.84926,1.35353,0.833655,-0.751303
-2.89521,1.33434,0.836138,-0.877435
-2.94067,1.31557,0.838699,-1.0066
-2.98433,1.2972,0.841421,-1.13285
-3.03237,1.27687,0.844674,-1.27161
-3.07859,1.25772,0.848002,-1.40599
-3.12458,1.23876,0.851494,-1.5412
-3.17057,1.21952,0.855164,-1.67744
-3.21718,1.19985,0.858917,-1.81429
-3.26179,1.18141,0.862457,-1.94547
-3.30905,1.16212,0.866281,-2.08716
-3.34858,1.14843,0.870197,-2.21112
-3.38321,1.14957,0.876422,-2.35427
-3.39652,1.17104,0.88366,-2.48415
-3.39489,1.20441,0.892054,-2.61109
-3.38693,1.24393,0.901516,-2.73532
-3.37787,1.28722,0.911562,-2.85678
-3.36901,1.33287,0.921796,-2.97582
-3.36002,1.38037,0.932142,-3.09288
-3.35037,1.42809,0.942538,3.07502
-3.34037,1.47617,0.952931,2.96103
-3.33008,1.52397,0.963247,2.84815
-3.31966,1.57188,0.973581,2.73607
-3.30913,1.61983,0.983937,2.62478
-3.29854,1.66727,0.994096,2.51427
-3.28802,1.7146,1.00418,2.40431
-3.27753,1.76203,1.01431,2.29465
-3.26738,1.80782,1.02412,2.18934
-3.25621,1.85817,1.03486,2.07513
-3.24529,1.90669,1.04517,1.96523
-3.23439,1.95474,1.05536,1.85608
-3.22372,2.00174,1.06535,1.75206
-3.21333,2.04838,1.07527,1.65864
-3.20284,2.09616,1.08509,1.5787
-3.19212,2.14419,1.09479,1.51309
-3.1819,2.18942,1.10407,1.46311
-3.17095,2.23781,1.1143,1.42191
-3.16023,2.28548,1.12436,1.39313
-3.14948,2.33352,1.13453,1.373
-3.1387,2.38168,1.14481,1.35967
-3.12787,2.43008,1.15515,1.35145
-3.11703,2.47856,1.16542,1.34694
-3.10636,2.52631,1.1756,1.345
-3.09586,2.57329,1.1857,1.34475
-3.08579,2.61829,1.19539,1.34547
-3.07477,2.66761,1.20595,1.34682
-3.06399,2.71583,1.21616,1.34834
-3.05324,2.76401,1.22637,1.34985
-3.0425,2.81213,1.23657,1.35124
-3.03181,2.86001,1.24677,1.35244
-3.02145,2.90643,1.256,1.35342
-3.01327,2.94303,1.26299,1.3542
-3.0082,2.96558,1.26755,1.35479
-3.00548,2.97744,1.27016,1.35522
-3.00411,2.98308,1.27144,1.35552
-3.0034,2.9858,1.27193,1.35572
-3.00299,2.98725,1.27199,1.35584
-3.00274,2.9881,1.27185,1.35591
-3.00259,2.98862,1.27166,1.35593
-3.0025,2.98892,1.27149,1.35594
-3.00246,2.98908,1.27136,1.35592
-3.00243,2.98919,1.27126,1.3559
-3.00241,2.98924,1.2712,1.35588
-3.0024,2.98926,1.27117,1.35586
-3.0024,2.98928,1.27116,1.35583
-3.00239,2.98929,1.27116,1.35582
-3.00239,2.98929,1.27116,1.3558
-3.00239,2.98929,1.27116,1.35579
-3.00239,2.98929,1.27116,1.35578
-3.00239,2.9893,1.27117,1.35577
-3.00239,2.9893,1.27117,1.35577
-3.00239,2.9893,1.27117,1.35577
-3.00239,2.9893,1.27117,1.35576
-3.00239,2.9893,1.27117,1.35576
-3.00239,2.9893,1.27117,1.35576
-3.00239,2.9893,1.27117,1.35576
-3.00239,2.9893,1.27117,1.35576
-3.00239,2.9893,1.27117,1.35576
-3.00239,2.9893,1.27117,1.35576
-3.00239,2.9893,1.27117,1.35576
-3.00239,2.9893,1.27117,1.35576
-3.00239,2.9893,1.27117,1.35576
-3.00239,2.9893,1.27117,1.35576
-3.00239,2.9893,1.27117,1.35577
-3.00239,2.9893,1.27117,1.35577
-3.00239,2.9893,1.27117,1.35577
-3.00239,2.9893,1.27117,1.35577
-3.00239,2.9893,1.27117,1.35577
-3.00239,2.9893,1.27117,1.35577
-3.00239,2.9893,1.27117,1.35577
-3.00239,2.9893,1.27117,1.35577
-3.00239,2.9893,1.27117,1.35577
-3.00239,2.9893,1.27117,1.35577
-3.00239,2.9893,1.27117,1.35577
-3.00239,2.9893,1.27117,1.35577
-3.00239,2.9893,1.27117,1.35577
-3.00239,2.9893,1.27117,1.35577
-3.00239,2.9893,1.27117,1.35577
-3.00236,2.98945,1.27151,1.35552
-3.002,2.98925,1.2731,1.34785
-3.00216,2.97816,1.27485,1.32359
-3.00492,2.95176,1.27618,1.27967
-3.01021,2.91421,1.27703,1.21583
-3.01683,2.87063,1.27761,1.13434
-3.02324,2.82469,1.27795,1.03747
-3.02888,2.77708,1.27797,0.927892
-3.03432,2.72824,1.27784,0.808318
-3.03989,2.67878,1.27775,0.680554
-3.04578,2.62907,1.27766,0.546719
-3.05172,2.57918,1.27748,0.408032
-3.05785,2.52952,1.27727,0.265946
-3.06395,2.48011,1.27711,0.1216
-3.07005,2.43134,1.27699,-0.024399
-3.07587,2.38223,1.27689,-0.172306
-3.08178,2.33208,1.27679,-0.321523
-3.08769,2.28567,1.27674,-0.459731
-3.09481,2.23156,1.27671,-0.622832
-3.10115,2.18156,1.27675,-0.774432
-3.10734,2.13192,1.27673,-0.925362
-3.11371,2.0856,1.27671,-1.07118
-3.11943,2.04191,1.27654,-1.20541
-3.12441,1.99669,1.27624,-1.32354
-3.12985,1.94987,1.27584,-1.4234
-3.13566,1.90361,1.2755,-1.50178
-3.14228,1.85251,1.27523,-1.56846
-3.14873,1.80303,1.27509,-1.61668
-3.15505,1.75373,1.27499,-1.65171
-3.16127,1.70478,1.27494,-1.67604
-3.16739,1.65611,1.27492,-1.69203
-3.17359,1.60681,1.2749,-1.70174
-3.17964,1.55853,1.27488,-1.7068
-3.18615,1.50645,1.27486,-1.70904
-3.19235,1.45675,1.27482,-1.70912
-3.19864,1.40651,1.27479,-1.708
-3.20493,1.35625,1.27477,-1.70628
-3.21117,1.3063,1.27475,-1.70434
-3.21725,1.25761,1.27472,-1.70242
-3.22332,1.20908,1.2747,-1.70069
-3.22938,1.16063,1.27467,-1.6992
-3.23531,1.11319,1.2747,-1.69798
-3.24109,1.06693,1.27475,-1.69703
-3.24693,1.02031,1.27473,-1.6963
-3.25293,0.972304,1.27472,-1.69578
-3.25904,0.923471,1.27473,-1.69542
-3.26517,0.874337,1.2747,-1.69518
-3.27137,0.824706,1.27467,-1.69504
-3.27752,0.775476,1.27464,-1.69496
-3.28363,0.726575,1.27461,-1.69493
-3.28983,0.67691,1.2746,-1.69493
-3.29607,0.627026,1.27459,-1.69495
-3.30227,0.577383,1.2746,-1.69497
-3.30845,0.527935,1.27464,-1.695
-3.31469,0.478018,1.27464,-1.69503
-3.32098,0.427658,1.27463,-1.69506
-3.32716,0.378203,1.27465,-1.69508
-3.33329,0.329173,1.27469,-1.6951
-3.33947,0.27977,1.2747,-1.69511
-3.34564,0.230433,1.27468,-1.69513
-3.35181,0.181101,1.27465,-1.69513
-3.35789,0.132482,1.27467,-1.69514
-3.36359,0.0869041,1.27466,-1.69514
-3.36933,0.0410789,1.27464,-1.69514
-3.37536,-0.00712506,1.27461,-1.69515
-3.38129,-0.0545709,1.27461,-1.69515
-3.38777,-0.106453,1.27465,-1.69515
-3.39395,-0.155942,1.27468,-1.69515
-3.40011,-0.205323,1.27466,-1.69515
-3.40632,-0.254954,1.27465,-1.69515
-3.41247,-0.304237,1.27467,-1.69514
-3.4186,-0.353204,1.27466,-1.69514
-3.42482,-0.402995,1.27464,-1.69514
-3.43104,-0.452763,1.27462,-1.69514
-3.43722,-0.502191,1.27462,-1.69514
-3.44345,-0.552094,1.27463,-1.69514
-3.44968,-0.601888,1.27462,-1.69514
-3.45583,-0.651124,1.2746,-1.69514
-3.46192,-0.69982,1.2746,-1.69514
-3.46808,-0.749051,1.27459,-1.69514
-3.47386,-0.795338,1.27457,-1.69514
-3.48061,-0.849309,1.27459,-1.69514
-3.48654,-0.896808,1.27458,-1.69514
-3.49236,-0.94331,1.27459,-1.69514
-3.49822,-0.990103,1.2746,-1.69514
-3.50421,-1.03794,1.27459,-1.69514
-3.51044,-1.08782,1.27459,-1.69514
-3.51667,-1.1377,1.27458,-1.69514
-3.52276,-1.18649,1.27459,-1.69514
-3.5289,-1.23565,1.2746,-1.69514
-3.5352,-1.286,1.27459,-1.69514
-3.54146,-1.33614,1.27462,-1.69514
-3.54769,-1.38601,1.27466,-1.69514
-3.55391,-1.43578,1.27471,-1.69514
-3.56012,-1.48545,1.27471,-1.69514
-3.56628,-1.5347,1.27473,-1.69514
-3.57245,-1.58406,1.27472,-1.69514
-3.57865,-1.63368,1.27467,-1.69514
-3.58478,-1.68272,1.27464,-1.69514
-3.59092,-1.7318,1.27467,-1.69514
-3.59713,-1.78144,1.27469,-1.69514
-3.60338,-1.83149,1.27469,-1.69514
-3.6094,-1.87966,1.27471,-1.69514
-3.61528,-1.92664,1.27469,-1.69514
-3.62124,-1.97429,1.27467,-1.69514
-3.62734,-2.02305,1.27464,-1.69514
-3.63356,-2.07283,1.27461,-1.69514
-3.63973,-2.12217,1.2746,-1.69514
-3.64532,-2.16695,1.27459,-1.69514
-3.65201,-2.22053,1.27458,-1.69514
-3.65829,-2.27076,1.27457,-1.69514
-3.66445,-2.32004,1.27457,-1.69514
-3.67055,-2.36883,1.27461,-1.69514
-3.6767,-2.41804,1.27463,-1.69514
-3.68294,-2.46793,1.27463,-1.69514
-3.68914,-2.51759,1.27466,-1.69514
-3.69536,-2.56736,1.2747,-1.69514
-3.70162,-2.61745,1.27469,-1.69514
-3.70787,-2.6674,1.27467,-1.69514
-3.71402,-2.71664,1.27464,-1.69514
-3.72013,-2.76551,1.27462,-1.69514
-3.72638,-2.81547,1.27461,-1.69514
-3.7325,-2.86441,1.27458,-1.69514
-3.73853,-2.91265,1.27458,-1.69514
-3.74459,-2.96111,1.2746,-1.69514
-3.75074,-3.01033,1.27465,-1.69514
-3.75697,-3.06019,1.27469,-1.69514
-3.76318,-3.10989,1.27468,-1.69514
-3.76938,-3.15945,1.27467,-1.69514
-3.77561,-3.20932,1.27465,-1.69514
-3.78183,-3.25911,1.27461,-1.69514
-3.788,-3.30846,1.2746,-1.69514
-3.79367,-3.35382,1.27463,-1.69514
-3.80036,-3.40737,1.27465,-1.69514
-3.80655,-3.45688,1.27463,-1.69514
-3.81273,-3.50632,1.27461,-1.69514
-3.81893,-3.55589,1.27461,-1.69514
-3.82517,-3.60585,1.27461,-1.69514
-3.83145,-3.65603,1.27459,-1.69514
-3.83744,-3.70396,1.27459,-1.69514
-3.84385,-3.75527,1.27458,-1.69514
-3.84992,-3.80385,1.27456,-1.69514
-3.85611,-3.8533,1.27457,-1.69514
-3.86229,-3.90275,1.27458,-1.69514
-3.86842,-3.95178,1.2746,-1.69514
-3.87455,-4.00083,1.27467,-1.69514
-3.88074,-4.05031,1.27473,-1.69514
-3.88696,-4.10007,1.27472,-1.69514
-3.89313,-4.14949,1.2747,-1.69514
-3.89931,-4.19896,1.27469,-1.69514
-3.90558,-4.24911,1.27469,-1.69514
-3.91187,-4.29945,1.27466,-1.69514
-3.9181,-4.34927,1.27463,-1.69514
-3.92418,-4.39796,1.27461,-1.69514
-3.93033,-4.44714,1.27461,-1.69514
-3.93656,-4.49696,1.27461,-1.69514
-3.94278,-4.54672,1.27463,-1.69514
-3.94903,-4.59666,1.27465,-1.69514
-3.95529,-4.64682,1.27466,-1.69514
-3.96147,-4.69627,1.27464,-1.69514
-3.9676,-4.74529,1.27462,-1.69514
-3.9738,-4.79482,1.2746,-1.69514
-3.9797,-4.84206,1.27455,-1.69514
-3.98408,-4.87701,1.27438,-1.69514
-3.98654,-4.89635,1.27415,-1.69514
-3.98807,-4.90793,1.27386,-1.69515
-3.98879,-4.91281,1.27367,-1.69515
-3.98919,-4.91519,1.27354,-1.69515
-3.98943,-4.9165,1.27347,-1.69515
-3.98959,-4.91728,1.27344,-1.69515
-3.98968,-4.91776,1.27343,-1.69515
-3.98973,-4.91804,1.27343,-1.69515
-3.98976,-4.91819,1.27344,-1.69515
-3.98977,-4.91828,1.27344,-1.69515
-3.98978,-4.91832,1.27345,-1.69515
-3.98979,-4.91835,1.27345,-1.69515
-3.98979,-4.91836,1.27345,-1.69515
-3.98979,-4.91837,1.27345,-1.69515
-3.9898,-4.91837,1.27345,-1.69515
-3.9898,-4.91837,1.27345,-1.69515
-3.9898,-4.91838,1.27345,-1.69515
-3.9898,-4.91838,1.27345,-1.69515
-3.9898,-4.91838,1.27345,-1.69515
-3.9898,-4.91838,1.27345,-1.69515
-3.9898,-4.91838,1.27345,-1.69515
-3.9898,-4.91838,1.27345,-1.69515
-3.9898,-4.91838,1.27345,-1.69515
-3.9898,-4.91838,1.27345,-1.69515
-3.9898,-4.91838,1.27345,-1.69515
-3.9898,-4.91838,1.27345,-1.69515
-3.9898,-4.91838,1.27345,-1.69515
-3.9898,-4.91838,1.27345,-1.69515
-3.9898,-4.91838,1.27345,-1.69515
-3.9898,-4.91838,1.27345,-1.69515
-3.9898,-4.91838,1.27345,-1.69515
-3.9898,-4.91838,1.27345,-1.69515
-3.9898,-4.91838,1.27345,-1.69515
-3.9898,-4.91838,1.27345,-1.69515
-3.9898,-4.91838,1.27345,-1.69515
-3.9898,-4.91838,1.27345,-1.69515
-3.9898,-4.91838,1.27345,-1.69515
-3.9898,-4.91838,1.27345,-1.69515
-3.9898,-4.91838,1.27345,-1.69515
-3.9898,-4.91838,1.27345,-1.69515
-3.9898,-4.91838,1.27345,-1.69515
-3.9898,-4.91838,1.27345,-1.69515
-3.9898,-4.91838,1.27345,-1.69515
-3.9898,-4.91838,1.27345,-1.69515
-3.9898,-4.91838,1.27345,-1.69515
-3.9898,-4.91838,1.27345,-1.69515
-3.9898,-4.91838,1.27345,-1.69515
-3.9898,-4.91838,1.27345,-1.69515
-3.9898,-4.91838,1.27345,-1.69515
-3.9898,-4.91838,1.27345,-1.69515
-3.9898,-4.91838,1.27345,-1.69515
-3.9898,-4.91838,1.27345,-1.69515
-3.9898,-4.91838,1.27345,-1.69515
-3.9898,-4.91838,1.27345,-1.69515
-3.9898,-4.91838,1.27345,-1.69515
-3.9898,-4.91838,1.27345,-1.69515
-3.9898,-4.91838,1.27345,-1.69515
-3.9898,-4.91838,1.27345,-1.69515
-3.9898,-4.91838,1.27345,-1.69515
-3.9898,-4.91838,1.27345,-1.69515
-3.9898,-4.91838,1.27345,-1.69515
-3.9898,-4.91838,1.27345,-1.69515
-3.9898,-4.91838,1.27345,-1.69515
-3.9898,-4.91838,1.27345,-1.69515
-3.9898,-4.91838,1.27345,-1.69515
-3.9898,-4.91838,1.27345,-1.69515
-3.9898,-4.91838,1.27345,-1.69515
-3.9898,-4.91838,1.27345,-1.69515
-3.9898,-4.91838,1.27345,-1.69515
-3.9898,-4.91838,1.27345,-1.69515
-3.9898,-4.91838,1.27345,-1.69515
-3.9898,-4.91838,1.27345,-1.69515
-3.9898,-4.91838,1.27345,-1.69515
-3.9898,-4.91838,1.27345,-1.69515
-3.9898,-4.91838,1.27345,-1.69515
-3.9898,-4.91838,1.27345,-1.69515
-3.9898,-4.91838,1.27345,-1.69515
-3.9898,-4.91838,1.27345,-1.69515
-3.9898,-4.91838,1.27345,-1.69515
-3.9898,-4.91838,1.27345,-1.69515
-3.9898,-4.91838,1.27345,-1.69515
-3.9898,-4.91838,1.27345,-1.69515
-3.9898,-4.91838,1.27345,-1.69515
-3.9898,-4.91838,1.27345,-1.69515
-3.9898,-4.91838,1.27345,-1.69515
-3.9898,-4.91838,1.27345,-1.69515
-3.9898,-4.91838,1.27345,-1.69515
-3.9898,-4.91838,1.27345,-1.69515
-3.9898,-4.91838,1.27345,-1.69515
-3.9898,-4.91838,1.27345,-1.69515
-3.9898,-4.91838,1.27345,-1.69515
-3.9898,-4.91838,1.27345,-1.69515
-3.9898,-4.91838,1.27345,-1.69515
-3.9898,-4.91838,1.27345,-1.69515
-3.9898,-4.91838,1.27345,-1.69515
-3.9898,-4.91838,1.27345,-1.69515
-3.9898,-4.91838,1.27345,-1.69515
-3.9898,-4.91838,1.27345,-1.69515
-3.9898,-4.91838,1.27345,-1.69515
-3.9898,-4.91838,1.27345,-1.69515
-3.9898,-4.91838,1.27345,-1.69515
-3.9898,-4.91838,1.27345,-1.69515
-3.9898,-4.91838,1.27345,-1.69515
-3.9898,-4.91838,1.27345,-1.69515
-3.9898,-4.91838,1.27345,-1.69515
-3.9898,-4.91838,1.27345,-1.69515
-3.9898,-4.91838,1.27345,-1.69515
-3.9898,-4.91838,1.27345,-1.69515
-3.9898,-4.91838,1.27345,-1.69515
-3.9898,-4.91838,1.27345,-1.69515
-3.9898,-4.91838,1.27345,-1.69515
-3.9898,-4.91838,1.27345,-1.69515
-3.9898,-4.91838,1.27345,-1.69515
-3.9898,-4.91838,1.27345,-1.69515
-3.9898,-4.91838,1.27345,-1.69515
-3.9898,-4.91838,1.27345,-1.69515
-3.9898,-4.91838,1.27345,-1.69515
-3.9898,-4.91838,1.27345,-1.69515
-3.9898,-4.91838,1.27345,-1.69515
-3.9898,-4.91838,1.27345,-1.69515
-3.9898,-4.91838,1.27345,-1.69515
-3.9898,-4.91838,1.27345,-1.69515
-3.9898,-4.91838,1.27345,-1.69515
-3.9898,-4.91838,1.27345,-1.69515
-3.9898,-4.91838,1.27345,-1.69515
-3.9898,-4.91838,1.27345,-1.69515
-3.9898,-4.91838,1.27345,-1.69515
-3.9898,-4.91838,1.27345,-1.69515
-3.9898,-4.91838,1.27345,-1.69515
-3.9898,-4.91838,1.27345,-1.69515
-3.9898,-4.91838,1.27345,-1.69515
-3.9898,-4.91838,1.27345,-1.69515
-3.9898,-4.91838,1.27345,-1.69515
-3.9898,-4.91838,1.27345,-1.69515
-3.9898,-4.91838,1.27345,-1.69515
-3.9898,-4.91838,1.27345,-1.69515
-3.9898,-4.91838,1.27345,-1.69515
-3.9898,-4.91838,1.27345,-1.69515
-3.9898,-4.91838,1.27345,-1.69515
-3.9898,-4.91838,1.27345,-1.69515
-3.9898,-4.91838,1.27345,-1.69515
-3.9898,-4.91838,1.27345,-1.69515
-3.9898,-4.91838,1.27346,-1.69515
-3.9899,-4.91898,1.27394,-1.69659
-3.9908,-4.91902,1.27507,-1.70794
-3.99243,-4.90716,1.27618,-1.73614
-3.99324,-4.8799,1.27703,-1.78406
-3.99268,-4.84145,1.27754,-1.85143
-3.99176,-4.79853,1.27778,-1.93251
-3.99099,-4.74959,1.27781,-2.03526
-3.99122,-4.70175,1.27778,-2.14595
-3.99207,-4.65314,1.27769,-2.2664
-3.99304,-4.60303,1.27754,-2.39445
-3.9933,-4.55254,1.27737,-2.52822
-3.9933,-4.50249,1.27723,-2.66633
-3.99362,-4.45229,1.27708,-2.80813
-3.99396,-4.4016,1.2771,-2.95245
-3.99383,-4.35144,1.27707,-3.09787
-3.99362,-4.3025,1.27707,3.03876
-3.99404,-4.25332,1.27704,2.89108
-3.99455,-4.20308,1.27697,2.74235
-3.99458,-4.15226,1.2769,2.59297
-3.99426,-4.10786,1.2768,2.46107
-3.99393,-4.05237,1.27669,2.29492
-3.99315,-4.00758,1.2766,2.15337
-3.99319,-3.9653,1.27641,2.02447
-3.99403,-3.9229,1.27608,1.91631
-3.99465,-3.87378,1.27567,1.81812
-3.9946,-3.82528,1.27529,1.74229
-3.99427,-3.77679,1.27507,1.68334
-3.99403,-3.72742,1.27494,1.63922
-3.99392,-3.67719,1.27487,1.6075
-3.9939,-3.62682,1.27486,1.58576
-3.99392,-3.57686,1.27487,1.57172
-3.99394,-3.5264,1.27486,1.56341
-3.99398,-3.47847,1.2749,1.55928
-3.994,-3.42695,1.2749,1.55769
-3.99403,-3.37663,1.27488,1.55797
-3.99406,-3.3259,1.27486,1.55926
-3.9941,-3.27534,1.27483,1.56105
-3.99415,-3.22533,1.27481,1.56299
-3.99419,-3.17576,1.2748,1.56484
-3.99423,-3.1262,1.27476,1.5665
-3.99427,-3.07675,1.2747,1.56791
-3.9943,-3.02971,1.27468,1.56904
-3.99433,-2.98547,1.27467,1.56992
-3.99435,-2.94047,1.27466,1.57058
-3.99438,-2.89396,1.27465,1.57106
-3.99441,-2.84577,1.27468,1.57138
-3.99446,-2.79643,1.27468,1.57159
-3.99451,-2.74609,1.27464,1.57171
-3.99456,-2.69803,1.27462,1.57177
-3.9946,-2.64649,1.27462,1.57179
-3.99465,-2.59635,1.27464,1.57179
-3.99469,-2.5458,1.27464,1.57177
-3.99473,-2.49558,1.27463,1.57174
-3.99477,-2.44612,1.27463,1.57171
-3.99481,-2.39644,1.27463,1.57168
-3.99484,-2.34637,1.27462,1.57166
-3.99488,-2.29671,1.27459,1.57164
-3.99492,-2.24711,1.27459,1.57162
-3.99496,-2.19729,1.27461,1.57161
-3.995,-2.14669,1.27463,1.5716
-3.99503,-2.11218,1.27463,1.57159
-3.99508,-2.04679,1.2746,1.57158
-3.99511,-2.00147,1.27459,1.57158
-3.99513,-1.96044,1.27457,1.57158
-3.99515,-1.91034,1.27456,1.57158
-3.99518,-1.86215,1.27458,1.57158
-3.99522,-1.81309,1.27462,1.57158
-3.99527,-1.76412,1.27462,1.57158
-3.99532,-1.71528,1.27459,1.57158
-3.99536,-1.66595,1.27458,1.57158
-3.9954,-1.61599,1.27459,1.57158
-3.99544,-1.56758,1.27458,1.57158
-3.99549,-1.51466,1.27458,1.57158
-3.99553,-1.46476,1.27456,1.57158
-3.99557,-1.4157,1.2746,1.57158
-3.99561,-1.36617,1.27462,1.57158
-3.99564,-1.31575,1.27466,1.57158
-3.99568,-1.26491,1.27466,1.57158
-3.99572,-1.21534,1.27466,1.57158
-3.99576,-1.16578,1.27467,1.57158
-3.9958,-1.11581,1.27464,1.57158
-3.99584,-1.06599,1.27463,1.57158
-3.99587,-1.01872,1.27469,1.57158
-3.9959,-0.972473,1.27473,1.57158
-3.99593,-0.925691,1.27475,1.57158
-3.99596,-0.877581,1.27476,1.57158
-3.996,-0.828332,1.27472,1.57158
-3.99604,-0.777906,1.27467,1.57158
-3.99609,-0.730239,1.27464,1.57158
-3.99613,-0.679222,1.27462,1.57158
-3.99617,-0.629694,1.2746,1.57158
-3.99621,-0.579596,1.27464,1.57158
-3.99625,-0.529389,1.27463,1.57158
-3.99629,-0.479296,1.27461,1.57158
-3.99633,-0.429049,1.2746,1.57158
-3.99638,-0.378483,1.27463,1.57158
-3.99641,-0.330154,1.27465,1.57158
-3.99646,-0.278128,1.27465,1.57158
-3.99649,-0.228212,1.27464,1.57158
-3.99653,-0.178379,1.27464,1.57158
-3.99657,-0.128688,1.27469,1.57158
-3.99661,-0.079025,1.27469,1.57158
-3.99664,-0.0301102,1.27468,1.57158
-3.99668,0.0177388,1.27465,1.57158
-3.99671,0.0663345,1.27462,1.57158
-3.99674,0.114998,1.27462,1.57158
-3.99678,0.16394,1.27462,1.57158
-3.99682,0.213931,1.27462,1.57158
-3.99686,0.264342,1.27462,1.57158
-3.99691,0.314546,1.27467,1.57158
-3.99695,0.364826,1.27468,1.57158
-3.99699,0.415577,1.27468,1.57158
-3.99703,0.465574,1.27469,1.57158
-3.99707,0.514996,1.27469,1.57158
-3.99711,0.564325,1.27465,1.57158
-3.99714,0.614078,1.27463,1.57158
-3.99718,0.664249,1.27464,1.57158
-3.99722,0.715109,1.27465,1.57158
-3.99726,0.765965,1.27463,1.57158
-3.99731,0.816244,1.27464,1.57158
-3.99735,0.866338,1.27469,1.57158
-3.99738,0.916022,1.27472,1.57158
-3.99742,0.964611,1.27472,1.57158
-3.99745,1.0115,1.27473,1.57158
-3.99748,1.0587,1.2747,1.57158
-3.99751,1.10669,1.27467,1.57158
-3.99754,1.1557,1.27467,1.57158
-3.99758,1.20492,1.27469,1.57158
-3.99763,1.2546,1.27466,1.57158
-3.99767,1.3045,1.27463,1.57158
-3.99771,1.35453,1.27462,1.57158
-3.99776,1.40474,1.27462,1.57158
-3.9978,1.45546,1.27461,1.57158
-3.99784,1.50552,1.27461,1.57158
-3.99788,1.55519,1.27462,1.57158
-3.99792,1.60494,1.27465,1.57158
-3.99795,1.65323,1.27464,1.57158
-3.99799,1.70582,1.27462,1.57158
-3.99803,1.75581,1.27465,1.57158
-3.99807,1.80518,1.27469,1.57158
-3.99811,1.85472,1.27468,1.57158
-3.99815,1.90487,1.27465,1.57158
-3.99819,1.95456,1.27461,1.57158
-3.99822,2.00277,1.27459,1.57158
-3.99826,2.05061,1.27462,1.57158
-3.99829,2.0986,1.27467,1.57158
-3.99832,2.14723,1.27469,1.57158
-3.99836,2.19682,1.27467,1.57158
-3.9984,2.24719,1.27467