-0.491272,-0.492335,1.01991,0.0128711
-0.502157,-0.475557,1.01981,0.0573307
-0.513043,-0.458779,1.01971,0.10179
-0.523928,-0.442001,1.01961,0.14625
-0.534813,-0.425223,1.01951,0.190709
-0.545698,-0.408445,1.0194,0.235169
-0.556584,-0.391667,1.0193,0.279628
-0.567469,-0.374889,1.0192,0.324088
-0.578354,-0.358111,1.0191,0.368547
-0.589239,-0.341333,1.019,0.413007
-0.600125,-0.324555,1.0189,0.457467
-0.61101,-0.307777,1.0188,0.501926
-0.621895,-0.290999,1.0187,0.546386
-0.63278,-0.274221,1.0186,0.590845
-0.643666,-0.257443,1.0185,0.635305
-0.654551,-0.240665,1.0184,0.679764
-0.665436,-0.223887,1.0183,0.724224
-0.676321,-0.207109,1.0182,0.768683
-0.687207,-0.190331,1.0181,0.813143
-0.698092,-0.173553,1.018,0.857602
-0.708977,-0.156775,1.0179,0.902062
-0.719862,-0.139997,1.0178,0.946522
-0.730748,-0.123219,1.0177,0.990981
-0.741633,-0.106441,1.0176,1.03544
-0.752518,-0.089663,1.0175,1.0799
-0.763403,-0.072885,1.0174,1.12436
-0.774288,-0.056107,1.0173,1.16882
-0.785174,-0.039329,1.0172,1.21328
-0.796059,-0.022551,1.0171,1.25774
-0.806944,-0.005773,1.017,1.3022
-0.817829,0.011005,1.0169,1.34666
-0.828715,0.027783,1.0168,1.39112
-0.8396,0.044561,1.0167,1.43558
-0.850485,0.061339,1.0166,1.48004
-0.86137,0.078117,1.0165,1.5245
-0.872256,0.094895,1.0164,1.56896
-0.883141,0.111673,1.0163,1.61341
-0.894026,0.128451,1.0162,1.65787
-0.904911,0.145229,1.0161,1.70233
-0.915797,0.162007,1.016,1.74679
-0.926682,0.178785,1.0159,1.79125
-0.937567,0.195563,1.0158,1.83571
-0.948452,0.212341,1.0157,1.88017
-0.959338,0.229119,1.0156,1.92463
-0.970223,0.245897,1.0155,1.96909
-0.981108,0.262675,1.0154,2.01355
-0.991993,0.279453,1.0153,2.05801
-1.00288,0.296231,1.0152,2.10247
-1.01376,0.313009,1.0151,2.14693
-1.02465,0.329787,1.015,2.19139
-1.03553,0.346565,1.0149,2.23585
-1.04715,0.362846,1.01481,2.23585
-1.05877,0.379126,1.01471,2.23585
-1.07038,0.395406,1.01462,2.23585
-1.082,0.411687,1.01453,2.23585
-1.09362,0.427967,1.01443,2.23585
-1.10523,0.444248,1.01434,2.23585
-1.11685,0.460528,1.01425,2.23585
-1.12846,0.476809,1.01415,2.23585
-1.14008,0.493089,1.01406,2.23585
-1.1517,0.50937,1.01397,2.23585
-1.16331,0.52565,1.01387,2.23585
-1.17493,0.54193,1.01378,2.23585
-1.18655,0.558211,1.01369,2.23585
-1.19816,0.574491,1.0136,2.23585
-1.20978,0.590772,1.0135,2.23585
-1.2214,0.607052,1.01341,2.23585
-1.23301,0.623333,1.01332,2.23585
-1.24463,0.639613,1.01322,2.23585
-1.25624,0.655894,1.01313,2.23585
-1.26786,0.672174,1.01304,2.23585
-1.27948,0.688455,1.01294,2.23585
-1.29109,0.704735,1.01285,2.23585
-1.30271,0.721015,1.01276,2.23585
-1.31433,0.737296,1.01266,2.23585
-1.32594,0.753576,1.01257,2.23585
-1.33756,0.769857,1.01248,2.23585
-1.34917,0.786137,1.01238,2.23585
-1.36079,0.802418,1.01229,2.23585
-1.37241,0.818698,1.0122,2.23585
-1.38402,0.834979,1.01211,2.23585
-1.39564,0.851259,1.01201,2.23585
-1.40726,0.867539,1.01192,2.23585
-1.41887,0.88382,1.01183,2.23585
-1.43049,0.9001,1.01173,2.23585
-1.4421,0.916381,1.01164,2.23585
-1.45372,0.932661,1.01155,2.23585
-1.46534,0.948942,1.01145,2.23585
-1.47695,0.965222,1.01136,2.23585
-1.48857,0.981503,1.01127,2.23585
-1.50019,0.997783,1.01117,2.23585
-1.5118,1.01406,1.01108,2.23585
-1.52342,1.03034,1.01099,2.23585
-1.53503,1.04662,1.0109,2.23585
-1.54665,1.0629,1.0108,2.23585
-1.55827,1.07919,1.01071,2.23585
-1.56988,1.09547,1.01062,2.23585
-1.5815,1.11175,1.01052,2.23585
-1.59312,1.12803,1.01043,2.23585
-1.60473,1.14431,1.01034,2.23585
-1.61635,1.16059,1.01024,2.23585
-1.62833,1.1766,1.01015,2.23585
-1.64031,1.19262,1.01006,2.23585
-1.65228,1.20864,1.00998,2.23585
-1.66426,1.22465,1.00989,2.23585
-1.67624,1.24067,1.0098,2.23585
-1.68822,1.25668,1.00971,2.23585
-1.7002,1.2727,1.00962,2.23585
-1.71217,1.28872,1.00953,2.23585
-1.72415,1.30473,1.00944,2.23585
-1.73613,1.32075,1.00935,2.23585
-1.74811,1.33677,1.00926,2.23585
-1.76009,1.35278,1.00917,2.23585
-1.77206,1.3688,1.00908,2.23585
-1.78404,1.38481,1.00899,2.23585
-1.79602,1.40083,1.0089,2.23585
-1.808,1.41685,1.00881,2.23585
-1.81998,1.43286,1.00872,2.23585
-1.83196,1.44888,1.00863,2.23585
-1.84393,1.46489,1.00854,2.23585
-1.85591,1.48091,1.00845,2.23585
-1.86789,1.49693,1.00836,2.23585
-1.87987,1.51294,1.00828,2.23585
-1.89185,1.52896,1.00819,2.23585
-1.90382,1.54498,1.0081,2.23585
-1.9158,1.56099,1.00801,2.23585
-1.92778,1.57701,1.00792,2.23585
-1.93976,1.59302,1.00783,2.23585
-1.95174,1.60904,1.00774,2.23585
-1.96371,1.62506,1.00765,2.23585
-1.97569,1.64107,1.00756,2.23585
-1.98767,1.65709,1.00747,2.23585
-1.99965,1.6731,1.00738,2.23585
-2.01163,1.68912,1.00729,2.23585
-2.0236,1.70514,1.0072,2.23585
-2.03558,1.72115,1.00711,2.23585
-2.04756,1.73717,1.00702,2.23585
-2.05954,1.75318,1.00693,2.23585
-2.07152,1.7692,1.00684,2.23585
-2.0835,1.78522,1.00675,2.23585
-2.09547,1.80123,1.00666,2.23585
-2.10745,1.81725,1.00658,2.23585
-2.11943,1.83327,1.00649,2.23585
-2.13141,1.84928,1.0064,2.23585
-2.14339,1.8653,1.00631,2.23585
-2.15536,1.88131,1.00622,2.23585
-2.16734,1.89733,1.00613,2.23585
-2.17932,1.91335,1.00604,2.23585
-2.1913,1.92936,1.00595,2.23585
-2.20328,1.94538,1.00586,2.23585
-2.21525,1.96139,1.00577,2.23585
-2.22731,1.97735,1.00568,2.23549
-2.23937,1.99331,1.00559,2.23513
-2.25142,2.00927,1.0055,2.23477
-2.26348,2.02522,1.00542,2.23441
-2.27554,2.04118,1.00533,2.23405
-2.2876,2.05714,1.00524,2.23369
-2.29965,2.07309,1.00515,2.23333
-2.31171,2.08905,1.00506,2.23297
-2.32377,2.10501,1.00497,2.23261
-2.33582,2.12097,1.00488,2.23225
-2.34788,2.13692,1.0048,2.23189
-2.35994,2.15288,1.00471,2.23153
-2.37199,2.16884,1.00462,2.23117
-2.38405,2.18479,1.00453,2.23081
-2.39611,2.20075,1.00444,2.23045
-2.40816,2.21671,1.00435,2.23009
-2.42022,2.23266,1.00426,2.22973
-2.43228,2.24862,1.00417,2.22937
-2.44433,2.26458,1.00409,2.22901
-2.45639,2.28054,1.004,2.22865
-2.46845,2.29649,1.00391,2.22829
-2.4805,2.31245,1.00382,2.22793
-2.49256,2.32841,1.00373,2.22757
-2.50462,2.34436,1.00364,2.22721
-2.51667,2.36032,1.00355,2.22685
-2.52873,2.37628,1.00347,2.22649
-2.54079,2.39223,1.00338,2.22613
-2.55284,2.40819,1.00329,2.22577
-2.5649,2.42415,1.0032,2.22541
-2.57696,2.44011,1.00311,2.22505
-2.58901,2.45606,1.00302,2.22469
-2.60107,2.47202,1.00293,2.22433
-2.61313,2.48798,1.00284,2.22397
-2.62518,2.50393,1.00276,2.22361
-2.63724,2.51989,1.00267,2.22325
-2.6493,2.53585,1.00258,2.22289
-2.66135,2.5518,1.00249,2.22253
-2.67341,2.56776,1.0024,2.22217
-2.68547,2.58372,1.00231,2.22181
-2.69752,2.59968,1.00222,2.22145
-2.70958,2.61563,1.00214,2.22109
-2.72164,2.63159,1.00205,2.22073
-2.7337,2.64755,1.00196,2.22037
-2.74575,2.6635,1.00187,2.22001
-2.75781,2.67946,1.00178,2.21965
-2.76987,2.69542,1.00169,2.21929
-2.78192,2.71138,1.0016,2.21893
-2.79398,2.72733,1.00151,2.21857
-2.80604,2.74329,1.00143,2.21821
-2.81809,2.75925,1.00134,2.21785
-2.80489,2.74422,1.00134,2.15649
-2.79169,2.7292,1.00133,2.09514
-2.77849,2.71417,1.00133,2.03379
-2.76529,2.69915,1.00133,1.97243
-2.75208,2.68413,1.00132,1.91108
-2.73888,2.6691,1.00132,1.84972
-2.72568,2.65408,1.00132,1.78837
-2.71248,2.63906,1.00132,1.72701
-2.69928,2.62403,1.00131,1.66566
-2.68608,2.60901,1.00131,1.60431
-2.67287,2.59398,1.00131,1.54295
-2.65967,2.57896,1.00131,1.4816
-2.64647,2.56394,1.0013,1.42024
-2.63327,2.54891,1.0013,1.35889
-2.62007,2.53389,1.0013,1.29753
-2.60687,2.51886,1.0013,1.23618
-2.59367,2.50384,1.00129,1.17482
-2.58046,2.48882,1.00129,1.11347
-2.56726,2.47379,1.00129,1.05212
-2.55406,2.45877,1.00129,0.990761
-2.54086,2.44374,1.00128,0.929406
-2.52766,2.42872,1.00128,0.868052
-2.51446,2.4137,1.00128,0.806698
-2.50125,2.39867,1.00128,0.745343
-2.48805,2.38365,1.00127,0.683989
-2.47485,2.36862,1.00127,0.622634
-2.46165,2.3536,1.00127,0.56128
-2.44845,2.33858,1.00127,0.499926
-2.43525,2.32355,1.00126,0.438571
-2.42204,2.30853,1.00126,0.377217
-2.40884,2.29351,1.00126,0.315862
-2.39564,2.27848,1.00125,0.254508
-2.38244,2.26346,1.00125,0.193154
-2.36924,2.24843,1.00125,0.131799
-2.35604,2.23341,1.00125,0.0704447
-2.34283,2.21839,1.00124,0.00909028
-2.32963,2.20336,1.00124,-0.0522641
-2.31643,2.18834,1.00124,-0.113619
-2.30323,2.17331,1.00124,-0.174973
-2.29003,2.15829,1.00123,-0.236327
-2.27683,2.14327,1.00123,-0.297682
-2.26363,2.12824,1.00123,-0.359036
-2.25042,2.11322,1.00123,-0.420391
-2.23722,2.09819,1.00122,-0.481745
-2.22402,2.08317,1.00122,-0.543099
-2.21082,2.06815,1.00122,-0.604454
-2.19762,2.05312,1.00122,-0.665808
-2.18442,2.0381,1.00121,-0.727163
-2.17121,2.02307,1.00121,-0.788517
-2.15801,2.00805,1.00121,-0.849872
-2.14481,1.99303,1.00121,-0.849872
-2.13161,1.978,1.0012,-0.849872
-2.11841,1.96298,1.0012,-0.849872
-2.10521,1.94796,1.0012,-0.849872
-2.092,1.93293,1.0012,-0.849872
-2.0788,1.91791,1.00119,-0.849872
-2.0656,1.90288,1.00119,-0.849872
-2.0524,1.88786,1.00119,-0.849872
-2.0392,1.87284,1.00118,-0.849872
-2.026,1.85781,1.00118,-0.849872
-2.0128,1.84279,1.00118,-0.849872
-1.99959,1.82776,1.00118,-0.849872
-1.98639,1.81274,1.00117,-0.849872
-1.97319,1.79772,1.00117,-0.849872
-1.95999,1.78269,1.00117,-0.849872
-1.94679,1.76767,1.00117,-0.849872
-1.93359,1.75264,1.00116,-0.849872
-1.92038,1.73762,1.00116,-0.849872
-1.90718,1.7226,1.00116,-0.849872
-1.89398,1.70757,1.00116,-0.849872
-1.88078,1.69255,1.00115,-0.849872
-1.86758,1.67752,1.00115,-0.849872
-1.85438,1.6625,1.00115,-0.849872
-1.84117,1.64748,1.00115,-0.849872
-1.82797,1.63245,1.00114,-0.849872
-1.81477,1.61743,1.00114,-0.849872
-1.80157,1.60241,1.00114,-0.849872
-1.78837,1.58738,1.00114,-0.849872
-1.77517,1.57236,1.00113,-0.849872
-1.76196,1.55733,1.00113,-0.849872
-1.74876,1.54231,1.00113,-0.849872
-1.73556,1.52729,1.00113,-0.849872
-1.72236,1.51226,1.00112,-0.849872
-1.70916,1.49724,1.00112,-0.849872
-1.69596,1.48221,1.00112,-0.849872
-1.68276,1.46719,1.00111,-0.849872
-1.66955,1.45217,1.00111,-0.849872
-1.65635,1.43714,1.00111,-0.849872
-1.64315,1.42212,1.00111,-0.849872
-1.62995,1.40709,1.0011,-0.849872
-1.61675,1.39207,1.0011,-0.849872
-1.60355,1.37705,1.0011,-0.849872
-1.59034,1.36202,1.0011,-0.849872
-1.57714,1.347,1.00109,-0.849872
-1.56394,1.33197,1.00109,-0.849872
-1.55074,1.31695,1.00109,-0.849872
-1.53754,1.30193,1.00109,-0.849872
-1.52434,1.2869,1.00108,-0.849872
-1.51113,1.27188,1.00108,-0.849872
-1.49793,1.25686,1.00108,-0.849872
-1.48473,1.24183,1.00108,-0.849872
-1.47153,1.22681,1.00107,-0.849872
-1.45833,1.21178,1.00107,-0.849872
-1.44513,1.19676,1.00107,-0.849872
-1.43192,1.18174,1.00107,-0.849872
-1.41872,1.16671,1.00106,-0.849872
-1.40552,1.15169,1.00106,-0.849872
-1.39232,1.13666,1.00106,-0.849872
-1.37912,1.12164,1.00106,-0.849872
-1.36592,1.10662,1.00105,-0.849872
-1.35272,1.09159,1.00105,-0.849872
-1.33951,1.07657,1.00105,-0.849872
-1.32631,1.06154,1.00104,-0.849872
-1.31311,1.04652,1.00104,-0.849872
-1.29991,1.0315,1.00104,-0.849872
-1.28671,1.01647,1.00104,-0.849872
-1.27351,1.00145,1.00103,-0.849872
-1.2603,0.986425,1.00103,-0.849872
-1.2471,0.971401,1.00103,-0.849872
-1.2339,0.956377,1.00103,-0.849872
-1.2207,0.941353,1.00102,-0.849872
-1.2075,0.926329,1.00102,-0.849872
-1.1943,0.911305,1.00102,-0.849872
-1.18109,0.896281,1.00102,-0.849872
-1.16789,0.881257,1.00101,-0.849872
-1.15469,0.866233,1.00101,-0.849872
-1.14149,0.85121,1.00101,-0.849872
-1.12829,0.836186,1.00101,-0.849872
-1.11509,0.821162,1.001,-0.849872
-1.10189,0.806138,1.001,-0.849872
-1.08868,0.791114,1.001,-0.849872
-1.07548,0.77609,1.001,-0.849872
-1.06228,0.761066,1.00099,-0.849872
-1.04908,0.746042,1.00099,-0.849872
-1.03588,0.731018,1.00099,-0.849872
-1.02268,0.715994,1.00099,-0.849872
-1.00947,0.70097,1.00098,-0.849872
-0.996272,0.685947,1.00098,-0.849872
-0.983071,0.670923,1.00098,-0.849872
-0.969869,0.655899,1.00098,-0.849872
-0.956668,0.640875,1.00097,-0.849872
-0.943466,0.625851,1.00097,-0.849872
-0.930264,0.610827,1.00097,-0.849872
-0.917063,0.595803,1.00096,-0.849872
-0.903861,0.580779,1.00096,-0.849872
-0.89066,0.565755,1.00096,-0.849872
-0.877458,0.550731,1.00096,-0.849872
-0.864256,0.535707,1.00095,-0.849872
-0.851055,0.520683,1.00095,-0.849872
-0.837853,0.50566,1.00095,-0.849872
-0.824652,0.490636,1.00095,-0.849872
-0.81145,0.475612,1.00094,-0.849872
-0.798248,0.460588,1.00094,-0.849872
-0.785047,0.445564,1.00094,-0.849872
-0.771845,0.43054,1.00094,-0.849872
-0.758644,0.415516,1.00093,-0.849872
-0.745442,0.400492,1.00093,-0.849872
-0.73224,0.385468,1.00093,-0.849872
-0.719039,0.370444,1.00093,-0.849872
-0.705837,0.35542,1.00092,-0.849872
-0.692636,0.340397,1.00092,-0.849872
-0.679434,0.325373,1.00092,-0.849872
-0.666233,0.310349,1.00092,-0.849872
-0.653031,0.295325,1.00091,-0.849872
-0.639829,0.280301,1.00091,-0.849872
-0.626628,0.265277,1.00091,-0.849872
-0.613426,0.250253,1.00091,-0.849872
-0.600225,0.235229,1.0009,-0.849872
-0.587023,0.220205,1.0009,-0.849872
-0.573821,0.205181,1.0009,-0.849872
-0.56062,0.190157,1.00089,-0.849872
-0.547418,0.175134,1.00089,-0.849872
-0.534217,0.16011,1.00089,-0.849872
-0.521015,0.145086,1.00089,-0.849872
-0.507813,0.130062,1.00088,-0.849872
-0.494612,0.115038,1.00088,-0.849872
-0.48141,0.100014,1.00088,-0.849872
-0.468209,0.08499,1.00088,-0.849872
-0.455007,0.0699661,1.00087,-0.849872
-0.441805,0.0549422,1.00087,-0.849872
-0.428604,0.0399183,1.00087,-0.849872
-0.415402,0.0248944,1.00087,-0.849872
-0.402201,0.00987048,1.00086,-0.849872
-0.388999,-0.00515343,1.00086,-0.849872
-0.375797,-0.0201773,1.00086,-0.849872
-0.362596,-0.0352012,1.00086,-0.849872
-0.349394,-0.0502252,1.00085,-0.849872
-0.336193,-0.0652491,1.00085,-0.849872
-0.322991,-0.080273,1.00085,-0.849872
-0.30979,-0.0952969,1.00085,-0.849872
-0.296588,-0.110321,1.00084,-0.849872
-0.283386,-0.125345,1.00084,-0.849872
-0.270185,-0.140369,1.00084,-0.849872
-0.256983,-0.155393,1.00084,-0.849872
-0.243782,-0.170416,1.00083,-0.849872
-0.23058,-0.18544,1.00083,-0.849872
-0.217378,-0.200464,1.00083,-0.849872
-0.204177,-0.215488,1.00082,-0.849872
-0.190975,-0.230512,1.00082,-0.849872
-0.177774,-0.245536,1.00082,-0.849872
-0.186801,-0.262514,1.00632,-0.873656
-0.195828,-0.279491,1.01182,-0.89744
-0.204855,-0.296469,1.01733,-0.921224
-0.213882,-0.313446,1.02283,-0.945008
-0.222909,-0.330424,1.02833,-0.968792
-0.231936,-0.347401,1.03383,-0.992576
-0.240963,-0.364379,1.03933,-1.01636
-0.24999,-0.381357,1.04484,-1.04014
-0.259017,-0.398334,1.05034,-1.06393
-0.268044,-0.415312,1.05584,-1.08771
-0.277071,-0.432289,1.06134,-1.1115
-0.286098,-0.449267,1.06685,-1.13528
-0.295125,-0.466244,1.07235,-1.15907
-0.304152,-0.483222,1.07785,-1.18285
-0.31318,-0.5002,1.08335,-1.20663
-0.322207,-0.517177,1.08885,-1.23042
-0.331234,-0.534155,1.09436,-1.2542
-0.340261,-0.551132,1.09986,-1.27799
-0.349288,-0.56811,1.10536,-1.30177
-0.358315,-0.585087,1.11086,-1.32555
-0.367342,-0.602065,1.11637,-1.34934
-0.376369,-0.619043,1.12187,-1.37312
-0.385396,-0.63602,1.12737,-1.39691
-0.394423,-0.652998,1.13287,-1.42069
-0.40345,-0.669975,1.13837,-1.44447
-0.412477,-0.686953,1.14388,-1.46826
-0.421504,-0.70393,1.14938,-1.49204
-0.430531,-0.720908,1.15488,-1.51583
-0.439558,-0.737886,1.16038,-1.53961
-0.448586,-0.754863,1.16589,-1.5634
-0.457613,-0.771841,1.17139,-1.58718
-0.46664,-0.788818,1.17689,-1.61096
-0.475667,-0.805796,1.18239,-1.63475
-0.484694,-0.822773,1.18789,-1.65853
-0.493721,-0.839751,1.1934,-1.68232
-0.502748,-0.856729,1.1989,-1.7061
-0.511775,-0.873706,1.2044,-1.72988
-0.520802,-0.890684,1.2099,-1.75367
-0.529829,-0.907661,1.21541,-1.77745
-0.538856,-0.924639,1.22091,-1.80124
-0.547883,-0.941616,1.22641,-1.82502
-0.55691,-0.958594,1.23191,-1.8488
-0.565937,-0.975572,1.23741,-1.87259
-0.574964,-0.992549,1.24292,-1.89637
-0.583992,-1.00953,1.24842,-1.92016
-0.593019,-1.0265,1.25392,-1.94394
-0.602046,-1.04348,1.25942,-1.96773
-0.611073,-1.06046,1.26492,-1.99151
-0.6201,-1.07744,1.27043,-2.01529
-0.629127,-1.09441,1.27593,-2.03908
-0.622471,-1.11305,1.27302,-2.02293
-0.615815,-1.13168,1.27011,-2.00678
-0.60916,-1.15032,1.26721,-1.99063
-0.602504,-1.16895,1.2643,-1.97447
-0.595848,-1.18759,1.26139,-1.95832
-0.589193,-1.20622,1.25849,-1.94217
-0.582537,-1.22486,1.25558,-1.92602
-0.575881,-1.24349,1.25267,-1.90987
-0.569226,-1.26213,1.24976,-1.89372
-0.56257,-1.28076,1.24686,-1.87757
-0.555914,-1.2994,1.24395,-1.86142
-0.549258,-1.31803,1.24104,-1.84527
-0.542603,-1.33666,1.23814,-1.82912
-0.535947,-1.3553,1.23523,-1.81297
-0.529291,-1.37393,1.23232,-1.79682
-0.522636,-1.39257,1.22941,-1.78067
-0.51598,-1.4112,1.22651,-1.76452
-0.509324,-1.42984,1.2236,-1.74836
-0.502669,-1.44847,1.22069,-1.73221
-0.496013,-1.46711,1.21778,-1.71606
-0.489357,-1.48574,1.21488,-1.69991
-0.482701,-1.50438,1.21197,-1.68376
-0.476046,-1.52301,1.20906,-1.66761
-0.46939,-1.54165,1.20616,-1.65146
-0.462734,-1.56028,1.20325,-1.63531
-0.456079,-1.57892,1.20034,-1.61916
-0.449423,-1.59755,1.19743,-1.60301
-0.442767,-1.61618,1.19453,-1.58686
-0.436112,-1.63482,1.19162,-1.57071
-0.429456,-1.65345,1.18871,-1.55456
-0.4228,-1.67209,1.18581,-1.5384
-0.416144,-1.69072,1.1829,-1.52225
-0.409489,-1.70936,1.17999,-1.5061
-0.402833,-1.72799,1.17708,-1.48995
-0.396177,-1.74663,1.17418,-1.4738
-0.389522,-1.76526,1.17127,-1.45765
-0.382866,-1.7839,1.16836,-1.4415
-0.37621,-1.80253,1.16545,-1.42535
-0.369555,-1.82117,1.16255,-1.4092
-0.362899,-1.8398,1.15964,-1.39305
-0.356243,-1.85843,1.15673,-1.3769
-0.349587,-1.87707,1.15383,-1.36075
-0.342932,-1.8957,1.15092,-1.3446
-0.336276,-1.91434,1.14801,-1.32845
-0.32962,-1.93297,1.1451,-1.31229
-0.322965,-1.95161,1.1422,-1.29614
-0.316309,-1.97024,1.13929,-1.27999
-0.309653,-1.98888,1.13638,-1.26384
-0.302998,-2.00751,1.13348,-1.24769
-0.296342,-2.02615,1.13057,-1.23154
-0.29645,-2.04026,1.14474,-1.23843
-0.296557,-2.05437,1.15892,-1.24533
-0.296665,-2.06848,1.17309,-1.25222
-0.296773,-2.08259,1.18726,-1.25911
-0.296881,-2.0967,1.20144,-1.26601
-0.296989,-2.11081,1.21561,-1.2729
-0.297097,-2.12492,1.22978,-1.27979
-0.297204,-2.13903,1.24396,-1.28668
-0.297312,-2.15314,1.25813,-1.29358
-0.29742,-2.16725,1.27231,-1.30047
-0.297528,-2.18136,1.28648,-1.30736
-0.297636,-2.19547,1.30065,-1.31426
-0.297744,-2.20958,1.31483,-1.32115
-0.297851,-2.22369,1.329,-1.32804
-0.297959,-2.2378,1.34317,-1.33493
-0.298067,-2.25191,1.35735,-1.34183
-0.298175,-2.26602,1.37152,-1.34872
-0.298283,-2.28013,1.3857,-1.35561
-0.29839,-2.29424,1.39987,-1.36251
-0.298498,-2.30835,1.41404,-1.3694
-0.298606,-2.32246,1.42822,-1.37629
-0.298714,-2.33657,1.44239,-1.38319
-0.298822,-2.35068,1.45656,-1.39008
-0.29893,-2.36479,1.47074,-1.39697
-0.299037,-2.3789,1.48491,-1.40386
-0.299145,-2.39301,1.49908,-1.41076
-0.299253,-2.40712,1.51326,-1.41765
-0.299361,-2.42123,1.52743,-1.42454
-0.299469,-2.43534,1.54161,-1.43144
-0.299576,-2.44945,1.55578,-1.43833
-0.299684,-2.46356,1.56995,-1.44522
-0.299792,-2.47767,1.58413,-1.45211
-0.2999,-2.49178,1.5983,-1.45901
-0.300008,-2.50589,1.61247,-1.4659
-0.300116,-2.52,1.62665,-1.47279
-0.300223,-2.53411,1.64082,-1.47969
-0.300331,-2.54822,1.655,-1.48658
-0.300439,-2.56233,1.66917,-1.49347
-0.300547,-2.57644,1.68334,-1.50037
-0.300655,-2.59055,1.69752,-1.50726
-0.300762,-2.60466,1.71169,-1.51415
-0.30087,-2.61877,1.72586,-1.52104
-0.300978,-2.63288,1.74004,-1.52794
-0.301086,-2.64699,1.75421,-1.53483
-0.301194,-2.6611,1.76839,-1.54172
-0.301302,-2.67521,1.78256,-1.54862
-0.301409,-2.68932,1.79673,-1.55551
-0.301517,-2.70343,1.81091,-1.5624
-0.301625,-2.71754,1.82508,-1.56929
-0.301733,-2.73165,1.83925,-1.57619
-0.297008,-2.75097,1.84139,-1.57131
-0.292284,-2.77028,1.84353,-1.56643
-0.287559,-2.7896,1.84567,-1.56156
-0.282835,-2.80891,1.84781,-1.55668
-0.27811,-2.82823,1.84995,-1.5518
-0.273386,-2.84755,1.85208,-1.54692
-0.268661,-2.86686,1.85422,-1.54205
-0.263936,-2.88618,1.85636,-1.53717
-0.259212,-2.90549,1.8585,-1.53229
-0.254487,-2.92481,1.86064,-1.52741
-0.249763,-2.94413,1.86278,-1.52254
-0.245038,-2.96344,1.86491,-1.51766
-0.240314,-2.98276,1.86705,-1.51278
-0.235589,-3.00207,1.86919,-1.5079
-0.230864,-3.02139,1.87133,-1.50303
-0.22614,-3.04071,1.87347,-1.49815
-0.221415,-3.06002,1.87561,-1.49327
-0.216691,-3.07934,1.87774,-1.48839
-0.211966,-3.09865,1.87988,-1.48352
-0.207242,-3.11797,1.88202,-1.47864
-0.202517,-3.13729,1.88416,-1.47376
-0.197793,-3.1566,1.8863,-1.46888
-0.193068,-3.17592,1.88844,-1.46401
-0.188343,-3.19523,1.89058,-1.45913
-0.183619,-3.21455,1.89271,-1.45425
-0.178894,-3.23387,1.89485,-1.44937
-0.17417,-3.25318,1.89699,-1.4445
-0.169445,-3.2725,1.89913,-1.43962
-0.164721,-3.29181,1.90127,-1.43474
-0.159996,-3.31113,1.90341,-1.42986
-0.155272,-3.33045,1.90554,-1.42499
-0.150547,-3.34976,1.90768,-1.42011
-0.145822,-3.36908,1.90982,-1.41523
-0.141098,-3.38839,1.91196,-1.41035
-0.136373,-3.40771,1.9141,-1.40548
-0.131649,-3.42702,1.91624,-1.4006
-0.126924,-3.44634,1.91837,-1.39572
-0.1222,-3.46566,1.92051,-1.39084
-0.117475,-3.48497,1.92265,-1.38597
-0.112751,-3.50429,1.92479,-1.38109
-0.108026,-3.5236,1.92693,-1.37621
-0.103301,-3.54292,1.92907,-1.37133
-0.0985768,-3.56224,1.93121,-1.36646
-0.0938523,-3.58155,1.93334,-1.36158
-0.0891277,-3.60087,1.93548,-1.3567
-0.0844032,-3.62018,1.93762,-1.35182
-0.0796786,-3.6395,1.93976,-1.34695
-0.074954,-3.65882,1.9419,-1.34207
-0.0702295,-3.67813,1.94404,-1.33719
-0.0655049,-3.69745,1.94617,-1.33231
-0.0640237,-3.71722,1.94882,-1.3356
-0.0625426,-3.73699,1.95146,-1.33889
-0.0610614,-3.75675,1.95411,-1.34218
-0.0595802,-3.77652,1.95676,-1.34546
-0.058099,-3.79629,1.9594,-1.34875
-0.0566179,-3.81606,1.96205,-1.35204
-0.0551367,-3.83583,1.96469,-1.35532
-0.0536555,-3.8556,1.96734,-1.35861
-0.0521743,-3.87537,1.96998,-1.3619
-0.0506931,-3.89514,1.97263,-1.36519
-0.049212,-3.91491,1.97527,-1.36847
-0.0477308,-3.93467,1.97792,-1.37176
-0.0462496,-3.95444,1.98057,-1.37505
-0.0447684,-3.97421,1.98321,-1.37833
-0.0432873,-3.99398,1.98586,-1.38162
-0.0418061,-4.01375,1.9885,-1.38491
-0.0403249,-4.03352,1.99115,-1.3882
-0.0388437,-4.05329,1.99379,-1.39148
-0.0373626,-4.07306,1.99644,-1.39477
-0.0358814,-4.09283,1.99908,-1.39806
-0.0344002,-4.11259,2.00173,-1.40134
-0.032919,-4.13236,2.00437,-1.40463
-0.0314378,-4.15213,2.00702,-1.40792
-0.0299567,-4.1719,2.00967,-1.4112
-0.0284755,-4.19167,2.01231,-1.41449
-0.0269943,-4.21144,2.01496,-1.41778
-0.0255131,-4.23121,2.0176,-1.42107
-0.024032,-4.25098,2.02025,-1.42435
-0.0225508,-4.27074,2.02289,-1.42764
-0.0210696,-4.29051,2.02554,-1.43093
-0.0195884,-4.31028,2.02818,-1.43421
-0.0181072,-4.33005,2.03083,-1.4375
-0.0166261,-4.34982,2.03347,-1.44079
-0.0151449,-4.36959,2.03612,-1.44408
-0.0136637,-4.38936,2.03877,-1.44736
-0.0121825,-4.40913,2.04141,-1.45065
-0.0107014,-4.4289,2.04406,-1.45394
-0.00922018,-4.44866,2.0467,-1.45722
-0.007739,-4.46843,2.04935,-1.46051
-0.00625783,-4.4882,2.05199,-1.4638
-0.00477665,-4.50797,2.05464,-1.46709
-0.00329547,-4.52774,2.05728,-1.47037
-0.0018143,-4.54751,2.05993,-1.47366
-0.000333118,-4.56728,2.06257,-1.47695
0.00114806,-4.58705,2.06522,-1.48023
0.00262924,-4.60682,2.06787,-1.48352
0.00411041,-4.62658,2.07051,-1.48681
0.00559159,-4.64635,2.07316,-1.4901
0.00707277,-4.66612,2.0758,-1.49338
0.00855395,-4.68589,2.07845,-1.49667
0.00036943,-4.70356,2.07389,-1.50658
-0.00781509,-4.72123,2.06933,-1.5165
-0.0159996,-4.7389,2.06478,-1.52641
-0.0241841,-4.75657,2.06022,-1.53633
-0.0323686,-4.77424,2.05566,-1.54624
-0.0405532,-4.79191,2.05111,-1.55616
-0.0487377,-4.80959,2.04655,-1.56607
-0.0569222,-4.82726,2.04199,-1.57599
-0.0651067,-4.84493,2.03744,-1.5859
-0.0732912,-4.8626,2.03288,-1.59582
-0.0814757,-4.88027,2.02832,-1.60573
-0.0896603,-4.89794,2.02377,-1.61565
-0.0978448,-4.91561,2.01921,-1.62556
-0.106029,-4.93328,2.01465,-1.63547
-0.114214,-4.95095,2.0101,-1.64539
-0.122398,-4.96862,2.00554,-1.6553
-0.130583,-4.98629,2.00098,-1.66522
-0.138767,-5.00396,1.99643,-1.67513
-0.146952,-5.02163,1.99187,-1.68505
-0.155136,-5.0393,1.98731,-1.69496
-0.163321,-5.05697,1.98276,-1.70488
-0.171505,-5.07464,1.9782,-1.71479
-0.17969,-5.09231,1.97364,-1.72471
-0.187874,-5.10999,1.96909,-1.73462
-0.196059,-5.12766,1.96453,-1.74454
-0.204243,-5.14533,1.95997,-1.75445
-0.212428,-5.163,1.95542,-1.76436
-0.220613,-5.18067,1.95086,-1.77428
-0.228797,-5.19834,1.9463,-1.78419
-0.236982,-5.21601,1.94175,-1.79411
-0.245166,-5.23368,1.93719,-1.80402
-0.253351,-5.25135,1.93263,-1.81394
-0.261535,-5.26902,1.92808,-1.82385
-0.26972,-5.28669,1.92352,-1.83377
-0.277904,-5.30436,1.91896,-1.84368
-0.286089,-5.32203,1.91441,-1.8536
-0.294273,-5.3397,1.90985,-1.86351
-0.302458,-5.35737,1.90529,-1.87343
-0.310642,-5.37504,1.90074,-1.88334
-0.318827,-5.39272,1.89618,-1.89326
-0.327011,-5.41039,1.89162,-1.90317
-0.335196,-5.42806,1.88707,-1.91308
-0.34338,-5.44573,1.88251,-1.923
-0.351565,-5.4634,1.87795,-1.93291
-0.359749,-5.48107,1.8734,-1.94283
-0.367934,-5.49874,1.86884,-1.95274
-0.376118,-5.51641,1.86428,-1.96266
-0.384303,-5.53408,1.85973,-1.97257
-0.392487,-5.55175,1.85517,-1.98249
-0.400672,-5.56942,1.85061,-1.9924
-0.392434,-5.58078,1.86487,-1.97548
-0.384195,-5.59214,1.87912,-1.95856
-0.375957,-5.6035,1.89337,-1.94163
-0.367719,-5.61486,1.90762,-1.92471
-0.35948,-5.62622,1.92187,-1.90779
-0.351242,-5.63758,1.93612,-1.89086
-0.343004,-5.64894,1.95037,-1.87394
-0.334765,-5.6603,1.96462,-1.85702
-0.326527,-5.67166,1.97887,-1.84009
-0.318289,-5.68302,1.99312,-1.82317
-0.31005,-5.69438,2.00737,-1.80625
-0.301812,-5.70574,2.02162,-1.78932
-0.293574,-5.7171,2.03587,-1.7724
-0.285335,-5.72846,2.05012,-1.75548
-0.277097,-5.73982,2.06437,-1.73855
-0.268859,-5.75118,2.07863,-1.72163
-0.260621,-5.76254,2.09288,-1.70471
-0.252382,-5.7739,2.10713,-1.68778
-0.244144,-5.78526,2.12138,-1.67086
-0.235906,-5.79662,2.13563,-1.65394
-0.227667,-5.80798,2.14988,-1.63701
-0.219429,-5.81934,2.16413,-1.62009
-0.211191,-5.8307,2.17838,-1.60317
-0.202952,-5.84206,2.19263,-1.58624
-0.194714,-5.85342,2.20688,-1.56932
-0.186476,-5.86478,2.22113,-1.5524
-0.178237,-5.87614,2.23538,-1.53547
-0.169999,-5.8875,2.24963,-1.51855
-0.161761,-5.89886,2.26388,-1.50163
-0.153522,-5.91022,2.27813,-1.48471
-0.145284,-5.92158,2.29238,-1.46778
-0.137046,-5.93294,2.30664,-1.45086
-0.128807,-5.9443,2.32089,-1.43394
-0.120569,-5.95566,2.33514,-1.41701
-0.112331,-5.96702,2.34939,-1.40009
-0.104093,-5.97838,2.36364,-1.38317
-0.0958542,-5.98974,2.37789,-1.36624
-0.0876159,-6.0011,2.39214,-1.34932
-0.0793776,-6.01246,2.40639,-1.3324
-0.0711393,-6.02382,2.42064,-1.31547
-0.062901,-6.03518,2.43489,-1.29855
-0.0546626,-6.04654,2.44914,-1.28163
-0.0464243,-6.0579,2.46339,-1.2647
-0.038186,-6.06926,2.47764,-1.24778
-0.0299477,-6.08062,2.49189,-1.23086
-0.0217094,-6.09198,2.50614,-1.21393
-0.0134711,-6.10334,2.52039,-1.19701
-0.00523275,-6.1147,2.53465,-1.18009
0.00300557,-6.12606,2.5489,-1.16316
0.0112439,-6.13742,2.56315,-1.14624
0.0303979,-6.1398,2.55791,-1.12915
0.0495518,-6.14218,2.55267,-1.11207
0.0687058,-6.14456,2.54743,-1.09498
0.0878598,-6.14694,2.54218,-1.07789
0.107014,-6.14932,2.53694,-1.06081
0.126168,-6.1517,2.5317,-1.04372
0.145322,-6.15408,2.52646,-1.02663
0.164476,-6.15646,2.52122,-1.00955
0.18363,-6.15883,2.51598,-0.992459
0.202784,-6.16121,2.51074,-0.975373
0.221938,-6.16359,2.5055,-0.958286
0.241092,-6.16597,2.50026,-0.941199
0.260246,-6.16835,2.49502,-0.924112
0.2794,-6.17073,2.48978,-0.907025
0.298554,-6.17311,2.48454,-0.889938
0.317708,-6.17549,2.4793,-0.872852
0.336862,-6.17787,2.47406,-0.855765
0.356016,-6.18025,2.46882,-0.838678
0.37517,-6.18263,2.46358,-0.821591
0.394323,-6.18501,2.45834,-0.804504
0.413477,-6.18739,2.45309,-0.787417
0.432631,-6.18977,2.44785,-0.770331
0.451785,-6.19215,2.44261,-0.753244
0.470939,-6.19452,2.43737,-0.736157
0.490093,-6.1969,2.43213,-0.71907
0.509247,-6.19928,2.42689,-0.701983
0.528401,-6.20166,2.42165,-0.684896
0.547555,-6.20404,2.41641,-0.66781
0.566709,-6.20642,2.41117,-0.650723
0.585863,-6.2088,2.40593,-0.633636
0.605017,-6.21118,2.40069,-0.616549
0.624171,-6.21356,2.39545,-0.599462
0.643325,-6.21594,2.39021,-0.582376
0.662479,-6.21832,2.38497,-0.565289
0.681633,-6.2207,2.37973,-0.548202
0.700787,-6.22308,2.37449,-0.531115
0.719941,-6.22546,2.36924,-0.514028
0.739095,-6.22784,2.364,-0.496941
0.758249,-6.23022,2.35876,-0.479855
0.777403,-6.23259,2.35352,-0.462768
0.796557,-6.23497,2.34828,-0.445681
0.815711,-6.23735,2.34304,-0.428594
0.834865,-6.23973,2.3378,-0.411507
0.854019,-6.24211,2.33256,-0.39442
0.873173,-6.24449,2.32732,-0.377334
0.892327,-6.24687,2.32208,-0.360247
0.911481,-6.24925,2.31684,-0.34316
0.930635,-6.25163,2.3116,-0.326073
0.949789,-6.25401,2.30636,-0.308986
0.968943,-6.25639,2.30112,-0.291899
0.949167,-6.25868,2.30303,-0.345897
0.929391,-6.26098,2.30494,-0.399895
0.909615,-6.26327,2.30684,-0.453893
0.889839,-6.26557,2.30875,-0.507891
0.870063,-6.26786,2.31066,-0.561889
0.850287,-6.27015,2.31257,-0.615887
0.830511,-6.27245,2.31448,-0.669885
0.810735,-6.27474,2.31639,-0.723883
0.790959,-6.27704,2.3183,-0.777881
0.771183,-6.27933,2.32021,-0.831879
0.751407,-6.28163,2.32212,-0.885877
0.73163,-6.28392,2.32402,-0.939875
0.711854,-6.28622,2.32593,-0.993873
0.692078,-6.28851,2.32784,-1.04787
0.672302,-6.2908,2.32975,-1.10187
0.652526,-6.2931,2.33166,-1.15587
0.63275,-6.29539,2.33357,-1.20986
0.612974,-6.29769,2.33548,-1.26386
0.593198,-6.29998,2.33739,-1.31786
0.573422,-6.30228,2.3393,-1.37186
0.553646,-6.30457,2.3412,-1.42586
0.53387,-6.30687,2.34311,-1.47985
0.514094,-6.30916,2.34502,-1.53385
0.494318,-6.31146,2.34693,-1.58785
0.474542,-6.31375,2.34884,-1.64185
0.454766,-6.31604,2.35075,-1.69585
0.43499,-6.31834,2.35266,-1.74984
0.415214,-6.32063,2.35457,-1.80384
0.395438,-6.32293,2.35648,-1.85784
0.375662,-6.32522,2.35838,-1.91184
0.355886,-6.32752,2.36029,-1.96584
0.33611,-6.32981,2.3622,-2.01983
0.316334,-6.33211,2.36411,-2.07383
0.296558,-6.3344,2.36602,-2.12783
0.276782,-6.33669,2.36793,-2.18183
0.257006,-6.33899,2.36984,-2.23583
0.23723,-6.34128,2.37175,-2.28982
0.217454,-6.34358,2.37366,-2.34382
0.197678,-6.34587,2.37556,-2.39782
0.177902,-6.34817,2.37747,-2.45182
0.158125,-6.35046,2.37938,-2.50582
0.138349,-6.35276,2.38129,-2.55981
0.118573,-6.35505,2.3832,-2.61381
0.0987974,-6.35734,2.38511,-2.66781
0.0790214,-6.35964,2.38702,-2.72181
0.0592453,-6.36193,2.38893,-2.77581
0.0394693,-6.36423,2.39084,-2.8298
0.0196933,-6.36652,2.39274,-2.8838
-8.2783e-05,-6.36882,2.39465,-2.9378
-0.0198588,-6.37111,2.39656,-2.9918
-0.00187678,-6.36498,2.39031,-3.04856
0.0161052,-6.35884,2.38407,-3.10533
0.0340873,-6.35271,2.37782,3.12109
0.0520693,-6.34658,2.37157,3.06432
0.0700513,-6.34044,2.36533,3.00756
0.0880334,-6.33431,2.35908,2.95079
0.106015,-6.32818,2.35283,2.89403
0.123997,-6.32204,2.34658,2.83726
0.141979,-6.31591,2.34034,2.78049
0.159962,-6.30978,2.33409,2.72373
0.177944,-6.30364,2.32784,2.66696
0.195926,-6.29751,2.32159,2.61019
0.213908,-6.29138,2.31535,2.55343
0.23189,-6.28524,2.3091,2.49666
0.249872,-6.27911,2.30285,2.4399
0.267854,-6.27298,2.29661,2.38313
0.285836,-6.26684,2.29036,2.32636
0.303818,-6.26071,2.28411,2.2696
0.3218,-6.25458,2.27786,2.21283
0.339782,-6.24844,2.27162,2.15607
0.357764,-6.24231,2.26537,2.0993
0.375746,-6.23618,2.25912,2.04253
0.393728,-6.23004,2.25288,1.98577
0.41171,-6.22391,2.24663,1.929
0.429692,-6.21778,2.24038,1.87224
0.447674,-6.21164,2.23413,1.81547
0.465656,-6.20551,2.22789,1.7587
0.483638,-6.19938,2.22164,1.70194
0.50162,-6.19324,2.21539,1.64517
0.519602,-6.18711,2.20914,1.58841
0.537584,-6.18098,2.2029,1.53164
0.555566,-6.17484,2.19665,1.47487
0.573548,-6.16871,2.1904,1.41811
0.59153,-6.16258,2.18416,1.36134
0.609512,-6.15644,2.17791,1.30457
0.627494,-6.15031,2.17166,1.24781
0.645476,-6.14418,2.16541,1.19104
0.663458,-6.13804,2.15917,1.13428
0.68144,-6.13191,2.15292,1.07751
0.699422,-6.12578,2.14667,1.02074
0.717405,-6.11964,2.14043,0.963978
0.735387,-6.11351,2.13418,0.907212
0.753369,-6.10738,2.12793,0.850446
0.771351,-6.10124,2.12168,0.79368
0.789333,-6.09511,2.11544,0.736914
0.807315,-6.08898,2.10919,0.680148
0.825297,-6.08284,2.10294,0.623382
0.843279,-6.07671,2.09669,0.566616
0.861261,-6.07058,2.09045,0.50985
0.720702,-6.11707,2.41268,1.29311
0.701788,-6.12356,2.41226,1.34415
0.682874,-6.13004,2.41185,1.39518
0.66396,-6.13653,2.41144,1.44622
0.645046,-6.14302,2.41103,1.49725
0.626133,-6.14951,2.41062,1.54829
0.607219,-6.156,2.41021,1.59932
0.588305,-6.16249,2.4098,1.65036
0.569391,-6.16897,2.40938,1.7014
0.550477,-6.17546,2.40897,1.75243
0.531563,-6.18195,2.40856,1.80347
0.51265,-6.18844,2.40815,1.8545
0.493736,-6.19493,2.40774,1.90554
0.474822,-6.20142,2.40733,1.95658
0.455908,-6.2079,2.40691,2.00761
0.436994,-6.21439,2.4065,2.05865
0.41808,-6.22088,2.40609,2.10968
0.399167,-6.22737,2.40568,2.16072
0.380253,-6.23386,2.40527,2.21175
0.361339,-6.24034,2.40486,2.26279
0.342425,-6.24683,2.40445,2.31383
0.323511,-6.25332,2.40403,2.36486
0.304597,-6.25981,2.40362,2.4159
0.285683,-6.2663,2.40321,2.46693
0.26677,-6.27279,2.4028,2.51797
0.247856,-6.27927,2.40239,2.56901
0.228942,-6.28576,2.40198,2.62004
0.210028,-6.29225,2.40156,2.67108
0.191114,-6.29874,2.40115,2.72211
0.1722,-6.30523,2.40074,2.77315
0.153287,-6.31172,2.40033,2.82418
0.134373,-6.3182,2.39992,2.87522
0.115459,-6.32469,2.39951,2.92626
0.0965451,-6.33118,2.39909,2.97729
0.0776312,-6.33767,2.39868,3.02833
0.0587174,-6.34416,2.39827,3.07936
0.0398035,-6.35064,2.39786,3.1304
0.0208897,-6.35713,2.39745,-3.10175
0.00197584,-6.36362,2.39704,-3.05071
-0.016938,-6.37011,2.39663,-2.99968
0.879243,-6.06444,2.0842,0.453083
0.862238,-6.06942,2.09348,0.392276
0.845232,-6.07439,2.10276,0.331469
0.828227,-6.07936,2.11203,0.270662
0.811222,-6.08434,2.12131,0.209855
0.794217,-6.08931,2.13059,0.149047
0.777211,-6.09428,2.13987,0.0882401
0.760206,-6.09926,2.14915,0.0274329
0.743201,-6.10423,2.15843,-0.0333744
0.726196,-6.1092,2.1677,-0.0941816
0.709191,-6.11418,2.17698,-0.154989
0.692185,-6.11915,2.18626,-0.215796
0.67518,-6.12412,2.19554,-0.276603
0.658175,-6.1291,2.20482,-0.33741
0.64117,-6.13407,2.2141,-0.398218
0.624164,-6.13905,2.22337,-0.459025
0.607159,-6.14402,2.23265,-0.519832
0.590154,-6.14899,2.24193,-0.580639
0.573149,-6.15397,2.25121,-0.641447
0.556144,-6.15894,2.26049,-0.702254
0.539138,-6.16391,2.26976,-0.763061
0.522133,-6.16889,2.27904,-0.823868
0.505128,-6.17386,2.28832,-0.884675
0.488123,-6.17883,2.2976,-0.945483
0.471117,-6.18381,2.30688,-1.00629
0.454112,-6.18878,2.31616,-1.0671
0.437107,-6.19375,2.32543,-1.1279
0.420102,-6.19873,2.33471,-1.18871
0.403097,-6.2037,2.34399,-1.24952
0.386091,-6.20868,2.35327,-1.31033
0.369086,-6.21365,2.36255,-1.37113
0.352081,-6.21862,2.37183,-1.43194
0.335076,-6.2236,2.3811,-1.49275
0.31807,-6.22857,2.39038,-1.55355
0.301065,-6.23354,2.39966,-1.61436
0.28406,-6.23852,2.40894,-1.67517
0.267055,-6.24349,2.41822,-1.73598
0.250049,-6.24846,2.4275,-1.79678
0.233044,-6.25344,2.43677,-1.85759
0.216039,-6.25841,2.44605,-1.9184
0.199034,-6.26338,2.45533,-1.97921
0.182029,-6.26836,2.46461,-2.04001
0.165023,-6.27333,2.47389,-2.10082
0.148018,-6.27831,2.48316,-2.16163
0.131013,-6.28328,2.49244,-2.22243
0.114008,-6.28825,2.50172,-2.28324
0.0970025,-6.29323,2.511,-2.34405
0.0799972,-6.2982,2.52028,-2.40486
0.062992,-6.30317,2.52956,-2.46566
0.0459868,-6.30815,2.53883,-2.52647
0.0289816,-6.31312,2.54811,-2.58728
0.0483193,-6.31547,2.55264,-2.54069
0.067657,-6.31782,2.55718,-2.49411
0.0869947,-6.32016,2.56171,-2.44753
0.106332,-6.32251,2.56624,-2.40094
0.12567,-6.32486,2.57077,-2.35436
0.145008,-6.32721,2.57531,-2.30777
0.164345,-6.32955,2.57984,-2.26119
0.183683,-6.3319,2.58437,-2.2146
0.203021,-6.33425,2.5889,-2.16802
0.222359,-6.3366,2.59344,-2.12144
0.241696,-6.33894,2.59797,-2.07485
0.261034,-6.34129,2.6025,-2.02827
0.280372,-6.34364,2.60703,-1.98168
0.299709,-6.34599,2.61157,-1.9351
0.319047,-6.34833,2.6161,-1.88851
0.338385,-6.35068,2.62063,-1.84193
0.357722,-6.35303,2.62516,-1.79535
0.37706,-6.35538,2.6297,-1.74876
0.396398,-6.35772,2.63423,-1.70218
0.415736,-6.36007,2.63876,-1.65559
0.435073,-6.36242,2.64329,-1.60901
0.454411,-6.36477,2.64782,-1.56243
0.473749,-6.36711,2.65236,-1.51584
0.493086,-6.36946,2.65689,-1.46926
0.512424,-6.37181,2.66142,-1.42267
0.531762,-6.37416,2.66595,-1.37609
0.551099,-6.3765,2.67049,-1.3295
0.570437,-6.37885,2.67502,-1.28292
0.589775,-6.3812,2.67955,-1.23634
0.609112,-6.38355,2.68408,-1.18975
0.62845,-6.38589,2.68862,-1.14317
0.647788,-6.38824,2.69315,-1.09658
0.667126,-6.39059,2.69768,-1.05
0.686463,-6.39294,2.70221,-1.00342
0.705801,-6.39528,2.70675,-0.956831
0.725139,-6.39763,2.71128,-0.910247
0.744476,-6.39998,2.71581,-0.863663
0.763814,-6.40233,2.72034,-0.817078
0.783152,-6.40467,2.72488,-0.770494
0.802489,-6.40702,2.72941,-0.72391
0.821827,-6.40937,2.73394,-0.677326
0.841165,-6.41172,2.73847,-0.630742
0.860503,-6.41406,2.743,-0.584157
0.87984,-6.41641,2.74754,-0.537573
0.899178,-6.41876,2.75207,-0.490989
0.918516,-6.42111,2.7566,-0.444405
0.937853,-6.42346,2.76113,-0.397821
0.957191,-6.4258,2.76567,-0.351236
0.976529,-6.42815,2.7702,-0.304652
0.518039,-6.27276,2.86471,-0.936562
0.50129,-6.27414,2.85387,-0.993095
0.484541,-6.27552,2.84303,-1.04963
0.467792,-6.2769,2.83219,-1.10616
0.451044,-6.27829,2.82134,-1.16269
0.434295,-6.27967,2.8105,-1.21922
0.417546,-6.28105,2.79966,-1.27576
0.400797,-6.28243,2.78882,-1.33229
0.384048,-6.28382,2.77797,-1.38882
0.367299,-6.2852,2.76713,-1.44535
0.35055,-6.28658,2.75629,-1.50189
0.333802,-6.28796,2.74544,-1.55842
0.317053,-6.28934,2.7346,-1.61495
0.300304,-6.29073,2.72376,-1.67148
0.283555,-6.29211,2.71292,-1.72802
0.266806,-6.29349,2.70207,-1.78455
0.250057,-6.29487,2.69123,-1.84108
0.233309,-6.29626,2.68039,-1.89761
0.21656,-6.29764,2.66955,-1.95415
0.199811,-6.29902,2.6587,-2.01068
0.183062,-6.3004,2.64786,-2.06721
0.166313,-6.30179,2.63702,-2.12374
0.149564,-6.30317,2.62617,-2.18027
0.132815,-6.30455,2.61533,-2.23681
0.116067,-6.30593,2.60449,-2.29334
0.0993177,-6.30732,2.59365,-2.34987
0.0825689,-6.3087,2.5828,-2.4064
0.06582,-6.31008,2.57196,-2.46294
0.0490712,-6.31146,2.56112,-2.51947
0.0323223,-6.31284,2.55028,-2.576
0.233414,-6.26605,2.86399,-1.66479
0.245925,-6.26214,2.84888,-1.62376
0.258437,-6.25823,2.83377,-1.58273
0.270948,-6.25433,2.81867,-1.5417
0.28346,-6.25042,2.80356,-1.50067
0.295971,-6.24652,2.78845,-1.45964
0.308483,-6.24261,2.77335,-1.41861
0.320994,-6.23871,2.75824,-1.37758
0.333506,-6.2348,2.74313,-1.33656
0.346017,-6.23089,2.72803,-1.29553
0.358529,-6.22699,2.71292,-1.2545
0.37104,-6.22308,2.69781,-1.21347
0.383552,-6.21918,2.68271,-1.17244
0.396063,-6.21527,2.6676,-1.13141
0.408575,-6.21137,2.65249,-1.09038
0.421086,-6.20746,2.63739,-1.04935
0.433598,-6.20356,2.62228,-1.00832
0.446109,-6.19965,2.60717,-0.967295
0.458621,-6.19574,2.59207,-0.926266
0.471132,-6.19184,2.57696,-0.885237
0.483644,-6.18793,2.56185,-0.844208
0.496155,-6.18403,2.54675,-0.803179
0.508667,-6.18012,2.53164,-0.76215
0.521178,-6.17622,2.51653,-0.721121
0.533689,-6.17231,2.50143,-0.680092
0.546201,-6.1684,2.48632,-0.639063
0.558712,-6.1645,2.47121,-0.598034
0.571224,-6.16059,2.45611,-0.557005
0.583735,-6.15669,2.441,-0.515976
0.596247,-6.15278,2.42589,-0.474947
0.608758,-6.14888,2.41079,-0.433918
0.62127,-6.14497,2.39568,-0.392889
0.633781,-6.14107,2.38057,-0.35186
0.646293,-6.13716,2.36547,-0.310831
0.658804,-6.13325,2.35036,-0.269802
0.671316,-6.12935,2.33525,-0.228773
0.683827,-6.12544,2.32015,-0.187744
0.696339,-6.12154,2.30504,-0.146715
0.70885,-6.11763,2.28994,-0.105686
0.721362,-6.11373,2.27483,-0.0646572
0.733873,-6.10982,2.25972,-0.0236283
0.746385,-6.10592,2.24462,0.0174007
0.758896,-6.10201,2.22951,0.0584297
0.771408,-6.0981,2.2144,0.0994587
0.783919,-6.0942,2.1993,0.140488
0.796431,-6.09029,2.18419,0.181517
0.808942,-6.08639,2.16908,0.222546
0.821454,-6.08248,2.15398,0.263575
0.833965,-6.07858,2.13887,0.304604
0.846476,-6.07467,2.12376,0.345633
0.858988,-6.07076,2.10866,0.386662
0.871499,-6.06686,2.09355,0.427691
0.995866,-6.4305,2.77473,-0.258068
1.0118,-6.42291,2.76532,-0.239925
1.02773,-6.41532,2.75591,-0.221781
1.04366,-6.40774,2.74649,-0.203638
1.0596,-6.40015,2.73708,-0.185495
1.07553,-6.39256,2.72767,-0.167352
1.09146,-6.38498,2.71826,-0.149208
1.10739,-6.37739,2.70884,-0.131065
1.12333,-6.3698,2.69943,-0.112922
1.13926,-6.36222,2.69002,-0.0947785
1.15519,-6.35463,2.68061,-0.0766353
1.17113,-6.34704,2.6712,-0.058492
1.18706,-6.33946,2.66178,-0.0403487
1.20299,-6.33187,2.65237,-0.0222054
1.21892,-6.32428,2.64296,-0.00406215
1.23486,-6.3167,2.63355,0.0140811
1.25079,-6.30911,2.62413,0.0322244
1.26672,-6.30152,2.61472,0.0503677
1.28265,-6.29394,2.60531,0.068511
1.29859,-6.28635,2.5959,0.0866542
1.31452,-6.27876,2.58648,0.104798
1.33045,-6.27118,2.57707,0.122941
1.34638,-6.26359,2.56766,0.141084
1.36232,-6.256,2.55825,0.159227
1.37825,-6.24842,2.54883,0.177371
1.39418,-6.24083,2.53942,0.195514
1.41011,-6.23324,2.53001,0.213657
1.42605,-6.22566,2.5206,0.2318
1.44198,-6.21807,2.51118,0.249944
1.45791,-6.21048,2.50177,0.268087
1.47384,-6.2029,2.49236,0.28623
1.48978,-6.19531,2.48295,0.304374
1.50571,-6.18772,2.47353,0.322517
1.52164,-6.18014,2.46412,0.34066
1.53758,-6.17255,2.45471,0.358803
1.55351,-6.16496,2.4453,0.376947
1.56944,-6.15738,2.43589,0.39509
1.58537,-6.14979,2.42647,0.413233
1.60131,-6.1422,2.41706,0.431377
1.61724,-6.13462,2.40765,0.44952
1.63317,-6.12703,2.39824,0.467663
1.6491,-6.11944,2.38882,0.485806
1.66504,-6.11185,2.37941,0.50395
1.68097,-6.10427,2.37,0.522093
1.6969,-6.09668,2.36059,0.540236
1.71283,-6.08909,2.35117,0.558379
1.72877,-6.08151,2.34176,0.576523
1.7447,-6.07392,2.33235,0.594666
1.76063,-6.06633,2.32294,0.612809
1.77656,-6.05875,2.31352,0.630953
1.7925,-6.05116,2.30411,0.649096
1.80177,-6.03361,2.30652,0.657885
1.81105,-6.01605,2.30893,0.666674
1.82032,-5.9985,2.31134,0.675464
1.8296,-5.98094,2.31375,0.684253
1.83887,-5.96339,2.31616,0.693042
1.84815,-5.94583,2.31857,0.701831
1.85742,-5.92828,2.32098,0.710621
1.8667,-5.91072,2.32338,0.71941
1.87597,-5.89317,2.32579,0.728199
1.88525,-5.87561,2.3282,0.736988
1.89452,-5.85806,2.33061,0.745778
1.9038,-5.84051,2.33302,0.754567
1.91308,-5.82295,2.33543,0.763356
1.92235,-5.8054,2.33784,0.772145
1.93163,-5.78784,2.34025,0.780935
1.9409,-5.77029,2.34266,0.789724
1.95018,-5.75273,2.34507,0.798513
1.95945,-5.73518,2.34748,0.807302
1.96873,-5.71762,2.34989,0.816092
1.978,-5.70007,2.3523,0.824881
1.98728,-5.68251,2.3547,0.83367
1.99655,-5.66496,2.35711,0.84246
2.00583,-5.6474,2.35952,0.851249
2.0151,-5.62985,2.36193,0.860038
2.02438,-5.61229,2.36434,0.868827
2.03365,-5.59474,2.36675,0.877617
2.04293,-5.57719,2.36916,0.886406
2.0522,-5.55963,2.37157,0.895195
2.06148,-5.54208,2.37398,0.903984
2.07075,-5.52452,2.37639,0.912774
2.08003,-5.50697,2.3788,0.921563
2.08931,-5.48941,2.38121,0.930352
2.09858,-5.47186,2.38361,0.939141
2.10786,-5.4543,2.38602,0.947931
2.11713,-5.43675,2.38843,0.95672
2.12641,-5.41919,2.39084,0.965509
2.13568,-5.40164,2.39325,0.974298
2.14496,-5.38408,2.39566,0.983088
2.15423,-5.36653,2.39807,0.991877
2.16351,-5.34898,2.40048,1.00067
2.17278,-5.33142,2.40289,1.00946
2.18206,-5.31387,2.4053,1.01824
2.19133,-5.29631,2.40771,1.02703
2.20061,-5.27876,2.41012,1.03582
2.20988,-5.2612,2.41252,1.04461
2.21916,-5.24365,2.41493,1.0534
2.22843,-5.22609,2.41734,1.06219
2.23771,-5.20854,2.41975,1.07098
2.24698,-5.19098,2.42216,1.07977
2.25626,-5.17343,2.42457,1.08856
2.2717,-5.17189,2.41195,1.08056
2.28715,-5.17036,2.39934,1.07256
2.30259,-5.16882,2.38672,1.06456
2.31803,-5.16729,2.37411,1.05656
2.33347,-5.16575,2.36149,1.04856
2.34892,-5.16421,2.34887,1.04056
2.36436,-5.16268,2.33626,1.03257
2.3798,-5.16114,2.32364,1.02457
2.39524,-5.15961,2.31103,1.01657
2.41069,-5.15807,2.29841,1.00857
2.42613,-5.15653,2.28579,1.00057
2.44157,-5.155,2.27318,0.99257
2.45701,-5.15346,2.26056,0.984571
2.47246,-5.15193,2.24795,0.976572
2.4879,-5.15039,2.23533,0.968573
2.50334,-5.14885,2.22271,0.960574
2.51879,-5.14732,2.2101,0.952575
2.53423,-5.14578,2.19748,0.944576
2.54967,-5.14425,2.18487,0.936577
2.56511,-5.14271,2.17225,0.928577
2.58056,-5.14118,2.15963,0.920578
2.596,-5.13964,2.14702,0.912579
2.61144,-5.1381,2.1344,0.90458
2.62688,-5.13657,2.12178,0.896581
2.64233,-5.13503,2.10917,0.888582
2.65777,-5.1335,2.09655,0.880583
2.67321,-5.13196,2.08394,0.872584
2.68865,-5.13042,2.07132,0.864585
2.7041,-5.12889,2.0587,0.856586
2.71954,-5.12735,2.04609,0.848587
2.73498,-5.12582,2.03347,0.840588
2.75042,-5.12428,2.02086,0.832589
2.76587,-5.12274,2.00824,0.82459
2.78131,-5.12121,1.99562,0.816591
2.79675,-5.11967,1.98301,0.808592
2.8122,-5.11814,1.97039,0.800592
2.82764,-5.1166,1.95778,0.792593
2.84308,-5.11506,1.94516,0.784594
2.85852,-5.11353,1.93254,0.776595
2.87397,-5.11199,1.91993,0.768596
2.88941,-5.11046,1.90731,0.760597
2.90485,-5.10892,1.8947,0.752598
2.92029,-5.10739,1.88208,0.744599
2.93574,-5.10585,1.86946,0.7366
2.95118,-5.10431,1.85685,0.728601
2.96662,-5.10278,1.84423,0.720602
2.98206,-5.10124,1.83162,0.712603
2.99751,-5.09971,1.819,0.704604
3.01295,-5.09817,1.80638,0.696605
3.02839,-5.09663,1.79377,0.688606
3.04608,-5.10558,1.79111,0.665121
3.06377,-5.11453,1.78845,0.641637
3.08146,-5.12348,1.7858,0.618153
3.09914,-5.13243,1.78314,0.594669
3.11683,-5.14138,1.78049,0.571185
3.13452,-5.15033,1.77783,0.5477
3.15221,-5.15928,1.77517,0.524216
3.1699,-5.16823,1.77252,0.500732
3.18758,-5.17718,1.76986,0.477248
3.20527,-5.18612,1.76721,0.453764
3.22296,-5.19507,1.76455,0.430279
3.24065,-5.20402,1.76189,0.406795
3.25833,-5.21297,1.75924,0.383311
3.27602,-5.22192,1.75658,0.359827
3.29371,-5.23087,1.75393,0.336343
3.3114,-5.23982,1.75127,0.312858
3.32909,-5.24877,1.74861,0.289374
3.34677,-5.25772,1.74596,0.26589
3.36446,-5.26667,1.7433,0.242406
3.38215,-5.27561,1.74065,0.218922
3.39984,-5.28456,1.73799,0.195437
3.41753,-5.29351,1.73533,0.171953
3.43521,-5.30246,1.73268,0.148469
3.4529,-5.31141,1.73002,0.124985
3.47059,-5.32036,1.72736,0.101501
3.48828,-5.32931,1.72471,0.0780164
3.50596,-5.33826,1.72205,0.0545322
3.52365,-5.34721,1.7194,0.031048
3.54134,-5.35616,1.71674,0.00756384
3.55903,-5.3651,1.71408,-0.0159204
3.57672,-5.37405,1.71143,-0.0394046
3.5944,-5.383,1.70877,-0.0628888
3.61209,-5.39195,1.70612,-0.086373
3.62978,-5.4009,1.70346,-0.109857
3.64747,-5.40985,1.7008,-0.133341
3.66516,-5.4188,1.69815,-0.156826
3.68284,-5.42775,1.69549,-0.18031
3.70053,-5.4367,1.69284,-0.203794
3.71822,-5.44565,1.69018,-0.227278
3.73591,-5.45459,1.68752,-0.250762
3.75359,-5.46354,1.68487,-0.274247
3.77128,-5.47249,1.68221,-0.297731
3.78897,-5.48144,1.67956,-0.321215
3.80666,-5.49039,1.6769,-0.344699
3.82435,-5.49934,1.67424,-0.368183
3.84203,-5.50829,1.67159,-0.391668
3.85972,-5.51724,1.66893,-0.415152
3.87741,-5.52619,1.66627,-0.438636
3.8951,-5.53514,1.66362,-0.46212
3.91279,-5.54408,1.66096,-0.485604
3.92456,-5.52802,1.65917,-0.457068
3.93634,-5.51195,1.65737,-0.428531
3.94811,-5.49589,1.65557,-0.399994
3.95989,-5.47982,1.65377,-0.371457
3.97166,-5.46376,1.65198,-0.34292
3.98344,-5.44769,1.65018,-0.314383
3.99522,-5.43163,1.64838,-0.285847
4.00699,-5.41556,1.64659,-0.25731
4.01877,-5.39949,1.64479,-0.228773
4.03054,-5.38343,1.64299,-0.200236
4.04232,-5.36736,1.6412,-0.171699
4.0541,-5.3513,1.6394,-0.143162
4.06587,-5.33523,1.6376,-0.114626
4.07765,-5.31917,1.63581,-0.0860888
4.08942,-5.3031,1.63401,-0.057552
4.1012,-5.28704,1.63221,-0.0290152
4.11297,-5.27097,1.63041,-0.000478327
4.12475,-5.2549,1.62862,0.0280585
4.13653,-5.23884,1.62682,0.0565953
4.1483,-5.22277,1.62502,0.0851321
4.16008,-5.20671,1.62323,0.113669
4.17185,-5.19064,1.62143,0.142206
4.18363,-5.17458,1.61963,0.170743
4.1954,-5.15851,1.61784,0.199279
4.20718,-5.14245,1.61604,0.227816
4.21896,-5.12638,1.61424,0.256353
4.23073,-5.11031,1.61244,0.28489
4.24251,-5.09425,1.61065,0.313427
4.25428,-5.07818,1.60885,0.341964
4.26606,-5.06212,1.60705,0.3705
4.27783,-5.04605,1.60526,0.399037
4.28961,-5.02999,1.60346,0.427574
4.30139,-5.01392,1.60166,0.456111
4.31316,-4.99786,1.59987,0.484648
4.32494,-4.98179,1.59807,0.513185
4.33671,-4.96572,1.59627,0.541721
4.34849,-4.94966,1.59448,0.570258
4.36027,-4.93359,1.59268,0.598795
4.37204,-4.91753,1.59088,0.627332
4.38382,-4.90146,1.58908,0.655869
4.39559,-4.8854,1.58729,0.684405
4.40737,-4.86933,1.58549,0.712942
4.41914,-4.85327,1.58369,0.741479
4.43092,-4.8372,1.5819,0.770016
4.4427,-4.82113,1.5801,0.798553
4.45447,-4.80507,1.5783,0.82709
4.46625,-4.789,1.57651,0.855626
4.47802,-4.77294,1.57471,0.884163
4.4898,-4.75687,1.57291,0.9127
4.50157,-4.74081,1.57111,0.941237
4.48219,-4.74519,1.56889,0.990208
4.4628,-4.74957,1.56667,1.03918
4.44341,-4.75395,1.56445,1.08815
4.42403,-4.75833,1.56222,1.13712
4.40464,-4.76272,1.56,1.18609
4.38525,-4.7671,1.55778,1.23507
4.36586,-4.77148,1.55556,1.28404
4.34648,-4.77586,1.55333,1.33301
4.32709,-4.78024,1.55111,1.38198
4.3077,-4.78463,1.54889,1.43095
4.28832,-4.78901,1.54667,1.47992
4.26893,-4.79339,1.54444,1.52889
4.24954,-4.79777,1.54222,1.57786
4.23016,-4.80215,1.54,1.62684
4.21077,-4.80654,1.53778,1.67581
4.19138,-4.81092,1.53555,1.72478
4.17199,-4.8153,1.53333,1.77375
4.15261,-4.81968,1.53111,1.82272
4.13322,-4.82406,1.52888,1.87169
4.11383,-4.82845,1.52666,1.92066
4.09445,-4.83283,1.52444,1.96964
4.07506,-4.83721,1.52222,2.01861
4.05567,-4.84159,1.51999,2.06758
4.03628,-4.84597,1.51777,2.11655
4.0169,-4.85036,1.51555,2.16552
3.99751,-4.85474,1.51333,2.21449
3.97812,-4.85912,1.5111,2.26346
3.95874,-4.8635,1.50888,2.31244
3.93935,-4.86788,1.50666,2.36141
3.91996,-4.87227,1.50444,2.41038
3.90058,-4.87665,1.50221,2.45935
3.88119,-4.88103,1.49999,2.50832
3.8618,-4.88541,1.49777,2.55729
3.84241,-4.88979,1.49554,2.60626
3.82303,-4.89418,1.49332,2.65523
3.80364,-4.89856,1.4911,2.70421
3.78425,-4.90294,1.48888,2.75318
3.76487,-4.90732,1.48665,2.80215
3.74548,-4.9117,1.48443,2.85112
3.72609,-4.91609,1.48221,2.90009
3.7067,-4.92047,1.47999,2.94906
3.68732,-4.92485,1.47776,2.99803
3.66793,-4.92923,1.47554,3.04701
3.64854,-4.93361,1.47332,3.09598
3.62916,-4.938,1.4711,-3.13824
3.60977,-4.94238,1.46887,-3.08927
3.59038,-4.94676,1.46665,-3.04029
3.571,-4.95114,1.46443,-2.99132
3.55161,-4.95552,1.4622,-2.94235
3.53222,-4.9599,1.45998,-2.89338
3.54747,-4.95092,1.46931,-2.94709
3.56271,-4.94194,1.47863,-3.00081
3.57795,-4.93296,1.48795,-3.05452
3.5932,-4.92398,1.49728,-3.10824
3.60844,-4.91499,1.5066,3.12123
3.62369,-4.90601,1.51592,3.06752
3.63893,-4.89703,1.52525,3.0138
3.65418,-4.88805,1.53457,2.96009
3.66942,-4.87907,1.5439,2.90637
3.68466,-4.87008,1.55322,2.85266
3.69991,-4.8611,1.56254,2.79894
3.71515,-4.85212,1.57187,2.74523
3.7304,-4.84314,1.58119,2.69151
3.74564,-4.83415,1.59052,2.6378
3.76089,-4.82517,1.59984,2.58408
3.77613,-4.81619,1.60916,2.53037
3.79137,-4.80721,1.61849,2.47666
3.80662,-4.79823,1.62781,2.42294
3.82186,-4.78924,1.63713,2.36923
3.83711,-4.78026,1.64646,2.31551
3.85235,-4.77128,1.65578,2.2618
3.8676,-4.7623,1.66511,2.20808
3.88284,-4.75332,1.67443,2.15437
3.89808,-4.74433,1.68375,2.10065
3.91333,-4.73535,1.69308,2.04694
3.92857,-4.72637,1.7024,1.99322
3.94382,-4.71739,1.71172,1.93951
3.95906,-4.7084,1.72105,1.88579
3.97431,-4.69942,1.73037,1.83208
3.98955,-4.69044,1.7397,1.77836
4.00479,-4.68146,1.74902,1.72465
4.02004,-4.67248,1.75834,1.67093
4.03528,-4.66349,1.76767,1.61722
4.05053,-4.65451,1.77699,1.56351
4.06577,-4.64553,1.78632,1.50979
4.08102,-4.63655,1.79564,1.45608
4.09626,-4.62757,1.80496,1.40236
4.1115,-4.61858,1.81429,1.34865
4.12675,-4.6096,1.82361,1.29493
4.14199,-4.60062,1.83293,1.24122
4.15724,-4.59164,1.84226,1.1875
4.17248,-4.58265,1.85158,1.13379
4.18773,-4.57367,1.86091,1.08007
4.20297,-4.56469,1.87023,1.02636
4.21821,-4.55571,1.87955,0.972644
4.23346,-4.54673,1.88888,0.918929
4.2487,-4.53774,1.8982,0.865214
4.26395,-4.52876,1.90752,0.8115
4.27919,-4.51978,1.91685,0.757785
4.29443,-4.5108,1.92617,0.70407
4.28907,-4.4922,1.93119,0.726838
4.2837,-4.47359,1.93621,0.749606
4.27833,-4.45499,1.94123,0.772374
4.27297,-4.43639,1.94624,0.795141
4.2676,-4.41779,1.95126,0.817909
4.26224,-4.39919,1.95628,0.840677
4.25687,-4.38059,1.9613,0.863445
4.2515,-4.36199,1.96632,0.886212
4.24614,-4.34338,1.97133,0.90898
4.24077,-4.32478,1.97635,0.931748
4.2354,-4.30618,1.98137,0.954516
4.23004,-4.28758,1.98639,0.977283
4.22467,-4.26898,1.99141,1.00005
4.2193,-4.25038,1.99642,1.02282
4.21394,-4.23177,2.00144,1.04559
4.20857,-4.21317,2.00646,1.06835
4.2032,-4.19457,2.01148,1.09112
4.19784,-4.17597,2.0165,1.11389
4.19247,-4.15737,2.02151,1.13666
4.1871,-4.13877,2.02653,1.15943
4.18174,-4.12016,2.03155,1.18219
4.17637,-4.10156,2.03657,1.20496
4.171,-4.08296,2.04159,1.22773
4.16564,-4.06436,2.0466,1.2505
4.16027,-4.04576,2.05162,1.27326
4.1549,-4.02716,2.05664,1.29603
4.14954,-4.00856,2.06166,1.3188
4.14417,-3.98995,2.06668,1.34157
4.1388,-3.97135,2.07169,1.36434
4.13344,-3.95275,2.07671,1.3871
4.12807,-3.93415,2.08173,1.40987
4.1227,-3.91555,2.08675,1.43264
4.11734,-3.89695,2.09177,1.45541
4.11197,-3.87834,2.09678,1.47817
4.1066,-3.85974,2.1018,1.50094
4.10124,-3.84114,2.10682,1.52371
4.09587,-3.82254,2.11184,1.54648
4.0905,-3.80394,2.11686,1.56924
4.08514,-3.78534,2.12187,1.59201
4.07977,-3.76673,2.12689,1.61478
4.0744,-3.74813,2.13191,1.63755
4.06904,-3.72953,2.13693,1.66032
4.06367,-3.71093,2.14195,1.68308
4.0583,-3.69233,2.14696,1.70585
4.05294,-3.67373,2.15198,1.72862
4.04757,-3.65512,2.157,1.75139
4.0422,-3.63652,2.16202,1.77415
4.03684,-3.61792,2.16704,1.79692
4.03147,-3.59932,2.17205,1.81969
4.0261,-3.58072,2.17707,1.84246
4.00664,-3.58531,2.1772,1.87307
3.98717,-3.58989,2.17734,1.90369
3.9677,-3.59448,2.17747,1.9343
3.94824,-3.59907,2.1776,1.96491
3.92877,-3.60366,2.17774,1.99553
3.90931,-3.60825,2.17787,2.02614
3.88984,-3.61284,2.178,2.05676
3.87037,-3.61742,2.17814,2.08737
3.85091,-3.62201,2.17827,2.11798
3.83144,-3.6266,2.1784,2.1486
3.81197,-3.63119,2.17854,2.17921
3.79251,-3.63578,2.17867,2.20983
3.77304,-3.64036,2.1788,2.24044
3.75358,-3.64495,2.17893,2.27106
3.73411,-3.64954,2.17907,2.30167
3.71464,-3.65413,2.1792,2.33228
3.69518,-3.65872,2.17933,2.3629
3.67571,-3.66331,2.17947,2.39351
3.65625,-3.66789,2.1796,2.42413
3.63678,-3.67248,2.17973,2.45474
3.61731,-3.67707,2.17987,2.48535
3.59785,-3.68166,2.18,2.51597
3.57838,-3.68625,2.18013,2.54658
3.55892,-3.69083,2.18027,2.5772
3.53945,-3.69542,2.1804,2.60781
3.51998,-3.70001,2.18053,2.63842
3.50052,-3.7046,2.18066,2.66904
3.48105,-3.70919,2.1808,2.69965
3.46158,-3.71378,2.18093,2.73027
3.44212,-3.71836,2.18106,2.76088
3.42265,-3.72295,2.1812,2.79149
3.40319,-3.72754,2.18133,2.82211
3.38372,-3.73213,2.18146,2.85272
3.36425,-3.73672,2.1816,2.88334
3.34479,-3.7413,2.18173,2.91395
3.32532,-3.74589,2.18186,2.94457
3.30586,-3.75048,2.18199,2.97518
3.28639,-3.75507,2.18213,3.00579
3.26692,-3.75966,2.18226,3.03641
3.24746,-3.76425,2.18239,3.06702
3.22799,-3.76883,2.18253,3.09764
3.20852,-3.77342,2.18266,3.12825
3.18906,-3.77801,2.18279,-3.12432
3.16959,-3.7826,2.18293,-3.09371
3.15013,-3.78719,2.18306,-3.06309
3.13066,-3.79177,2.18319,-3.03248
3.11119,-3.79636,2.18333,-3.00187
3.09173,-3.80095,2.18346,-2.97125
3.07226,-3.80554,2.18359,-2.94064
3.0528,-3.81013,2.18372,-2.91002
3.06543,-3.82481,2.18871,-2.86957
3.07806,-3.83949,2.1937,-2.82911
3.09069,-3.85417,2.19869,-2.78865
3.10332,-3.86885,2.20367,-2.74819
3.11596,-3.88354,2.20866,-2.70774
3.12859,-3.89822,2.21365,-2.66728
3.14122,-3.9129,2.21864,-2.62682
3.15385,-3.92758,2.22362,-2.58637
3.16649,-3.94226,2.22861,-2.54591
3.17912,-3.95694,2.2336,-2.50545
3.19175,-3.97163,2.23859,-2.46499
3.20438,-3.98631,2.24357,-2.42454
3.21702,-4.00099,2.24856,-2.38408
3.22965,-4.01567,2.25355,-2.34362
3.24228,-4.03035,2.25854,-2.30316
3.25491,-4.04503,2.26352,-2.26271
3.26754,-4.05972,2.26851,-2.22225
3.28018,-4.0744,2.2735,-2.18179
3.29281,-4.08908,2.27849,-2.14134
3.30544,-4.10376,2.28347,-2.10088
3.31807,-4.11844,2.28846,-2.06042
3.33071,-4.13312,2.29345,-2.01996
3.34334,-4.14781,2.29843,-1.97951
3.35597,-4.16249,2.30342,-1.93905
3.3686,-4.17717,2.30841,-1.89859
3.38124,-4.19185,2.3134,-1.85813
3.39387,-4.20653,2.31838,-1.81768
3.4065,-4.22121,2.32337,-1.77722
3.41913,-4.2359,2.32836,-1.73676
3.43176,-4.25058,2.33335,-1.69631
3.4444,-4.26526,2.33833,-1.65585
3.45703,-4.27994,2.34332,-1.61539
3.46966,-4.29462,2.34831,-1.57493
3.48229,-4.3093,2.3533,-1.53448
3.49493,-4.32399,2.35828,-1.49402
3.50756,-4.33867,2.36327,-1.45356
3.52019,-4.35335,2.36826,-1.4131
3.53282,-4.36803,2.37325,-1.37265
3.54546,-4.38271,2.37823,-1.33219
3.55809,-4.39739,2.38322,-1.29173
3.57072,-4.41208,2.38821,-1.25128
3.58335,-4.42676,2.3932,-1.21082
3.59598,-4.44144,2.39818,-1.17036
3.60862,-4.45612,2.40317,-1.1299
3.62125,-4.4708,2.40816,-1.08945
3.63388,-4.48548,2.41314,-1.04899
3.64651,-4.50016,2.41813,-1.00853
3.65915,-4.51485,2.42312,-0.968075
3.67178,-4.52953,2.42811,-0.927618
3.68441,-4.54421,2.43309,-0.887161
3.68852,-4.55014,2.41444,-0.896696
3.69263,-4.55607,2.39579,-0.906232
3.69673,-4.56201,2.37714,-0.915768
3.70084,-4.56794,2.35848,-0.925303
3.70495,-4.57387,2.33983,-0.934839
3.70906,-4.5798,2.32118,-0.944374
3.71316,-4.58574,2.30252,-0.95391
3.71727,-4.59167,2.28387,-0.963446
3.72138,-4.5976,2.26522,-0.972981
3.72549,-4.60353,2.24656,-0.982517
3.7296,-4.60947,2.22791,-0.992053
3.7337,-4.6154,2.20926,-1.00159
3.73781,-4.62133,2.19061,-1.01112
3.74192,-4.62726,2.17195,-1.02066
3.74603,-4.6332,2.1533,-1.03019
3.75013,-4.63913,2.13465,-1.03973
3.75424,-4.64506,2.11599,-1.04927
3.75835,-4.65099,2.09734,-1.0588
3.76246,-4.65693,2.07869,-1.06834
3.76656,-4.66286,2.06004,-1.07787
3.77067,-4.66879,2.04138,-1.08741
3.77478,-4.67472,2.02273,-1.09694
3.77889,-4.68066,2.00408,-1.10648
3.78299,-4.68659,1.98542,-1.11602
3.7871,-4.69252,1.96677,-1.12555
3.79121,-4.69845,1.94812,-1.13509
3.79532,-4.70439,1.92946,-1.14462
3.79943,-4.71032,1.91081,-1.15416
3.80353,-4.71625,1.89216,-1.16369
3.80764,-4.72218,1.87351,-1.17323
3.81175,-4.72812,1.85485,-1.18276
3.81586,-4.73405,1.8362,-1.1923
3.81996,-4.73998,1.81755,-1.20184
3.82407,-4.74591,1.79889,-1.21137
3.82818,-4.75185,1.78024,-1.22091
3.83229,-4.75778,1.76159,-1.23044
3.83639,-4.76371,1.74293,-1.23998
3.8405,-4.76964,1.72428,-1.24951
3.84461,-4.77558,1.70563,-1.25905
3.84872,-4.78151,1.68698,-1.26859
3.85283,-4.78744,1.66832,-1.27812
3.85693,-4.79337,1.64967,-1.28766
3.86104,-4.79931,1.63102,-1.29719
3.86515,-4.80524,1.61236,-1.30673
3.86926,-4.81117,1.59371,-1.31626
3.87336,-4.8171,1.57506,-1.3258
3.87747,-4.82304,1.55641,-1.33533
3.88158,-4.82897,1.53775,-1.34487
3.88569,-4.8349,1.5191,-1.35441
3.88979,-4.84083,1.50045,-1.36394
3.89963,-4.82965,1.49556,-1.27932
3.90946,-4.81847,1.49068,-1.19471
3.91929,-4.80729,1.48579,-1.11009
3.92913,-4.7961,1.48091,-1.02547
3.93896,-4.78492,1.47602,-0.940851
3.94879,-4.77374,1.47114,-0.856233
3.95863,-4.76255,1.46625,-0.771615
3.96846,-4.75137,1.46137,-0.686997
3.97829,-4.74019,1.45648,-0.602379
3.98813,-4.729,1.4516,-0.517762
3.99796,-4.71782,1.44671,-0.433144
4.00779,-4.70664,1.44183,-0.348526
4.01763,-4.69545,1.43694,-0.263908
4.02746,-4.68427,1.43206,-0.17929
4.03729,-4.67309,1.42717,-0.0946717
4.04713,-4.6619,1.42229,-0.0100537
4.05696,-4.65072,1.4174,0.0745643
4.06679,-4.63954,1.41252,0.159182
4.07663,-4.62835,1.40763,0.2438
4.08646,-4.61717,1.40275,0.328418
4.0963,-4.60599,1.39786,0.413036
4.10613,-4.59481,1.39298,0.497654
4.11596,-4.58362,1.38809,0.582272
4.1258,-4.57244,1.38321,0.66689
4.13563,-4.56126,1.37833,0.751508
4.14546,-4.55007,1.37344,0.836126
4.15202,-4.54262,1.37018,0.892538
4.13519,-4.55089,1.37714,0.948937
4.11836,-4.55917,1.38409,1.00534
4.10153,-4.56744,1.39104,1.06174
4.0847,-4.57572,1.39799,1.11813
4.06788,-4.58399,1.40494,1.17453
4.05105,-4.59227,1.41189,1.23093
4.03422,-4.60054,1.41885,1.28733
4.01739,-4.60882,1.4258,1.34373
4.00056,-4.6171,1.43275,1.40013
3.98373,-4.62537,1.4397,1.45653
3.96691,-4.63365,1.44665,1.51293
3.95008,-4.64192,1.4536,1.56933
3.93325,-4.6502,1.46056,1.62573
3.91642,-4.65847,1.46751,1.68213
3.89959,-4.66675,1.47446,1.73852
3.88276,-4.67502,1.48141,1.79492
3.86594,-4.6833,1.48836,1.85132
3.84911,-4.69157,1.49531,1.90772
3.83228,-4.69985,1.50227,1.96412
3.81545,-4.70812,1.50922,2.02052
3.79862,-4.7164,1.51617,2.07692
3.78179,-4.72468,1.52312,2.13332
3.76497,-4.73295,1.53007,2.18972
3.74814,-4.74123,1.53703,2.24612
3.73131,-4.7495,1.54398,2.30252
3.71448,-4.75778,1.55093,2.35891
3.69765,-4.76605,1.55788,2.41531
3.68082,-4.77433,1.56483,2.47171
3.664,-4.7826,1.57178,2.52811
3.64717,-4.79088,1.57874,2.58451
3.63034,-4.79915,1.58569,2.64091
3.61351,-4.80743,1.59264,2.69731
3.59668,-4.8157,1.59959,2.75371
3.57986,-4.82398,1.60654,2.81011
3.56303,-4.83225,1.61349,2.86651
3.5462,-4.84053,1.62045,2.9229
3.52937,-4.84881,1.6274,2.9793
3.51254,-4.85708,1.63435,3.0357
3.49571,-4.86536,1.6413,3.0921
3.47889,-4.87363,1.64825,-3.13468
3.46206,-4.88191,1.6552,-3.07828
3.44523,-4.89018,1.66216,-3.02189
3.4284,-4.89846,1.66911,-2.96549
3.41157,-4.90673,1.67606,-2.90909
3.39474,-4.91501,1.68301,-2.85269
3.37792,-4.92328,1.68996,-2.79629
3.36109,-4.93156,1.69692,-2.73989
3.34426,-4.93983,1.70387,-2.68349
3.32743,-4.94811,1.71082,-2.62709
3.3106,-4.95639,1.71777,-2.57069
3.32062,-4.97362,1.71936,-2.5402
3.33065,-4.99085,1.72095,-2.5097
3.34067,-5.00809,1.72253,-2.47921
3.35069,-5.02532,1.72412,-2.44871
3.36071,-5.04256,1.72571,-2.41821
3.37074,-5.05979,1.7273,-2.38772
3.38076,-5.07703,1.72888,-2.35722
3.39078,-5.09426,1.73047,-2.32673
3.4008,-5.1115,1.73206,-2.29623
3.41083,-5.12873,1.73365,-2.26574
3.42085,-5.14597,1.73523,-2.23524
3.43087,-5.1632,1.73682,-2.20474
3.44089,-5.18044,1.73841,-2.17425
3.45091,-5.19767,1.74,-2.14375
3.46094,-5.2149,1.74158,-2.11326
3.47096,-5.23214,1.74317,-2.08276
3.48098,-5.24937,1.74476,-2.05227
3.491,-5.26661,1.74635,-2.02177
3.50103,-5.28384,1.74793,-1.99127
3.51105,-5.30108,1.74952,-1.96078
3.52107,-5.31831,1.75111,-1.93028
3.53109,-5.33555,1.7527,-1.89979
3.54112,-5.35278,1.75428,-1.86929
3.55114,-5.37002,1.75587,-1.8388
3.56116,-5.38725,1.75746,-1.8083
3.57118,-5.40449,1.75905,-1.7778
3.58121,-5.42172,1.76063,-1.74731
3.59123,-5.43896,1.76222,-1.71681
3.60125,-5.45619,1.76381,-1.68632
3.61127,-5.47342,1.7654,-1.65582
3.62129,-5.49066,1.76699,-1.62533
3.63132,-5.50789,1.76857,-1.59483
3.64134,-5.52513,1.77016,-1.56433
3.65136,-5.54236,1.77175,-1.53384
3.66138,-5.5596,1.77334,-1.50334
3.67141,-5.57683,1.77492,-1.47285
3.68143,-5.59407,1.77651,-1.44235
3.69145,-5.6113,1.7781,-1.41186
3.70147,-5.62854,1.77969,-1.38136
3.7115,-5.64577,1.78127,-1.35086
3.72152,-5.66301,1.78286,-1.32037
3.73154,-5.68024,1.78445,-1.28987
3.74156,-5.69747,1.78604,-1.25938
3.75158,-5.71471,1.78762,-1.22888
3.76161,-5.73194,1.78921,-1.19839
3.77163,-5.74918,1.7908,-1.16789
3.78165,-5.76641,1.79239,-1.1374
3.79167,-5.78365,1.79397,-1.1069
3.8017,-5.80088,1.79556,-1.0764
3.81172,-5.81812,1.79715,-1.04591
3.80717,-5.79865,1.79761,-0.988988
3.80263,-5.77917,1.79807,-0.932068
3.79808,-5.7597,1.79853,-0.875148
3.79354,-5.74023,1.79899,-0.818228
3.78899,-5.72076,1.79945,-0.761309
3.78444,-5.70129,1.79991,-0.704389
3.7799,-5.68182,1.80037,-0.647469
3.77535,-5.66235,1.80083,-0.590549
3.77081,-5.64288,1.80128,-0.533629
3.76626,-5.62341,1.80174,-0.476709
3.76172,-5.60393,1.8022,-0.419789
3.75717,-5.58446,1.80266,-0.36287
3.75262,-5.56499,1.80312,-0.30595
3.74808,-5.54552,1.80358,-0.24903
3.74353,-5.52605,1.80404,-0.19211
3.73899,-5.50658,1.8045,-0.13519
3.73444,-5.48711,1.80496,-0.0782702
3.7299,-5.46764,1.80542,-0.0213503
3.72535,-5.44817,1.80588,0.0355695
3.7208,-5.42869,1.80634,0.0924894
3.71626,-5.40922,1.8068,0.149409
3.71171,-5.38975,1.80726,0.206329
3.70717,-5.37028,1.80772,0.263249
3.70262,-5.35081,1.80818,0.320169
3.69808,-5.33134,1.80864,0.377089
3.69353,-5.31187,1.8091,0.434009
3.68898,-5.2924,1.80956,0.490928
3.68444,-5.27292,1.81002,0.547848
3.67989,-5.25345,1.81048,0.604768
3.67535,-5.23398,1.81093,0.661688
3.6708,-5.21451,1.81139,0.718608
3.66626,-5.19504,1.81185,0.775528
3.66171,-5.17557,1.81231,0.832448
3.65716,-5.1561,1.81277,0.889368
3.65262,-5.13663,1.81323,0.946287
3.64807,-5.11716,1.81369,1.00321
3.64353,-5.09768,1.81415,1.06013
3.63898,-5.07821,1.81461,1.11705
3.63444,-5.05874,1.81507,1.17397
3.62989,-5.03927,1.81553,1.23089
3.62534,-5.0198,1.81599,1.28781
3.6208,-5.00033,1.81645,1.34473
3.61625,-4.98086,1.81691,1.40165
3.61171,-4.96139,1.81737,1.45857
3.60716,-4.94192,1.81783,1.51549
3.60262,-4.92244,1.81829,1.57241
3.59807,-4.90297,1.81875,1.62933
3.59352,-4.8835,1.81921,1.68625
3.58898,-4.86403,1.81967,1.74317
3.58443,-4.84456,1.82012,1.80009
3.60321,-4.85144,1.82027,1.75706
3.62199,-4.85832,1.82042,1.71403
3.64077,-4.8652,1.82056,1.67101
3.65955,-4.87208,1.82071,1.62798
3.67833,-4.87896,1.82085,1.58495
3.69711,-4.88584,1.821,1.54193
3.71589,-4.89272,1.82114,1.4989
3.73466,-4.8996,1.82129,1.45587
3.75344,-4.90648,1.82144,1.41285
3.77222,-4.91336,1.82158,1.36982
3.791,-4.92024,1.82173,1.32679
3.80978,-4.92712,1.82187,1.28377
3.82856,-4.934,1.82202,1.24074
3.84734,-4.94088,1.82216,1.19771
3.86612,-4.94776,1.82231,1.15469
3.8849,-4.95464,1.82245,1.11166
3.90367,-4.96152,1.8226,1.06863
3.92245,-4.9684,1.82275,1.02561
3.94123,-4.97528,1.82289,0.98258
3.96001,-4.98216,1.82304,0.939553
3.97879,-4.98904,1.82318,0.896526
3.99757,-4.99592,1.82333,0.8535
4.01635,-5.0028,1.82347,0.810473
4.03513,-5.00968,1.82362,0.767447
4.05391,-5.01656,1.82376,0.72442
4.07268,-5.02343,1.82391,0.681393
4.09146,-5.03031,1.82406,0.638367
4.11024,-5.03719,1.8242,0.59534
4.12902,-5.04407,1.82435,0.552313
4.1478,-5.05095,1.82449,0.509287
4.16658,-5.05783,1.82464,0.46626
4.18536,-5.06471,1.82478,0.423234
4.20414,-5.07159,1.82493,0.380207
4.22292,-5.07847,1.82507,0.33718
4.24169,-5.08535,1.82522,0.294154
4.26047,-5.09223,1.82537,0.251127
4.27925,-5.09911,1.82551,0.2081
4.29803,-5.10599,1.82566,0.165074
4.31681,-5.11287,1.8258,0.122047
4.33559,-5.11975,1.82595,0.0790206
4.35437,-5.12663,1.82609,0.035994
4.37315,-5.13351,1.82624,-0.00703264
4.39193,-5.14039,1.82638,-0.0500593
4.4107,-5.14727,1.82653,-0.0930859
4.42948,-5.15415,1.82668,-0.136112
4.44826,-5.16103,1.82682,-0.179139
4.46704,-5.16791,1.82697,-0.222166
4.48582,-5.17479,1.82711,-0.265192
4.5046,-5.18167,1.82726,-0.308219
4.52338,-5.18855,1.8274,-0.351246
4.50424,-5.18426,1.83134,-0.412958
4.48511,-5.17997,1.83527,-0.47467
4.46597,-5.17568,1.8392,-0.536382
4.44684,-5.17139,1.84314,-0.598094
4.42771,-5.1671,1.84707,-0.659806
4.40857,-5.16282,1.851,-0.721518
4.38944,-5.15853,1.85494,-0.78323
4.3703,-5.15424,1.85887,-0.844942
4.35117,-5.14995