-7.36597e-14,2.82674e-11,0.13,-2.06677e-17
-7.366e-14,2.82674e-11,0.13,-2.5788e-17
-7.36603e-14,2.82674e-11,0.13,-3.09137e-17
-7.36613e-14,2.82674e-11,0.13,-3.60023e-17
-7.36516e-14,2.82674e-11,0.13,-4.10577e-17
-7.36512e-14,2.82674e-11,0.13,-4.60795e-17
-7.36519e-14,2.82674e-11,0.13,-5.11088e-17
-7.36527e-14,2.82674e-11,0.13,-5.61739e-17
-7.36525e-14,2.82674e-11,0.13,-6.12375e-17
-7.36528e-14,2.82674e-11,0.13,-6.62868e-17
-7.3652e-14,2.82674e-11,0.13,-7.13359e-17
-7.36505e-14,2.82674e-11,0.13,-7.64362e-17
-7.36502e-14,2.82674e-11,0.13,-8.1459e-17
-7.36611e-14,2.82674e-11,0.13,-8.65158e-17
-7.36606e-14,2.82674e-11,0.13,-9.15952e-17
-7.36602e-14,2.82674e-11,0.13,-9.66461e-17
-7.36601e-14,2.82674e-11,0.13,-1.01692e-16
-7.36603e-14,2.82674e-11,0.13,-1.06811e-16
4.46792e-06,5.17066e-10,0.174203,-8.5197e-13
8.62841e-05,3.13306e-08,0.353054,1.72351e-11
0.000210372,2.1381e-07,0.562706,7.80474e-11
0.000275646,5.54702e-07,0.742543,6.28423e-11
0.00029003,5.64647e-07,0.876236,-0.0141527
0.000284375,-8.61722e-06,0.963777,-0.0684925
0.000276601,-2.97715e-05,1.01351,-0.144649
0.000271648,-5.59012e-05,1.03711,-0.228229
0.000271635,-8.26246e-05,1.04727,-0.325091
0.000274506,-0.000124658,1.0487,-0.447711
0.000265707,-0.000175559,1.0454,-0.579617
0.000244075,-0.000214376,1.04043,-0.709096
0.000221641,-0.000238522,1.03735,-0.838643
0.000196577,-0.000270133,1.0351,-0.984662
0.000156331,-0.000307675,1.03279,-1.13503
0.000106454,-0.00032887,1.03065,-1.27978
6.27432e-05,-0.000333729,1.03068,-1.4246
1.51067e-05,-0.000342197,1.03062,-1.58194
-4.44153e-05,-0.000347277,1.03,-1.74042
-0.000100187,-0.000334557,1.02905,-1.89124
-0.00013978,-0.000312029,1.02969,-2.03753
-0.000181771,-0.000290557,1.03026,-2.1955
-0.00023338,-0.000260787,1.02997,-2.35502
-0.000273739,-0.000217651,1.02917,-2.50724
-0.000294867,-0.000174497,1.02991,-2.656
-0.000318129,-0.000130077,1.03041,-2.81607
-0.000342684,-7.42834e-05,1.03004,-2.97717
-0.000349834,-1.55924e-05,1.02919,-3.13065
-0.000342065,3.21415e-05,1.03005,2.99977
-0.00033579,8.46942e-05,1.03035,2.83672
-0.00032162,0.000145897,1.02986,2.67397
-0.000291427,0.000196366,1.02897,2.5197
-0.000257157,0.000227567,1.02965,2.37062
-0.000223295,0.000262245,1.0303,2.2106
-0.000178288,0.000303281,1.03001,2.04949
-0.000123891,0.000328535,1.0292,1.89598
-7.55656e-05,0.00033532,1.02998,1.74426
-2.5084e-05,0.0003442,1.03028,1.58195
3.62116e-05,0.000350035,1.02982,1.41954
9.39928e-05,0.000338138,1.02896,1.26534
0.000135528,0.000315543,1.02967,1.11621
0.000179221,0.000293659,1.0303,0.956129
0.00023195,0.000263472,1.03,0.794901
0.000271773,0.000221766,1.02922,0.647144
-0.00357584,-0.00768206,1.03181,0.494193
-0.0753954,-0.10655,1.03217,0.364112
-0.227576,-0.252079,1.02268,0.26086
-0.359168,-0.367363,1.01834,0.178994
-0.436272,-0.436013,1.01716,0.117925
-0.470968,-0.470519,1.0171,0.0726576
-0.48461,-0.485504,1.01805,0.0395033
-0.490475,-0.491608,1.01958,0.0164496
-0.49384,-0.494458,1.02602,0.00151649
-0.495648,-0.494624,1.07346,-0.00381166
-0.4991,-0.486086,1.13803,0.00513648
-0.509691,-0.466101,1.19649,0.0309096
-0.528176,-0.436048,1.2408,0.0736779
-0.551863,-0.400395,1.27028,0.131337
-0.577559,-0.36161,1.28757,0.202355
-0.604147,-0.320514,1.29631,0.284456
-0.631101,-0.278671,1.29967,0.374599
-0.657743,-0.237233,1.30004,0.471089
-0.684345,-0.195273,1.29902,0.572719
-0.711344,-0.152996,1.29759,0.677569
-0.738325,-0.111508,1.29618,0.784739
-0.765255,-0.0698049,1.29505,0.893662
-0.792262,-0.0279843,1.29422,1.00362
-0.819318,0.0136679,1.29362,1.11426
-0.846568,0.0557449,1.29323,1.22569
-0.873812,0.0977242,1.29293,1.33695
-0.901011,0.139371,1.29262,1.44869
-0.928415,0.181908,1.29231,1.56069
-0.9558,0.223842,1.29203,1.67189
-0.982292,0.263983,1.29177,1.7806
-1.00837,0.303609,1.29143,1.88123
-1.03539,0.34404,1.29096,1.9695
-1.0632,0.384256,1.29037,2.04351
-1.09158,0.424433,1.28977,2.10314
-1.12053,0.46503,1.28925,2.14938
-1.14927,0.505215,1.28884,2.1839
-1.17827,0.545752,1.28851,2.20863
-1.20779,0.587047,1.28824,2.22552
-1.23709,0.628087,1.28799,2.23636
-1.26594,0.668517,1.28776,2.24273
-1.2949,0.709077,1.28751,2.24592
-1.32342,0.749042,1.28727,2.24697
-1.35234,0.789573,1.28702,2.24666
-1.38189,0.830964,1.28678,2.24558
-1.41089,0.871617,1.28652,2.24413
-1.4398,0.912145,1.28626,2.24259
-1.46924,0.953406,1.28602,2.24111
-1.49808,0.993819,1.28577,2.23981
-1.52666,1.0339,1.28553,2.2387
-1.5556,1.07445,1.2853,2.23782
-1.58424,1.11435,1.28507,2.23713
-1.61312,1.15409,1.28484,2.23661
-1.64185,1.19316,1.28461,2.23625
-1.67149,1.23311,1.28439,2.236
-1.70181,1.27378,1.28417,2.23584
-1.73175,1.31386,1.28393,2.23575
-1.76186,1.35416,1.2837,2.2357
-1.79205,1.39454,1.28346,2.23569
-1.82169,1.4342,1.28324,2.23569
-1.85159,1.47419,1.28302,2.23571
-1.88184,1.51464,1.2828,2.23573
-1.91157,1.55439,1.28257,2.23576
-1.94134,1.59419,1.28236,2.23578
-1.97208,1.6353,1.28212,2.2358
-2.00157,1.67474,1.2819,2.23581
-2.03196,1.71537,1.2817,2.23583
-2.06223,1.75585,1.28147,2.23584
-2.09197,1.79561,1.28124,2.23585
-2.12211,1.83592,1.28103,2.23585
-2.15232,1.8763,1.28081,2.23584
-2.18218,1.91618,1.28057,2.23576
-2.21203,1.95592,1.28033,2.23558
-2.24145,1.99501,1.2801,2.23527
-2.27124,2.03451,1.27989,2.23484
-2.30125,2.07425,1.27975,2.2343
-2.33121,2.11392,1.27955,2.23367
-2.36134,2.15379,1.2793,2.23295
-2.39189,2.19424,1.27905,2.23217
-2.42197,2.23405,1.27879,2.23135
-2.45192,2.27369,1.27855,2.23049
-2.48238,2.314,1.27835,2.2296
-2.51263,2.35403,1.27813,2.22871
-2.54226,2.39325,1.27791,2.2278
-2.57255,2.43334,1.27769,2.22689
-2.60291,2.47352,1.27746,2.22598
-2.63283,2.51312,1.27723,2.22506
-2.6631,2.55318,1.277,2.22415
-2.69352,2.59344,1.27678,2.22324
-2.72337,2.63295,1.27655,2.22233
-2.75263,2.67169,1.27631,2.22146
-2.77628,2.70302,1.27608,2.22067
-2.79102,2.7226,1.27577,2.22
-2.79877,2.73298,1.27545,2.21945
-2.80243,2.73797,1.27519,2.21903
-2.80414,2.7404,1.27502,2.21871
-2.80501,2.74169,1.27492,2.21848
-2.80551,2.74245,1.27488,2.21832
-2.80582,2.74291,1.27486,2.21822
-2.806,2.74319,1.27486,2.21815
-2.8061,2.74335,1.27486,2.21812
-2.80616,2.74343,1.27487,2.21811
-2.80619,2.74348,1.27487,2.21811
-2.80621,2.74351,1.27488,2.21812
-2.80621,2.74352,1.27488,2.21813
-2.80622,2.74353,1.27488,2.21815
-2.80622,2.74353,1.27488,2.21816
-2.80622,2.74354,1.27488,2.21817
-2.80622,2.74354,1.27488,2.21818
-2.80622,2.74354,1.27488,2.21819
-2.80622,2.74354,1.27488,2.2182
-2.80622,2.74354,1.27488,2.2182
-2.80622,2.74354,1.27488,2.21821
-2.80622,2.74354,1.27488,2.21821
-2.80622,2.74354,1.27488,2.21821
-2.80622,2.74354,1.27488,2.21821
-2.80622,2.74354,1.27488,2.21821
-2.80622,2.74354,1.27488,2.21821
-2.80622,2.74354,1.27488,2.21821
-2.80622,2.74354,1.27488,2.21821
-2.80622,2.74354,1.27488,2.21821
-2.80622,2.74354,1.27488,2.21821
-2.80622,2.74354,1.27488,2.21821
-2.80622,2.74354,1.27489,2.21821
-2.80671,2.74422,1.2755,2.21607
-2.80529,2.74388,1.27673,2.20169
-2.79416,2.73336,1.27789,2.16899
-2.77403,2.71091,1.27873,2.11627
-2.74822,2.68027,1.27917,2.04366
-2.71888,2.64527,1.27931,1.95434
-2.68845,2.60957,1.27928,1.85115
-2.65612,2.57386,1.27911,1.7358
-2.62228,2.53681,1.27892,1.61133
-2.58911,2.49933,1.2787,1.48005
-2.55603,2.4622,1.27852,1.34308
-2.52246,2.4248,1.27838,1.20196
-2.48952,2.38732,1.27825,1.05817
-2.45669,2.3501,1.27814,0.911844
-2.42323,2.31256,1.27808,0.763548
-2.39008,2.27476,1.27804,0.614393
-2.35746,2.23724,1.27809,0.464182
-2.32465,2.2,1.27815,0.313678
-2.29206,2.16294,1.27813,0.162499
-2.17132,2.02385,1.27529,-0.753923
-2.17131,2.02383,1.27529,-0.754957
-2.1713,2.02381,1.27529,-0.755976
-2.17129,2.02379,1.27529,-0.756979
-2.17129,2.02377,1.27529,-0.757966
-2.17128,2.02375,1.27529,-0.758938
-2.17127,2.02373,1.27529,-0.759894
-2.17127,2.02371,1.27529,-0.760836
-2.17126,2.02369,1.27529,-0.761763
-2.17122,2.02354,1.27532,-0.768676
-2.17075,2.02282,1.27576,-0.785707
-2.16514,2.01643,1.27606,-0.802539
-2.14968,1.99901,1.27612,-0.816442
-2.1267,1.97294,1.27605,-0.827439
-2.0986,1.94098,1.27597,-0.835807
-2.0678,1.90597,1.2759,-0.841922
-2.03642,1.87031,1.27586,-0.846199
-2.00411,1.8336,1.27587,-0.849033
-1.97149,1.79653,1.27585,-0.850778
-1.93892,1.7595,1.27583,-0.851734
-1.90552,1.72151,1.27581,-0.852144
-1.87216,1.68356,1.27583,-0.852197
-1.83934,1.64622,1.27581,-0.852033
-1.80668,1.60906,1.27578,-0.851756
-1.77373,1.57156,1.27575,-0.851435
-1.7412,1.53453,1.27572,-0.851114
-1.70832,1.49712,1.2757,-0.85082
-1.67466,1.45881,1.27569,-0.850566
-1.64177,1.42139,1.27568,-0.850358
-1.51354,1.275,1.2747,-0.849838
-1.51348,1.27492,1.2747,-0.849838
-1.51342,1.27485,1.27469,-0.849838
-1.51336,1.27478,1.27469,-0.849837
-1.51331,1.27472,1.27468,-0.849837
-1.51326,1.27465,1.27468,-0.849837
-1.51321,1.27459,1.27467,-0.849837
-1.51242,1.27359,1.27465,-0.849834
-1.50971,1.27041,1.27486,-0.849835
-1.49953,1.25877,1.27514,-0.849839
-1.48021,1.23681,1.27535,-0.849843
-1.45371,1.20677,1.27547,-0.849847
-1.42374,1.17281,1.27554,-0.849851
-1.39259,1.13751,1.27557,-0.849855
-1.36026,1.10083,1.2756,-0.849858
-1.32747,1.06359,1.2756,-0.84986
-1.29503,1.02672,1.27563,-0.849861
-1.26225,0.989436,1.27566,-0.849862
-1.22983,0.952556,1.27566,-0.849863
-1.1969,0.915091,1.27564,-0.849863
-1.16479,0.878548,1.27561,-0.849864
-1.13192,0.841151,1.27557,-0.849864
-1.09895,0.803637,1.27556,-0.849864
-1.06588,0.766003,1.27556,-0.849864
-1.03335,0.728977,1.27556,-0.849864
-1.00036,0.691437,1.2756,-0.849864
-0.967275,0.653783,1.2756,-0.849864
-0.852838,0.52302,1.27452,-0.849868
-0.852795,0.522965,1.27452,-0.849868
-0.852753,0.522912,1.27452,-0.849868
-0.852712,0.52286,1.27451,-0.849868
-0.852672,0.522809,1.27451,-0.849868
-0.852634,0.52276,1.2745,-0.849868
-0.852596,0.522711,1.2745,-0.849868
-0.852052,0.522014,1.27449,-0.849869
-0.849773,0.519341,1.27469,-0.849871
-0.840411,0.508659,1.27496,-0.849871
-0.821741,0.487449,1.27517,-0.849871
-0.795676,0.457893,1.27529,-0.84987
-0.766213,0.424513,1.27537,-0.849869
-0.735005,0.389146,1.27548,-0.849868
-0.703085,0.352936,1.27553,-0.849868
-0.670969,0.316463,1.27554,-0.849867
-0.637812,0.278775,1.27552,-0.849866
-0.604475,0.240866,1.27549,-0.849865
-0.571808,0.20371,1.27547,-0.849864
-0.539035,0.166421,1.27546,-0.849864
-0.506628,0.129542,1.27545,-0.849864
-0.474037,0.0924503,1.27544,-0.849863
-0.440564,0.0543552,1.27544,-0.849863
-0.407493,0.0167234,1.27541,-0.849863
-0.374425,-0.0209043,1.27541,-0.849863
-0.341679,-0.0581682,1.2754,-0.849863
-0.309207,-0.095123,1.2754,-0.849863
-0.199439,-0.220204,1.27482,-0.849865
-0.199198,-0.220485,1.27481,-0.849865
-0.198964,-0.220756,1.2748,-0.849865
-0.198737,-0.22102,1.27479,-0.849865
-0.198517,-0.221276,1.27478,-0.849865
-0.194364,-0.226188,1.27471,-0.849962
-0.191713,-0.232671,1.27669,-0.852731
-0.192948,-0.250161,1.28182,-0.861991
-0.201221,-0.2779,1.28968,-0.878749
-0.216044,-0.312458,1.30004,-0.903628
-0.235093,-0.351205,1.31198,-0.935918
-0.255944,-0.391322,1.32495,-0.974837
-0.277642,-0.432852,1.3386,-1.01949
-0.299794,-0.47528,1.35262,-1.06869
-0.322069,-0.517724,1.3667,-1.1214
-0.344514,-0.560388,1.38076,-1.1769
-0.36713,-0.603331,1.39473,-1.2342
-0.389404,-0.645288,1.40841,-1.29245
-0.41167,-0.687169,1.42218,-1.35173
-0.434233,-0.730023,1.43594,-1.41158
-0.456781,-0.772379,1.44956,-1.47151
-0.479305,-0.814559,1.46332,-1.5317
-0.501925,-0.857207,1.477,-1.59177
-0.5243,-0.899139,1.49063,-1.65164
-0.546719,-0.941325,1.50447,-1.71164
-0.619404,-1.07655,1.5451,-2.00495
-0.61942,-1.07658,1.54509,-2.00533
-0.619436,-1.0766,1.54508,-2.00571
-0.619451,-1.07662,1.54508,-2.00608
-0.619467,-1.07665,1.54507,-2.00644
-0.619482,-1.07667,1.54506,-2.0068
-0.619497,-1.0767,1.54505,-2.00716
-0.619511,-1.07672,1.54505,-2.0075
-0.619621,-1.07688,1.54498,-2.01007
-0.62026,-1.07835,1.54555,-2.01755
-0.620366,-1.08849,1.54554,-2.01977
-0.616431,-1.11271,1.54364,-2.0157
-0.607284,-1.14783,1.53993,-2.00517
-0.594302,-1.18823,1.53476,-1.98846
-0.57906,-1.23189,1.5285,-1.9659
-0.56286,-1.27756,1.52164,-1.93852
-0.546612,-1.32313,1.51448,-1.90735
-0.530349,-1.36894,1.50719,-1.8731
-0.514222,-1.41475,1.49992,-1.83678
-0.498049,-1.46021,1.49259,-1.7988
-0.481607,-1.50666,1.4852,-1.75944
-0.464961,-1.55355,1.47791,-1.71946
-0.448373,-1.59959,1.47063,-1.67903
-0.431768,-1.64605,1.4633,-1.63815
-0.415015,-1.69309,1.45605,-1.59724
-0.398426,-1.73929,1.44881,-1.55637
-0.381865,-1.78564,1.44152,-1.51539
-0.36509,-1.83274,1.43428,-1.47449
-0.305928,-1.99689,1.4086,-1.30012
-0.305838,-1.99717,1.40853,-1.29929
-0.305751,-1.99745,1.40846,-1.29847
-0.305667,-1.99772,1.4084,-1.29766
-0.305587,-1.99798,1.40834,-1.29686
-0.304629,-2.00128,1.40753,-1.28511
-0.303594,-2.00525,1.40777,-1.26997
-0.301759,-2.01569,1.41454,-1.25926
-0.299601,-2.03659,1.43011,-1.25361
-0.298027,-2.0651,1.4528,-1.25276
-0.29733,-2.09696,1.48131,-1.25627
-0.297154,-2.13107,1.51395,-1.26358
-0.29721,-2.166,1.54836,-1.27387
-0.297396,-2.20059,1.5839,-1.28652
-0.297556,-2.23567,1.62022,-1.30102
-0.297713,-2.27116,1.65625,-1.31676
-0.297945,-2.30607,1.69207,-1.33335
-0.298177,-2.34114,1.72771,-1.35049
-0.298415,-2.37593,1.76285,-1.3679
-0.298682,-2.41061,1.79823,-1.38551
-0.298918,-2.4461,1.83395,-1.40327
-0.299172,-2.48169,1.86948,-1.42102
-0.299466,-2.51714,1.9053,-1.43879
-0.29973,-2.553,1.94101,-1.45651
-0.300016,-2.58825,1.97642,-1.47411
-0.301622,-2.71783,2.09859,-1.57094
-0.301622,-2.71783,2.09859,-1.57093
-0.301622,-2.71783,2.09858,-1.57092
-0.301622,-2.71783,2.09858,-1.57091
-0.301622,-2.71783,2.09858,-1.5709
-0.301622,-2.71783,2.09858,-1.57089
-0.301622,-2.71783,2.09857,-1.57088
-0.301622,-2.71783,2.09857,-1.57087
-0.301622,-2.71783,2.09857,-1.57086
-0.301622,-2.71784,2.09857,-1.57085
-0.301623,-2.71784,2.09859,-1.57074
-0.301623,-2.71784,2.09861,-1.57073
-0.301623,-2.71784,2.09864,-1.57072
-0.301623,-2.71784,2.09867,-1.57072
-0.301623,-2.71784,2.09871,-1.57072
-0.301623,-2.71785,2.09876,-1.57071
-0.301549,-2.71877,2.10075,-1.5707
-0.299938,-2.72835,2.10548,-1.57012
-0.295009,-2.7531,2.11131,-1.56812
-0.287048,-2.78899,2.11741,-1.56454
-0.277072,-2.8308,2.12356,-1.55931
-0.265903,-2.87644,2.12961,-1.55246
-0.254317,-2.92355,2.1354,-1.54428
-0.242744,-2.97051,2.14106,-1.53495
-0.231078,-3.01834,2.14657,-1.52472
-0.219517,-3.06571,2.15197,-1.51381
-0.207792,-3.11376,2.15737,-1.50232
-0.195903,-3.16258,2.1627,-1.49049
-0.184149,-3.21056,2.16799,-1.47842
-0.172351,-3.2588,2.17336,-1.46615
-0.160424,-3.30766,2.17871,-1.45381
-0.148652,-3.35573,2.18403,-1.44145
-0.136881,-3.40382,2.18943,-1.42907
-0.125174,-3.45172,2.19474,-1.41676
-0.113472,-3.49952,2.2001,-1.40442
-0.0718121,-3.66966,2.21752,-1.35059
-0.0717647,-3.66988,2.21754,-1.35036
-0.0717189,-3.6701,2.21756,-1.35014
-0.0716748,-3.67031,2.21758,-1.34992
-0.0716322,-3.67051,2.2176,-1.3497
-0.0714059,-3.67161,2.21771,-1.34844
-0.0706759,-3.6754,2.21837,-1.34348
-0.0692223,-3.68475,2.22022,-1.34048
-0.0663609,-3.70802,2.2234,-1.33924
-0.0628327,-3.7425,2.22784,-1.3398
-0.0590419,-3.78525,2.23331,-1.34213
-0.0552194,-3.8321,2.23931,-1.34592
-0.0515639,-3.87945,2.24569,-1.35095
-0.0478438,-3.92797,2.25237,-1.35703
-0.044035,-3.97746,2.25908,-1.36387
-0.0403299,-4.02627,2.26578,-1.37127
-0.0366195,-4.07526,2.27247,-1.37908
-0.0329301,-4.12402,2.27905,-1.38711
-0.0292876,-4.17256,2.2857,-1.39534
-0.0255093,-4.22253,2.29241,-1.40371
-0.0217653,-4.27235,2.29903,-1.4121
-0.0181012,-4.32152,2.30569,-1.42054
-0.0143355,-4.37158,2.31236,-1.42897
-0.0106303,-4.42107,2.31896,-1.43737
-0.00694111,-4.4704,2.32561,-1.44576
0.00709914,-4.66636,2.34931,-1.49428
0.00709913,-4.66636,2.34931,-1.49428
0.00709911,-4.66636,2.34931,-1.49428
0.0070991,-4.66636,2.34931,-1.49428
0.00709908,-4.66637,2.34931,-1.49427
0.00709907,-4.66637,2.34931,-1.49427
0.00709905,-4.66637,2.3493,-1.49427
0.00709903,-4.66637,2.3493,-1.49427
0.00709902,-4.66637,2.3493,-1.49426
0.007099,-4.66637,2.3493,-1.49426
0.00709885,-4.66638,2.3493,-1.49424
0.00709883,-4.66638,2.3493,-1.49424
0.00709883,-4.66639,2.34931,-1.49423
0.00709885,-4.66639,2.34931,-1.49423
0.00709891,-4.66639,2.34932,-1.49423
0.00694393,-4.66859,2.34945,-1.49483
0.00376959,-4.68149,2.34755,-1.49781
-0.00501594,-4.70759,2.34287,-1.50407
-0.0189926,-4.7425,2.33573,-1.51369
-0.036321,-4.78204,2.32666,-1.52658
-0.0555942,-4.82436,2.31621,-1.54251
-0.0756557,-4.86803,2.30518,-1.56082
-0.0954679,-4.91097,2.29387,-1.58103
-0.115467,-4.9544,2.28225,-1.60291
-0.135887,-4.99901,2.27061,-1.62597
-0.15621,-5.04307,2.25906,-1.64979
-0.176581,-5.08703,2.24748,-1.67426
-0.19722,-5.1317,2.23594,-1.69913
-0.217689,-5.17587,2.22457,-1.72411
-0.238056,-5.21973,2.2132,-1.74925
-0.258404,-5.26372,2.20198,-1.77429
-0.278618,-5.30729,2.19062,-1.79939
-0.299225,-5.35189,2.17913,-1.82456
-0.319874,-5.39646,2.16776,-1.8496
-0.392613,-5.55204,2.12863,-1.98247
-0.392613,-5.55204,2.12863,-1.98247
-0.392613,-5.55204,2.12863,-1.98247
-0.392613,-5.55204,2.12863,-1.98247
-0.392613,-5.55204,2.12863,-1.98247
-0.392613,-5.55204,2.12863,-1.98247
-0.392613,-5.55204,2.12863,-1.98247
-0.392613,-5.55204,2.12863,-1.98247
-0.392613,-5.55204,2.12863,-1.98247
-0.392613,-5.55204,2.12863,-1.98247
-0.392613,-5.55204,2.12863,-1.98247
-0.392613,-5.55204,2.12863,-1.98247
-0.392613,-5.55204,2.12862,-1.98248
-0.392614,-5.55204,2.12862,-1.98249
-0.392615,-5.55204,2.12862,-1.98249
-0.392617,-5.55205,2.12863,-1.9825
-0.392619,-5.55205,2.12864,-1.9825
-0.392621,-5.55206,2.12866,-1.98251
-0.392625,-5.55207,2.12867,-1.98251
-0.392629,-5.55208,2.1287,-1.98251
-0.392634,-5.55209,2.12873,-1.98251
-0.39264,-5.55211,2.12876,-1.98251
-0.392647,-5.55214,2.12879,-1.98251
-0.392654,-5.55217,2.12884,-1.98251
-0.392662,-5.5522,2.12888,-1.9825
-0.392671,-5.55224,2.12893,-1.9825
-0.392681,-5.55229,2.12899,-1.98249
-0.392754,-5.55291,2.12961,-1.98236
-0.392052,-5.56054,2.13599,-1.97981
-0.386593,-5.57678,2.15059,-1.97237
-0.374835,-5.59929,2.17309,-1.95904
-0.358444,-5.62505,2.20098,-1.94009
-0.339749,-5.65175,2.2328,-1.91584
-0.320032,-5.67925,2.26687,-1.88702
-0.30024,-5.70675,2.30193,-1.85455
-0.280175,-5.73466,2.33818,-1.81878
-0.259602,-5.76346,2.37474,-1.78056
-0.239012,-5.79199,2.41098,-1.74069
-0.218386,-5.82042,2.4473,-1.69947
-0.197605,-5.84918,2.48353,-1.65737
-0.17701,-5.87761,2.51923,-1.6149
-0.156524,-5.90579,2.55498,-1.57209
-0.135853,-5.9344,2.59073,-1.52911
-0.115318,-5.96274,2.62607,-1.48628
-0.0948806,-5.99084,2.66156,-1.44345
-0.0744655,-6.01907,2.69666,-1.4009
0.00118179,-6.12302,2.8237,-1.1959
0.0012251,-6.1231,2.82379,-1.19527
0.00126701,-6.12317,2.82388,-1.19466
0.0013076,-6.12324,2.82397,-1.19405
0.00134691,-6.12331,2.82405,-1.19345
0.00138499,-6.12338,2.82413,-1.19286
0.00155865,-6.1237,2.82448,-1.18999
0.00269298,-6.1254,2.82675,-1.17481
0.0099708,-6.12907,2.8276,-1.16224
0.0305896,-6.13529,2.82505,-1.14655
0.0630519,-6.14197,2.81912,-1.12712
0.102937,-6.14797,2.81031,-1.10352
0.147172,-6.15369,2.79951,-1.07596
0.192611,-6.15926,2.78751,-1.04492
0.239214,-6.16506,2.77455,-1.01059
0.287078,-6.17125,2.76128,-0.973748
0.334363,-6.17721,2.74803,-0.935144
0.381509,-6.18309,2.73469,-0.894974
0.429434,-6.18919,2.72133,-0.853636
0.477205,-6.1952,2.70819,-0.811733
0.524665,-6.201,2.69495,-0.769183
0.573259,-6.20712,2.68163,-0.726093
0.621824,-6.21316,2.66845,-0.682927
0.669839,-6.21899,2.65521,-0.639607
0.718259,-6.22501,2.64195,-0.596203
0.766257,-6.23097,2.62889,-0.553029
0.949013,-6.25397,2.57922,-0.312947
0.949036,-6.25398,2.57923,-0.312729
0.949058,-6.25398,2.57923,-0.312515
0.94908,-6.25399,2.57924,-0.312305
0.949102,-6.25399,2.57925,-0.312099
0.949124,-6.25399,2.57926,-0.311896
0.949144,-6.254,2.57927,-0.311697
0.949165,-6.254,2.57928,-0.311501
0.949185,-6.254,2.57929,-0.31131
0.94928,-6.25402,2.57933,-0.310404
0.950112,-6.25413,2.57956,-0.307103
0.950007,-6.25561,2.58046,-0.313876
0.937758,-6.25929,2.5824,-0.337243
0.909799,-6.26353,2.58518,-0.378718
0.871807,-6.26747,2.58871,-0.437954
0.828013,-6.27204,2.59282,-0.513757
0.780615,-6.27748,2.59734,-0.603794
0.731897,-6.28319,2.60193,-0.704574
0.683444,-6.28922,2.6066,-0.814219
0.634634,-6.29564,2.61133,-0.93062
0.585567,-6.30184,2.61606,-1.052
0.53658,-6.30773,2.62084,-1.17736
0.487106,-6.31373,2.62569,-1.30557
0.438084,-6.31932,2.63044,-1.43562
0.388677,-6.3252,2.63516,-1.56774
0.338529,-6.33123,2.63985,-1.70087
0.28897,-6.33671,2.64451,-1.83457
0.239603,-6.34234,2.64925,-1.96909
0.189615,-6.34837,2.65411,-2.10417
0.000501548,-6.36906,2.66895,-2.91899
0.000481717,-6.36906,2.66895,-2.91973
0.000462259,-6.36906,2.66895,-2.92046
0.000443168,-6.36905,2.66894,-2.92118
0.000424439,-6.36905,2.66894,-2.92188
0.000406068,-6.36905,2.66894,-2.92258
0.00038805,-6.36904,2.66894,-2.92326
0.00037038,-6.36904,2.66893,-2.92393
0.000353053,-6.36903,2.66893,-2.92459
0.000336065,-6.36903,2.66893,-2.92524
2.84287e-05,-6.36897,2.66915,-2.93616
-0.00158215,-6.36879,2.66917,-2.95359
0.00167153,-6.3655,2.66604,-2.98309
0.0191763,-6.35757,2.65912,-3.02798
0.0490295,-6.34703,2.64884,-3.08967
0.0870743,-6.3347,2.63587,3.11552
0.129564,-6.32092,2.62131,3.02346
0.173164,-6.3065,2.60597,2.92028
0.216722,-6.29114,2.59014,2.80773
0.260726,-6.27532,2.57434,2.68842
0.304585,-6.25983,2.55851,2.56358
0.349144,-6.24393,2.54247,2.43376
0.3946,-6.22821,2.52664,2.3008
0.439781,-6.21305,2.51075,2.16533
0.484941,-6.19755,2.49478,2.02764
0.530186,-6.18199,2.47906,1.88901
0.574895,-6.16686,2.46339,1.7495
0.619733,-6.15138,2.44759,1.6089
0.665088,-6.1357,2.43197,1.46805
0.709981,-6.12066,2.41642,1.32702
0.823297,-6.08401,2.37941,0.948064
0.824333,-6.08373,2.37906,0.943397
0.825345,-6.08345,2.37872,0.938754
0.843843,-6.07778,2.3883,0.837608
0.828527,-6.07526,2.45056,0.820716
0.778619,-6.08989,2.52404,0.860301
0.721452,-6.11853,2.58723,0.939871
0.670512,-6.14403,2.63345,1.04497
0.622686,-6.15976,2.66296,1.16648
0.572407,-6.17132,2.67942,1.29824
0.520634,-6.18538,2.68707,1.43552
0.471689,-6.20222,2.68915,1.57547
0.424535,-6.21877,2.68825,1.71685
0.377165,-6.23461,2.68614,1.85788
0.330011,-6.25054,2.6837,1.99791
0.282456,-6.26669,2.68144,2.13701
0.234445,-6.28314,2.67951,2.27467
0.187304,-6.2997,2.67789,2.41055
0.140459,-6.31594,2.67649,2.54529
-0.0171938,-6.37014,2.67061,-2.98673
-0.017195,-6.37014,2.67061,-2.98674
-0.0171962,-6.37014,2.67061,-2.98675
-0.0171974,-6.37014,2.67061,-2.98676
-0.0171985,-6.37014,2.6706,-2.98677
-0.0171996,-6.37014,2.6706,-2.98679
-0.0172007,-6.37014,2.6706,-2.98681
-0.0172018,-6.37014,2.67059,-2.98683
-0.0172028,-6.37014,2.67059,-2.98685
-0.0172038,-6.37014,2.67059,-2.98688
-0.017226,-6.3701,2.66782,-2.9884
-0.0172339,-6.37007,2.667,-2.98875
-0.0172447,-6.37003,2.66607,-2.98915
-0.0172591,-6.36997,2.66505,-2.98958
-0.0172778,-6.36988,2.66392,-2.99004
-0.0208712,-6.34994,2.61077,-3.00997
-0.0303921,-6.2802,2.54387,-3.03141
-0.0441065,-6.15179,2.48292,-3.04394
-0.0654513,-5.97363,2.43623,-3.03965
-0.112502,-5.77703,2.40714,-3.01652
-0.216907,-5.62619,2.3933,-2.97604
-0.389517,-5.63766,2.37242,-2.86206
-0.516198,-5.93867,2.27972,-2.48443
-0.334288,-6.42798,2.07306,-2.02247
0.176568,-6.67476,1.84507,-1.77892
0.578869,-6.54025,1.76918,-1.50356
0.698479,-6.34195,1.87844,-1.36366
0.643231,-6.22411,2.06825,-1.30879
0.527435,-6.18161,2.26311,-1.30253
0.415684,-6.18206,2.42903,-1.33192
0.330541,-6.20177,2.55556,-1.39215
0.270112,-6.22731,2.64508,-1.47714
0.224841,-6.25082,2.70581,-1.58081
0.185304,-6.26982,2.74738,-1.69872
0.0457309,-6.30833,2.81229,-2.52673
0.0457309,-6.30833,2.81229,-2.52672
0.0457309,-6.30833,2.81229,-2.5267
0.0457309,-6.30833,2.81229,-2.52669
0.0457309,-6.30833,2.81229,-2.52668
0.0457309,-6.30833,2.81229,-2.52667
0.0457309,-6.30833,2.81229,-2.52666
0.0457309,-6.30833,2.81229,-2.52665
0.0457309,-6.30833,2.81229,-2.52665
0.0457309,-6.30833,2.81229,-2.52664
0.045726,-6.30833,2.8125,-2.52677
0.0457228,-6.30833,2.81255,-2.52683
0.0457182,-6.30833,2.8126,-2.52691
0.0457118,-6.30833,2.81266,-2.52698
0.0457034,-6.30833,2.81272,-2.52706
0.0456926,-6.30834,2.81279,-2.52714
0.045679,-6.30834,2.81287,-2.52723
0.0456625,-6.30834,2.81295,-2.52732
0.0456428,-6.30835,2.81304,-2.5274
0.0456197,-6.30836,2.81314,-2.52749
0.0455931,-6.30836,2.81324,-2.52758
0.045563,-6.30837,2.81334,-2.52767
0.0455294,-6.30838,2.81345,-2.52776
0.0454923,-6.3084,2.81356,-2.52784
0.045452,-6.30841,2.81369,-2.52792
0.0454087,-6.30843,2.81382,-2.52799
0.0453627,-6.30845,2.81395,-2.52806
0.0449003,-6.30887,2.81558,-2.52827
0.0484033,-6.3118,2.82155,-2.52286
0.0649372,-6.31582,2.82958,-2.50488
0.0950563,-6.32049,2.8393,-2.47056
0.135401,-6.32525,2.85011,-2.42028
0.18005,-6.32998,2.86125,-2.35575
0.223186,-6.335,2.86944,-2.27999
0.249007,-6.33868,2.86862,-2.19786
0.269833,-6.33258,2.86837,-2.11376
0.289386,-6.33043,2.86745,-2.01448
0.315351,-6.32491,2.86741,-1.91978
0.343851,-6.3223,2.8678,-1.8076
0.37138,-6.31621,2.86684,-1.69033
0.397351,-6.3107,2.86665,-1.56017
0.422878,-6.30348,2.86633,-1.42749
0.443832,-6.29565,2.86528,-1.29785
0.465234,-6.28845,2.86502,-1.17749
0.487299,-6.28145,2.86491,-1.06945
0.508914,-6.27519,2.86474,-0.974198
0.644042,-6.27884,2.86602,-0.70312
0.644108,-6.27888,2.86603,-0.703033
0.644128,-6.27887,2.86599,-0.703002
0.644215,-6.27892,2.86603,-0.702914
0.644222,-6.27891,2.86597,-0.702883
0.644298,-6.27895,2.86598,-0.702795
0.64433,-6.27894,2.86596,-0.702762
0.644432,-6.27899,2.86601,-0.702673
0.644453,-6.27899,2.86596,-0.702639
0.644543,-6.27904,2.86598,-0.70255
0.647801,-6.28051,2.86738,-0.70373
0.648339,-6.28081,2.86765,-0.704141
0.648896,-6.28112,2.8679,-0.704606
0.64947,-6.28146,2.86826,-0.705124
0.650046,-6.28181,2.86852,-0.705693
0.650621,-6.28219,2.86888,-0.706313
0.651194,-6.28256,2.86922,-0.706994
0.651609,-6.28291,2.86859,-0.707654
0.652031,-6.28328,2.86823,-0.708345
0.652424,-6.28365,2.86796,-0.709065
0.652785,-6.28397,2.86765,-0.709757
0.653107,-6.28429,2.86744,-0.710476
0.653393,-6.28456,2.86718,-0.71118
0.65363,-6.28482,2.86703,-0.711914
0.650693,-6.28151,2.86872,-0.737656
0.650495,-6.27893,2.86739,-0.791394
0.65053,-6.2733,2.86686,-0.856632
0.651139,-6.26789,2.8661,-0.930045
0.648203,-6.263,2.86498,-1.00488
0.624992,-6.25839,2.86506,-1.08162
0.572872,-6.25339,2.86617,-1.16468
0.495542,-6.25002,2.86764,-1.26168
0.405117,-6.24982,2.86898,-1.38482
0.314019,-6.25271,2.86846,-1.52357
0.0394963,-6.31152,2.82732,-2.33433
0.0393532,-6.31162,2.8272,-2.33768
0.0392142,-6.31172,2.82709,-2.34101
0.0390791,-6.31181,2.82698,-2.3443
0.0389477,-6.3119,2.82687,-2.34756
0.03882,-6.31199,2.82676,-2.35079
0.0373379,-6.31297,2.82671,-2.39218
0.0450588,-6.31704,2.86519,-2.40584
0.0540262,-6.31378,2.86845,-2.36961
0.0521095,-6.31006,2.86613,-2.29352
0.0529767,-6.30299,2.86562,-2.19241
0.0642775,-6.29475,2.86514,-2.07335
0.0995574,-6.28725,2.86495,-1.94427
0.169357,-6.27826,2.86635,-1.80442
0.262637,-6.25717,2.86676,-1.65889
0.349317,-6.22391,2.8609,-1.51254
0.41261,-6.19657,2.84599,-1.3689
0.459943,-6.1837,2.82243,-1.22939
0.501078,-6.17828,2.79305,-1.09447
0.538301,-6.17197,2.75966,-0.964229
0.572253,-6.16288,2.72375,-0.838575
0.603709,-6.15253,2.68687,-0.71757
0.63445,-6.14218,2.64885,-0.600015
0.666215,-6.13199,2.61037,-0.485383
0.698056,-6.12171,2.57212,-0.373649
0.729571,-6.11149,2.53371,-0.263947
0.761334,-6.10145,2.49531,-0.155792
0.869369,-6.06731,2.36564,0.358642
0.869424,-6.06731,2.36558,0.360007
0.869478,-6.0673,2.36552,0.361355
0.869531,-6.0673,2.36547,0.362687
0.869583,-6.06729,2.36541,0.364002
0.869633,-6.06729,2.36536,0.365301
0.869682,-6.06728,2.36532,0.366583
0.871752,-6.06857,2.39328,0.384406
0.903062,-6.11075,2.52575,0.348405
0.9531,-6.20044,2.67901,0.283635
0.994455,-6.28836,2.80577,0.210364
1.02272,-6.32611,2.86441,0.152256
1.02993,-6.30829,2.86466,0.128751
1.05517,-6.31351,2.86749,0.116471
1.09104,-6.314,2.86815,0.0938332
1.14051,-6.31386,2.86666,0.082135
1.20179,-6.305,2.86255,0.0791266
1.26227,-6.28937,2.85371,0.0849455
1.31526,-6.27078,2.83974,0.0993814
1.36232,-6.25156,2.82184,0.121484
1.40512,-6.23284,2.80138,0.149848
1.44608,-6.2144,2.77901,0.183487
1.48706,-6.19563,2.7556,0.221233
1.52746,-6.17672,2.73201,0.261786
1.56713,-6.15793,2.70814,0.304539
1.60731,-6.13891,2.68409,0.348933
1.64749,-6.11977,2.66041,0.394099
1.77629,-6.05878,2.58614,0.630685
1.7763,-6.05877,2.58615,0.630841
1.77631,-6.05877,2.58617,0.630993
1.77632,-6.05876,2.58619,0.631142
1.77634,-6.05876,2.5862,0.631287
1.77635,-6.05875,2.58622,0.63143
1.77636,-6.05875,2.58623,0.63157
1.77637,-6.05874,2.58625,0.631707
1.77638,-6.05874,2.58627,0.63184
1.77639,-6.05873,2.58628,0.631971
1.77665,-6.05861,2.58636,0.634617
1.78003,-6.05545,2.58583,0.638351
1.79075,-6.04183,2.58606,0.644227
1.80783,-6.01576,2.58774,0.652789
1.82801,-5.98124,2.59079,0.663867
1.84936,-5.94194,2.59509,0.677417
1.87179,-5.89971,2.6003,0.693243
1.89486,-5.85607,2.606,0.710818
1.91757,-5.81302,2.61193,0.729761
1.94046,-5.76984,2.61802,0.749817
1.96374,-5.72605,2.62423,0.770762
1.9872,-5.6819,2.63039,0.79221
2.01019,-5.63835,2.6365,0.814028
2.03345,-5.59438,2.64264,0.836174
2.05688,-5.55012,2.64867,0.858366
2.0798,-5.50663,2.65469,0.880586
2.10288,-5.46295,2.66074,0.90283
2.12602,-5.41917,2.66677,0.925015
2.14911,-5.37545,2.67283,0.947239
2.17258,-5.33106,2.67892,0.969444
2.24698,-5.19095,2.69585,1.08167
2.24699,-5.19094,2.69585,1.0817
2.24699,-5.19094,2.69584,1.08172
2.24699,-5.19093,2.69584,1.08175
2.247,-5.19093,2.69584,1.08177
2.247,-5.19092,2.69584,1.08179
2.247,-5.19092,2.69583,1.08182
2.24701,-5.19091,2.69583,1.08184
2.24701,-5.19091,2.69583,1.08186
2.24701,-5.1909,2.69582,1.08188
2.24703,-5.19087,2.69581,1.08201
2.24703,-5.19086,2.69581,1.08203
2.24823,-5.18945,2.69482,1.08241
2.2575,-5.18413,2.68773,1.08105
2.27756,-5.1771,2.67357,1.07726
2.30564,-5.17093,2.65292,1.07078
2.33946,-5.16587,2.62717,1.06146
2.37582,-5.16153,2.5987,1.04975
2.41267,-5.15768,2.56842,1.03592
2.45032,-5.15377,2.53679,1.02022
2.48866,-5.14973,2.50495,1.00315
2.52667,-5.14585,2.4731,0.985038
2.56522,-5.14197,2.44072,0.965996
2.60447,-5.13793,2.40857,0.946389
2.64326,-5.13408,2.37665,0.926437
2.68209,-5.13026,2.34457,0.906184
2.72111,-5.12634,2.3129,0.885865
2.75946,-5.12256,2.28145,0.865548
2.79787,-5.11877,2.25003,0.845237
2.83604,-5.11495,2.21884,0.825029
2.87436,-5.1112,2.18727,0.804795
3.01278,-5.09793,2.07878,0.695724
3.01279,-5.09793,2.0788,0.695677
3.0128,-5.09793,2.07882,0.695631
3.0128,-5.09793,2.07884,0.695586
3.01281,-5.09793,2.07886,0.695542
3.01282,-5.09793,2.07888,0.6955
3.01283,-5.09793,2.0789,0.695458
3.01284,-5.09793,2.07892,0.695418
3.01285,-5.09793,2.07894,0.695378
3.01286,-5.09793,2.07896,0.69534
3.01291,-5.09794,2.07908,0.695097
3.01343,-5.09799,2.07842,0.694057
3.02027,-5.09966,2.0755,0.689281
3.03971,-5.10628,2.07078,0.677824
3.06944,-5.11886,2.06491,0.658835
3.10636,-5.13643,2.05832,0.631851
3.14767,-5.15699,2.05148,0.597645
3.19007,-5.17848,2.04462,0.557389
3.23319,-5.20021,2.03777,0.511928
3.27663,-5.22185,2.03104,0.462673
3.3198,-5.24347,2.02433,0.410231
3.3641,-5.26554,2.01754,0.355155
3.40865,-5.28789,2.01088,0.298639
3.45222,-5.31009,2.00426,0.241044
3.49645,-5.33241,1.99755,0.182309
3.54146,-5.35502,1.99092,0.123143
3.58578,-5.37757,1.98424,0.063719
3.63029,-5.40013,1.97753,0.00401739
3.67483,-5.42264,1.97091,-0.0555025
3.71876,-5.44495,1.96423,-0.114984
3.89535,-5.53526,1.93727,-0.467712
3.89535,-5.53526,1.93727,-0.467682
3.89535,-5.53526,1.93727,-0.467652
3.89535,-5.53526,1.93726,-0.467622
3.89535,-5.53526,1.93726,-0.467592
3.89535,-5.53526,1.93726,-0.467561
3.89535,-5.53526,1.93726,-0.46753
3.89535,-5.53526,1.93726,-0.467499
3.89535,-5.53526,1.93726,-0.467467
3.89536,-5.53526,1.93726,-0.467435
3.89537,-5.53527,1.93726,-0.467165
3.89537,-5.53527,1.93726,-0.467158
3.89537,-5.53527,1.93726,-0.467154
3.89538,-5.53527,1.93726,-0.467152
3.89539,-5.53528,1.93725,-0.467153
3.8954,-5.53528,1.93725,-0.467153
3.89611,-5.53549,1.93719,-0.467031
3.90297,-5.53381,1.9366,-0.463639
3.91863,-5.52261,1.93483,-0.452593
3.94082,-5.49958,1.93192,-0.432063
3.9663,-5.46808,1.92827,-0.402197
3.99329,-5.43202,1.92414,-0.36323
4.02146,-5.39384,1.91979,-0.3166
4.0498,-5.35534,1.91532,-0.263525
4.07887,-5.31625,1.91077,-0.204881
4.10878,-5.27612,1.90613,-0.141674
4.13883,-5.23545,1.90153,-0.0755032
4.16809,-5.19533,1.89695,-0.00718015
4.19746,-5.15534,1.89241,0.0626681
4.22658,-5.11574,1.88794,0.133187
4.25563,-5.07616,1.88342,0.204627
4.28562,-5.03559,1.87894,0.276678
4.31526,-4.99505,1.87445,0.348746
4.34459,-4.95476,1.86989,0.421072
4.37447,-4.91407,1.86538,0.493551
4.48992,-4.75671,1.84665,0.920207
4.48992,-4.7567,1.84665,0.920221
4.48992,-4.7567,1.84665,0.920232
4.48992,-4.7567,1.84665,0.920242
4.48992,-4.7567,1.84665,0.920251
4.48992,-4.7567,1.84665,0.920258
4.48993,-4.7567,1.84665,0.920264
4.48993,-4.75669,1.84665,0.920268
4.48993,-4.75669,1.84665,0.920271
4.48993,-4.75669,1.84665,0.920273
4.48994,-4.75668,1.84666,0.920257
4.48994,-4.75668,1.84666,0.920262
4.48994,-4.75667,1.84667,0.920271
4.48995,-4.75667,1.84667,0.920282
4.49027,-4.75605,1.8468,0.922253
4.4879,-4.75281,1.84629,0.934495
4.47264,-4.75156,1.8444,0.961352
4.4443,-4.75552,1.8412,1.00397
4.40653,-4.76342,1.83699,1.06248
4.36335,-4.77352,1.83209,1.13496
4.31771,-4.78407,1.8268,1.21913
4.2706,-4.79438,1.82119,1.31348
4.2219,-4.80476,1.81549,1.4156
4.17364,-4.81555,1.80978,1.52325
4.12544,-4.82612,1.80408,1.63563
4.07733,-4.83671,1.79848,1.75074
4.02938,-4.84739,1.79278,1.86852
3.98052,-4.85812,1.78705,1.98829
3.93184,-4.86921,1.7814,2.10889
3.88367,-4.88032,1.77576,2.23043
3.83496,-4.89119,1.77007,2.35282
3.78607,-4.90218,1.76453,2.47509
3.73843,-4.91324,1.75905,2.59715
3.55268,-4.95511,1.73584,-2.97487
3.55264,-4.95511,1.73585,-2.97395
3.55262,-4.95512,1.73585,-2.97303
3.55259,-4.95513,1.73585,-2.97213
3.55256,-4.95513,1.73585,-2.97125
3.55253,-4.95514,1.73585,-2.97037
3.5525,-4.95515,1.73586,-2.96951
3.55248,-4.95515,1.73586,-2.96867
3.55245,-4.95516,1.73586,-2.96784
3.55203,-4.9553,1.73606,-2.95397
3.55057,-4.95531,1.73845,-2.94254
3.5525,-4.95147,1.74573,-2.94688
3.56647,-4.94076,1.75821,-2.97098
3.59128,-4.92546,1.77459,-3.01467
3.62248,-4.9073,1.79418,-3.07743
3.65765,-4.8868,1.81578,3.12667
3.69408,-4.86557,1.83822,3.03479
3.7305,-4.8436,1.86144,2.93191
3.76797,-4.82054,1.88508,2.8203
3.80601,-4.79786,1.90844,2.70285
3.84351,-4.77568,1.93187,2.58055
3.88138,-4.75278,1.95563,2.45411
3.91983,-4.72992,1.97917,2.32526
3.95817,-4.70751,2.00259,2.19443
3.99657,-4.68479,2.02612,2.06198
4.03488,-4.6622,2.04928,1.92907
4.07279,-4.63999,2.07251,1.79553
4.11064,-4.61756,2.09556,1.66194
4.14815,-4.5955,2.11857,1.52837
4.27942,-4.51956,2.1903,0.757785
4.27942,-4.51956,2.1903,0.757785
4.27942,-4.51956,2.1903,0.757785
4.27942,-4.51956,2.1903,0.757785
4.27942,-4.51956,2.1903,0.757785
4.27942,-4.51956,2.1903,0.757785
4.27942,-4.51956,2.1903,0.757785
4.27942,-4.51956,2.1903,0.757785
4.27942,-4.51956,2.1903,0.757785
4.27942,-4.51956,2.1903,0.757785
4.27942,-4.51956,2.19042,0.757664
4.27942,-4.51956,2.19046,0.757618
4.27942,-4.51956,2.1905,0.757565
4.27943,-4.51956,2.19055,0.757503
4.27943,-4.51956,2.19059,0.757434
4.27944,-4.51956,2.19065,0.757359
4.27944,-4.51955,2.19071,0.757278
4.27945,-4.51955,2.19077,0.757193
4.27946,-4.51954,2.19085,0.757104
4.27948,-4.51953,2.19092,0.757012
4.2795,-4.51952,2.19101,0.756915
4.27952,-4.5195,2.19109,0.756816
4.27955,-4.51949,2.19118,0.756713
4.27957,-4.51947,2.19128,0.756607
4.27961,-4.51944,2.19138,0.756498
4.27965,-4.51941,2.19148,0.756387
4.27969,-4.51937,2.19159,0.756276
4.27973,-4.51933,2.19171,0.756165
4.27978,-4.51928,2.19184,0.756053
4.27984,-4.51922,2.19196,0.755943
4.2799,-4.51916,2.1921,0.755832
4.27996,-4.51908,2.19224,0.755723
4.28003,-4.51899,2.19238,0.755614
4.2801,-4.5189,2.19253,0.755508
4.28017,-4.51879,2.19269,0.755405
4.28024,-4.51867,2.19285,0.755306
4.28032,-4.51853,2.19302,0.755211
4.2804,-4.51838,2.19319,0.75512
4.28049,-4.51822,2.19337,0.755034
4.28057,-4.51803,2.19356,0.754952
4.28066,-4.51784,2.19375,0.754874
4.28074,-4.51762,2.19395,0.754801
4.28083,-4.51739,2.19415,0.754735
4.28091,-4.51713,2.19436,0.754675
4.281,-4.51686,2.19457,0.754622
4.28108,-4.51657,2.19479,0.754576
4.28116,-4.51625,2.19501,0.754538
4.28124,-4.51592,2.19524,0.754508
4.28132,-4.51556,2.19548,0.754485
4.28139,-4.51518,2.19571,0.75447
4.28146,-4.51477,2.19596,0.754462
4.28153,-4.51435,2.1962,0.754462
4.2816,-4.5139,2.19645,0.754469
4.28166,-4.51343,2.1967,0.754486
4.28172,-4.51293,2.19696,0.754511
4.28177,-4.51241,2.19723,0.754546
4.28182,-4.51187,2.1975,0.754591
4.28186,-4.5113,2.19777,0.754645
4.2819,-4.51071,2.19805,0.754709
4.28193,-4.5101,2.19833,0.754782
4.28196,-4.50947,2.19861,0.754865
4.28199,-4.50881,2.1989,0.754957
4.28201,-4.50812,2.19919,0.755058
4.28202,-4.50742,2.19949,0.75517
4.28203,-4.50669,2.19979,0.755292
4.28203,-4.50594,2.20009,0.755426
4.28203,-4.50517,2.2004,0.75557
4.28202,-4.50438,2.20071,0.755726
4.282,-4.50357,2.20103,0.755893
4.28198,-4.50273,2.20135,0.75607
4.28195,-4.50187,2.20167,0.756259
4.28192,-4.501,2.20199,0.756458
4.28188,-4.5001,2.20232,0.756667
4.28183,-4.49918,2.20265,0.756886
4.28177,-4.49824,2.20298,0.757116
4.28171,-4.49728,2.20332,0.757356
4.28164,-4.4963,2.20366,0.757606
4.28157,-4.4953,2.204,0.757868
4.28148,-4.49429,2.20435,0.758142
4.28139,-4.49325,2.20469,0.758427
4.28129,-4.49219,2.20505,0.758723
4.28119,-4.49112,2.2054,0.759031
4.28107,-4.49003,2.20576,0.759352
4.28095,-4.48892,2.20612,0.759685
4.28082,-4.4878,2.20649,0.760031
4.28069,-4.48665,2.20686,0.76039
4.28054,-4.48549,2.20723,0.760763
4.28039,-4.48432,2.20761,0.761148
4.28023,-4.48313,2.20799,0.761547
4.28006,-4.48192,2.20838,0.761958
4.27988,-4.4807,2.20876,0.762381
4.27969,-4.47946,2.20915,0.762816
4.2795,-4.4782,2.20954,0.763264
4.2793,-4.47693,2.20994,0.763723
4.27909,-4.47565,2.21033,0.764194
4.27887,-4.47435,2.21073,0.764677
4.27865,-4.47303,2.21113,0.765174
4.27841,-4.4717,2.21153,0.765683
4.27817,-4.47036,2.21194,0.766206
4.27792,-4.469,2.21235,0.766742
4.27766,-4.46763,2.21276,0.76729
4.2774,-4.46625,2.21317,0.76785
4.27713,-4.46485,2.21358,0.768423
4.27685,-4.46344,2.214,0.769008
4.27656,-4.46202,2.21441,0.769604
4.27626,-4.46059,2.21483,0.770213
4.27469,-4.45325,2.21696,0.773457
4.2648,-4.41344,2.22833,0.794664
4.2526,-4.36963,2.2406,0.823795
4.23974,-4.32475,2.253,0.859374
4.22681,-4.27999,2.2656,0.900688
4.21389,-4.23402,2.27831,0.946777
4.20091,-4.18799,2.29085,0.996199
4.18777,-4.14226,2.30341,1.04838
4.17451,-4.09573,2.31607,1.10273
4.16113,-4.04904,2.32857,1.15825
4.14772,-4.00299,2.34113,1.21476
4.13423,-3.95597,2.3539,1.27222
4.12064,-3.9086,2.36655,1.3299
4.10705,-3.862,2.37915,1.38776
4.09352,-3.81508,2.39183,1.44582
4.08002,-3.76825,2.40431,1.50356
4.03158,-3.59964,2.44636,1.81967
4.03157,-3.59962,2.44635,1.81986
4.03157,-3.59961,2.44634,1.82005
4.03156,-3.5996,2.44634,1.82023
4.03156,-3.59958,2.44633,1.82041
4.03156,-3.59957,2.44632,1.82058
4.03155,-3.59956,2.44631,1.82075
4.03155,-3.59954,2.4463,1.82092
4.03154,-3.59953,2.44629,1.82108
4.03154,-3.59952,2.44629,1.82124
4.03152,-3.59946,2.44625,1.82199
4.03004,-3.59769,2.44754,1.82874
4.01974,-3.59424,2.44932,1.84049
3.99683,-3.59385,2.45098,1.86121
3.96213,-3.59853,2.45228,1.8921
3.91981,-3.60723,2.45334,1.93252
3.87438,-3.61785,2.45415,1.98134
3.82727,-3.62891,2.45466,2.03752
3.77904,-3.63997,2.45503,2.09954
3.73123,-3.65098,2.4553,2.16588
3.68316,-3.66201,2.45555,2.23588
3.63426,-3.67318,2.45583,2.30855
3.58572,-3.68456,2.45611,2.38273
3.53753,-3.696,2.4564,2.45824
3.48864,-3.7074,2.45671,2.53479
3.43977,-3.71888,2.45703,2.61152
3.39151,-3.73039,2.4574,2.6886
3.34298,-3.74177,2.45778,2.76551
3.29505,-3.75313,2.45811,2.84245
3.24623,-3.76453,2.4584,2.91974
3.07198,-3.8056,2.45727,-2.93403
3.07198,-3.8056,2.45727,-2.93407
3.07198,-3.8056,2.45727,-2.93411
3.07198,-3.8056,2.45726,-2.93416
3.07198,-3.8056,2.45726,-2.9342
3.07198,-3.8056,2.45726,-2.93424
3.07198,-3.8056,2.45726,-2.93429
3.07197,-3.8056,2.45726,-2.93433
3.07197,-3.8056,2.45725,-2.93437
3.07197,-3.8056,2.45725,-2.93442
3.07197,-3.8056,2.45726,-2.93482
3.07197,-3.8056,2.45727,-2.93484
3.07197,-3.8056,2.45728,-2.93486
3.07196,-3.8056,2.45729,-2.93487
3.07196,-3.8056,2.45729,-2.93488
3.07195,-3.8056,2.4573,-2.93489
3.07178,-3.80565,2.45753,-2.93455
3.06998,-3.80862,2.45993,-2.92754
3.07244,-3.82053,2.46486,-2.90924
3.08492,-3.84182,2.47246,-2.87722
3.10705,-3.87064,2.48223,-2.83122
3.13494,-3.9033,2.49331,-2.77319
3.16455,-3.9374,2.50507,-2.70489
3.19471,-3.97299,2.51747,-2.62751
3.22567,-4.00982,2.5301,-2.54333
3.25666,-4.04613,2.54264,-2.45419
3.28765,-4.08263,2.5553,-2.36078
3.31918,-4.11985,2.56798,-2.26437
3.35073,-4.15649,2.58045,-2.16612
3.38229,-4.19316,2.59297,-2.06616
3.41406,-4.23033,2.60545,-1.96532
3.44562,-4.26685,2.61783,-1.86417
3.47704,-4.30329,2.63028,-1.76248
3.50879,-4.34043,2.64279,-1.66051
3.54046,-4.37713,2.65517,-1.55883
3.57189,-4.41343,2.66761,-1.45713
3.67194,-4.52974,2.70198,-0.917426
3.67194,-4.52974,2.70198,-0.917449
3.67194,-4.52974,2.70197,-0.917475
3.67194,-4.52974,2.70197,-0.917501
3.67194,-4.52974,2.70197,-0.917529
3.67194,-4.52974,2.70196,-0.917557
3.67194,-4.52974,2.70196,-0.917587
3.67194,-4.52974,2.70195,-0.917618
3.67194,-4.52974,2.70195,-0.91765
3.67194,-4.52974,2.70195,-0.917683
3.67195,-4.52975,2.70193,-0.918043
3.67195,-4.52975,2.70195,-0.918068
3.67195,-4.52975,2.70196,-0.918089
3.67195,-4.52975,2.70198,-0.918104
3.67195,-4.52976,2.702,-0.918115
3.67353,-4.53169,2.69983,-0.917058
3.67922,-4.53901,2.68774,-0.916635
3.68786,-4.55053,2.66493,-0.918548
3.69754,-4.56385,2.63296,-0.923636
3.70766,-4.57806,2.59354,-0.932311
3.718,-4.59277,2.55011,-0.944251
3.72814,-4.60732,2.50438,-0.959099
3.73834,-4.62197,2.45705,-0.976508
3.74871,-4.63687,2.40946,-0.99591
3.75891,-4.65161,2.36221,-1.01679
3.76912,-4.66633,2.31494,-1.03887
3.7793,-4.68105,2.26842,-1.06165
3.78946,-4.6957,2.22143,-1.0851
3.79986,-4.71071,2.17429,-1.10898
3.81016,-4.72563,2.12771,-1.13301
3.82037,-4.74037,2.0809,-1.15719
3.83068,-4.75527,2.0343,-1.18139
3.84083,-4.76997,1.98811,-1.2055
3.85101,-4.78465,1.94144,-1.22965
3.88575,-4.83521,1.7926,-1.35513
3.88575,-4.83521,1.7926,-1.35512
3.88575,-4.83521,1.7926,-1.35511
3.88575,-4.83521,1.7926,-1.3551
3.88575,-4.83521,1.7926,-1.35509
3.88575,-4.83521,1.7926,-1.35509
3.88575,-4.83521,1.7926,-1.35508
3.88575,-4.83521,1.79259,-1.35507
3.88575,-4.83521,1.79259,-1.35506
3.88575,-4.83521,1.79259,-1.35505
3.88575,-4.83521,1.79246,-1.35498
3.88576,-4.83521,1.79237,-1.35498
3.88576,-4.83521,1.79231,-1.35499
3.88576,-4.83521,1.79225,-1.35499
3.88576,-4.83522,1.79219,-1.35498
3.88576,-4.83522,1.79213,-1.35496
3.88577,-4.83522,1.79206,-1.35493
3.88577,-4.83523,1.79199,-1.3549
3.88578,-4.83523,1.79192,-1.35485
3.88578,-4.83524,1.79183,-1.35479
3.8859,-4.83531,1.79113,-1.35395
3.88914,-4.83449,1.78662,-1.34061
3.89888,-4.82739,1.77932,-1.30557
3.91433,-4.81211,1.76976,-1.24391
3.93391,-4.79004,1.75854,-1.15571
3.95552,-4.76416,1.74651,-1.04524
3.97806,-4.73746,1.73397,-0.916046
4.00213,-4.71072,1.72135,-0.772072
4.02674,-4.6838,1.70857,-0.616827
4.05177,-4.65639,1.69551,-0.452243
4.1456,-4.54999,1.64742,0.826853
4.1456,-4.54999,1.64742,0.827503
4.1456,-4.54998,1.64743,0.828141
4.1456,-4.54998,1.64744,0.828767
4.1456,-4.54997,1.64745,0.829381
4.1456,-4.54997,1.64745,0.829984
4.1456,-4.54997,1.64746,0.830576
4.1456,-4.54996,1.64747,0.831156
4.1456,-4.54996,1.64747,0.831725
4.14561,-4.54996,1.64748,0.832282
4.14561,-4.54993,1.64754,0.835917
4.14561,-4.54993,1.64755,0.836415
4.14561,-4.54993,1.64757,0.83691
4.14566,-4.54953,1.64876,0.85226
4.14114,-4.54997,1.65273,0.876198
4.12572,-4.55584,1.6603,0.914417
4.09924,-4.5682,1.67164,0.970068
4.06445,-4.58589,1.68584,1.0424
4.02622,-4.606,1.70149,1.1289
3.98666,-4.62594,1.7181,1.22749
3.94561,-4.6455,1.73541,1.33648
3.90307,-4.66556,1.7532,1.45387
3.86017,-4.68635,1.77106,1.57761
3.81802,-4.70721,1.78848,1.70549
3.77667,-4.72747,1.80582,1.83681
3.73497,-4.74743,1.82303,1.97044
3.69361,-4.76758,1.84009,2.10564
3.65205,-4.7879,1.85737,2.24253
3.60967,-4.80857,1.8749,2.38076
3.5672,-4.8296,1.89242,2.51988
3.52472,-4.85073,1.90995,2.65997
3.48202,-4.87179,1.92735,2.80042
3.32716,-4.94826,1.98428,-2.62604
3.32716,-4.94826,1.98428,-2.62606
3.32716,-4.94826,1.98428,-2.62609
3.32716,-4.94826,1.98428,-2.62611
3.32716,-4.94826,1.98428,-2.62613
3.32716,-4.94826,1.98428,-2.62615
3.32716,-4.94826,1.98428,-2.62617
3.32716,-4.94826,1.98428,-2.62619
3.32716,-4.94826,1.98428,-2.62621
3.32716,-4.94826,1.98428,-2.62623
3.32715,-4.94827,1.98454,-2.62612
3.32714,-4.94827,1.98459,-2.62605
3.32713,-4.94828,1.98464,-2.62597
3.32712,-4.94828,1.98469,-2.62588
3.32711,-4.94829,1.98475,-2.62577
3.32709,-4.94829,1.98481,-2.62566
3.32707,-4.9483,1.98488,-2.62553
3.32705,-4.94832,1.98494,-2.62539
3.32702,-4.94833,1.98501,-2.62524
3.32699,-4.94835,1.98508,-2.62508
3.32696,-4.94838,1.98516,-2.6249
3.32692,-4.94841,1.98523,-2.62472
3.32688,-4.94844,1.98532,-2.62451
3.32683,-4.94849,1.9854,-2.6243
3.32678,-4.94853,1.98549,-2.62407
3.32583,-4.95042,1.98695,-2.61936
3.32583,-4.96191,1.99026,-2.6036
3.33273,-4.9843,1.99417,-2.57737
3.34799,-5.01655,1.99834,-2.5405
3.36907,-5.05454,2.00253,-2.49458
3.39254,-5.09466,2.00667,-2.44086
3.41681,-5.13655,2.01083,-2.38044
3.44144,-5.17953,2.01493,-2.31513
3.46594,-5.22208,2.01896,-2.24614
3.49053,-5.26496,2.02304,-2.17431
3.51502,-5.30751,2.027,-2.10082
3.53976,-5.35025,2.03093,-2.02565
3.56497,-5.39403,2.03488,-1.94926
3.59034,-5.43758,2.03877,-1.87263
3.61551,-5.48041,2.04269,-1.79557
3.64065,-5.52381,2.04666,-1.71829
3.66568,-5.5669,2.05059,-1.64131
3.69054,-5.6095,2.05455,-1.56437
3.71539,-5.65235,2.05848,-1.48784
3.80184,-5.80116,2.06902,-1.0764
3.80184,-5.80116,2.06902,-1.0764
3.80184,-5.80116,2.06902,-1.0764
3.80184,-5.80116,2.06902,-1.0764
3.80184,-5.80116,2.06902,-1.0764
3.80184,-5.80116,2.06902,-1.0764
3.80184,-5.80116,2.06902,-1.0764
3.80184,-5.80116,2.06902,-1.0764
3.80184,-5.80116,2.06902,-1.0764
3.80184,-5.80116,2.06902,-1.0764
3.80185,-5.80116,2.06905,-1.07636
3.80185,-5.80116,2.06906,-1.07634
3.80185,-5.80116,2.06908,-1.07631
3.80185,-5.80116,2.06909,-1.07628
3.80185,-5.80117,2.06911,-1.07624
3.80185,-5.80117,2.06912,-1.0762
3.80186,-5.80118,2.06915,-1.07615
3.80186,-5.80119,2.06918,-1.07608
3.80187,-5.8012,2.06921,-1.07601
3.80187,-5.80121,2.06924,-1.07592
3.80188,-5.80122,2.06927,-1.07582
3.80189,-5.80124,2.06931,-1.07571
3.80191,-5.80127,2.06934,-1.07559
3.80192,-5.80129,2.06938,-1.07545
3.80194,-5.80132,2.06942,-1.0753
3.80196,-5.80135,2.06946,-1.07514
3.80199,-5.80139,2.0695,-1.07496
3.80201,-5.80142,2.06955,-1.07476
3.80204,-5.80146,2.0696,-1.07455
3.80207,-5.8015,2.06965,-1.07431
3.80211,-5.80155,2.0697,-1.07406
3.80215,-5.80159,2.06976,-1.07379
3.80219,-5.80164,2.06981,-1.0735
3.80224,-5.80169,2.06986,-1.07319
3.80228,-5.80173,2.06992,-1.07286
3.80234,-5.80178,2.06997,-1.0725
3.80239,-5.80182,2.07003,-1.07212
3.80245,-5.80186,2.07009,-1.07172
3.80251,-5.80189,2.07016,-1.07129
3.80257,-5.80192,2.07022,-1.07084
3.80263,-5.80195,2.07028,-1.07037
3.8027,-5.80196,2.07035,-1.06987
3.80277,-5.80197,2.07041,-1.06935
3.80284,-5.80196,2.07048,-1.06881
3.80291,-5.80195,2.07055,-1.06824
3.80298,-5.80193,2.07062,-1.06764
3.80305,-5.80189,2.07069,-1.06702
3.80312,-5.80184,2.07076,-1.06637
3.80319,-5.80177,2.07083,-1.0657
3.80327,-5.80169,2.07091,-1.06499
3.80334,-5.80159,2.07098,-1.06426
3.80341,-5.80147,2.07105,-1.0635
3.80347,-5.80133,2.07112,-1.06272
3.80354,-5.80118,2.0712,-1.06191
3.80361,-5.801,2.07127,-1.06106
3.80367,-5.80081,2.07135,-1.06019
3.80373,-5.80059,2.07142,-1.05929
3.80378,-5.80035,2.0715,-1.05836
3.80383,-5.80009,2.07157,-1.05739
3.80388,-5.7998,2.07165,-1.0564
3.80392,-5.79949,2.07173,-1.05539
3.80396,-5.79915,2.0718,-1.05434
3.80399,-5.79879,2.07188,-1.05327
3.80402,-5.7984,2.07195,-1.05216
3.80404,-5.79799,2.07203,-1.05103
3.80406,-5.79755,2.07211,-1.04986
3.80407,-5.79709,2.07219,-1.04867
3.80407,-5.7966,2.07227,-1.04744
3.80407,-5.79608,2.07234,-1.04618
3.80406,-5.79554,2.07242,-1.04489
3.80404,-5.79497,2.0725,-1.04357
3.80402,-5.79437,2.07258,-1.04222
3.80399,-5.79374,2.07265,-1.04084
3.80395,-5.79309,2.07273,-1.03944
3.8039,-5.79242,2.07281,-1.03801
3.80384,-5.79171,2.07288,-1.03655
3.80378,-5.79098,2.07295,-1.03507
3.80371,-5.79023,2.07303,-1.03355
3.80363,-5.78944,2.0731,-1.03201
3.80354,-5.78864,2.07318,-1.03043
3.80344,-5.78781,2.07325,-1.02882
3.80334,-5.78695,2.07333,-1.02719
3.80322,-5.78607,2.0734,-1.02553
3.8031,-5.78517,2.07347,-1.02384
3.80297,-5.78424,2.07355,-1.02212
3.80283,-5.78329,2.07362,-1.02038
3.80268,-5.78232,2.07369,-1.01861
3.80252,-5.78133,2.07376,-1.0168
3.80236,-5.78031,2.07383,-1.01497
3.80218,-5.77928,2.07391,-1.01311
3.802,-5.77822,2.07398,-1.01121
3.80181,-5.77714,2.07405,-1.00929
3.80161,-5.77605,2.07412,-1.00734
3.79769,-5.75757,2.07514,-0.974531
3.78847,-5.71996,2.07674,-0.905357
3.77751,-5.67623,2.07812,-0.819628
3.7659,-5.62946,2.07932,-0.721168
3.75478,-5.58269,2.08041,-0.612341
3.74452,-5.53493,2.08145,-0.494934
3.73393,-5.48616,2.08244,-0.370941
3.72278,-5.43707,2.08349,-0.241732
3.71138,-5.38771,2.08458,-0.108667
3.69987,-5.33901,2.08569,0.026857
3.68868,-5.29035,2.08677,0.164684
3.67754,-5.24151,2.08784,0.303549
3.66619,-5.19327,2.08892,0.443366
3.65499,-5.14461,2.09005,0.584329
3.64365,-5.09533,2.0912,0.725605
3.63201,-5.04687,2.09235,0.867033
3.58893,-4.86372,2.09312,1.74317
3.58893,-4.86372,2.09312,1.74317
3.58893,-4.86372,2.09312,1.74317
3.58893,-4.86372,2.09312,1.74317
3.58893,-4.86372,2.09312,1.74317
3.58893,-4.86372,2.09312,1.74317
3.58893,-4.86372,2.09312,1.74317
3.58893,-4.86372,2.09312,1.74317
3.58893,-4.86372,2.09312,1.74317
3.58893,-4.86372,2.09312,1.74317
3.58892,-4.86371,2.09327,1.74353
3.58892,-4.8637,2.0933,1.74361
3.58892,-4.86369,2.09332,1.74369
3.58892,-4.86368,2.09335,1.74378
3.58891,-4.86366,2.09339,1.74386
3.58891,-4.86365,2.09342,1.74395
3.58891,-4.86362,2.09345,1.74404
3.5889,-4.86359,2.09349,1.74413
3.5889,-4.86356,2.09352,1.74422
3.58889,-4.86353,2.09356,1.74431
3.58889,-4.86348,2.09359,1.7444
3.58889,-4.86343,2.09363,1.7445
3.58889,-4.86338,2.09367,1.74459
3.58889,-4.86332,2.09371,1.74467
3.58889,-4.86325,2.09375,1.74475
3.5889,-4.86318,2.0938,1.74483
3.58891,-4.8631,2.09384,1.74489
3.58892,-4.86301,2.09389,1.74496
3.58894,-4.86292,2.09393,1.74501
3.58896,-4.86282,2.09398,1.74506
3.58899,-4.86271,2.09403,1.7451
3.58902,-4.8626,2.09407,1.74513
3.58907,-4.86248,2.09411,1.74516
3.58912,-4.86236,2.09416,1.74518
3.58918,-4.86223,2.0942,1.7452
3.58925,-4.8621,2.09425,1.7452
3.58933,-4.86197,2.0943,1.74519
3.58942,-4.86183,2.09435,1.74517
3.58952,-4.86169,2.0944,1.74513
3.58964,-4.86154,2.09445,1.74508
3.58977,-4.8614,2.0945,1.74503
3.58991,-4.86125,2.09455,1.74496
3.59007,-4.86111,2.0946,1.74488
3.59024,-4.86096,2.09465,1.74478
3.59042,-4.86081,2.0947,1.74467
3.59063,-4.86067,2.09475,1.74454
3.59085,-4.86053,2.0948,1.7444
3.59108,-4.86039,2.09485,1.74424
3.59133,-4.86026,2.09491,1.74407
3.5916,-4.86012,2.09496,1.74388
3.59189,-4.86,2.095,1.74367
3.5922,-4.85988,2.09505,1.74345
3.59252,-4.85976,2.0951,1.74322
3.59287,-4.85965,2.09515,1.74297
3.59323,-4.85955,2.0952,1.7427
3.59361,-4.85945,2.09524,1.74241
3.59402,-4.85936,2.09529,1.7421
3.59444,-4.85928,2.09534,1.74177
3.59488,-4.85921,2.09539,1.74142
3.59535,-4.85914,2.09544,1.74105
3.59583,-4.85908,2.09549,1.74067
3.59634,-4.85904,2.09553,1.74026
3.59686,-4.859,2.09558,1.73984
3.59741,-4.85897,2.09562,1.7394
3.59798,-4.85895,2.09567,1.73893
3.61104,-4.86025,2.09636,1.72764
3.64094,-4.86785,2.09716,1.69852
3.67935,-4.88078,2.0977,1.65504
3.72176,-4.8961,2.09813,1.59793
3.76682,-4.91218,2.09849,1.52854
3.81332,-4.92872,2.09884,1.44953
3.85954,-4.94531,2.09914,1.36282
3.9061,-4.96181,2.09948,1.26995
3.9528,-4.97851,2.09987,1.17257
3.99935,-4.9954,2.1002,1.07186
4.0462,-5.01242,2.10051,0.968498
4.09288,-5.02948,2.10081,0.863844
4.13918,-5.04654,2.10113,0.757784
4.18665,-5.06368,2.10151,0.650371
4.2342,-5.08107,2.10189,0.542915
4.28074,-5.09846,2.10222,0.434999
4.32807,-5.11567,2.10252,0.326496
4.50487,-5.18175,2.10109,-0.3185
4.50487,-5.18175,2.10109,-0.31846
4.50487,-5.18175,2.10109,-0.318418
4.50487,-5.18175,2.10109,-0.318376
4.50487,-5.18175,2.10108,-0.318333
4.50487,-5.18175,2.10108,-0.318289
4.50487,-5.18175,2.10108,-0.318244
4.50487,-5.18175,2.10107,-0.318198
4.50487,-5.18175,2.10107,-0.318152
4.50487,-5.18175,2.10107,-0.318105
4.50488,-5.18176,2.10108,-0.31761
4.50488,-5.18176,2.10109,-0.317586
4.50488,-5.18176,2.1011,-0.317568
4.50488,-5.18176,2.10111,-0.317555
4.50489,-5.18176,2.10112,-0.317549
4.50489,-5.18176,2.10114,-0.317552
4.50577,-5.18216,2.10242,-0.321818
4.50348,-5.18298,2.10585,-0.340876
4.48787,-5.18115,2.11131,-0.378847
4.45858,-5.17518,2.11861,-0.437767
4.41925,-5.16566,2.1272,-0.516422
4.3752,-5.15443,2.13636,-0.61112
4.33003,-5.14366,2.14591,-0.719255
4.28341,-5.13394,2.15572,-0.838682
4.2353,-5.12411,2.16554,-0.96627
4.18766,-5.11373,2.17532,-1.10013
4.14024,-5.10353,2.1851,-1.23886
4.09321,-5.09325,2.19476,-1.38074
4.04616,-5.08305,2.20453,-1.52579
3.99776,-5.07274,2.21449,-1.67343
3.94929,-5.0617,2.22429,-1.82239
3.90172,-5.05052,2.23405,-1.97256
3.85377,-5.03991,2.24397,-2.12411
3.8054,-5.02936,2.25381,-2.27611
3.75748,-5.01848,2.26359,-2.42871
3.58548,-4.97831,2.2936,2.90805
3.58548,-4.97831,2.2936,2.90805
3.58548,-4.97831,2.2936,2.90805
3.58548,-4.97831,2.2936,2.90805
3.58548,-4.97831,2.2936,2.90805
3.58548,-4.97831,2.2936,2.90805
3.58548,-4.97831,2.2936,2.90805
3.58548,-4.97831,2.2936,2.90805
3.58548,-4.97831,2.2936,2.90805
3.58548,-4.97831,2.2936,2.90805
3.58519,-5.0022,2.28994,2.92783
3.58615,-5.00516,2.28925,2.93094
3.5865,-5.00618,2.289,2.93203
3.58685,-5.00722,2.28875,2.93314
3.58722,-5.00828,2.2885,2.93428
3.58761,-5.00935,2.28824,2.93544
3.588,-5.01045,2.28798,2.93664
3.58841,-5.01156,2.28771,2.93785
3.58882,-5.01268,2.28744,2.9391
3.58925,-5.01382,2.28716,2.94037
3.58969,-5.01498,2.28687,2.94167
3.59015,-5.01615,2.28659,2.943
3.59061,-5.01734,2.2863,2.94434
3.59109,-5.01854,2.286,2.94572
3.59157,-5.01976,2.2857,2.94711
3.59207,-5.02099,2.2854,2.94854
3.59258,-5.02223,2.28509,2.94999
3.5931,-5.02349,2.28478,2.95146
3.59362,-5.02477,2.28447,2.95297
3.59416,-5.02605,2.28415,2.9545
3.59471,-5.02735,2.28382,2.95605
3.59527,-5.02866,2.2835,2.95763
3.59584,-5.02999,2.28317,2.95923
3.59642,-5.03132,2.28283,2.96086
3.59701,-5.03267,2.28249,2.96251
3.5976,-5.03403,2.28215,2.96419
3.59821,-5.0354,2.28181,2.96588
3.59882,-5.03679,2.28146,2.9676
3.59944,-5.03818,2.28111,2.96935
3.60007,-5.03958,2.28076,2.97112
3.60071,-5.041,2.28041,2.97292
3.60136,-5.04242,2.28005,2.97474
3.60201,-5.04385,2.27968,2.97658
3.60267,-5.04529,2.27932,2.97846
3.60334,-5.04674,2.27895,2.98035
3.60401,-5.04819,2.27857,2.98227
3.60469,-5.04966,2.2782,2.98421
3.60537,-5.05113,2.27782,2.98618
3.60607,-5.05261,2.27744,2.98817
3.60676,-5.05409,2.27705,2.99019
3.60747,-5.05559,2.27666,2.99224
3.60818,-5.05709,2.27627,2.99431
3.60889,-5.05859,2.27588,2.9964
3.60961,-5.0601,2.27549,2.99852
3.61033,-5.06162,2.27509,3.00065
3.61106,-5.06314,2.27469,3.00281
3.61179,-5.06467,2.27429,3.00499
3.61253,-5.0662,2.27389,3.0072
3.61327,-5.06774,2.27349,3.00943
3.61401,-5.06929,2.27308,3.01168
3.61476,-5.07084,2.27267,3.01396
3.61551,-5.07239,2.27225,3.01626
3.61626,-5.07395,2.27184,3.01858
3.61702,-5.07552,2.27142,3.02092
3.61778,-5.07709,2.271,3.02329
3.61854,-5.07866,2.27057,3.02568
3.6193,-5.08024,2.27015,3.02809
3.62007,-5.08182,2.26972,3.03053
3.62084,-5.08341,2.26929,3.03299
3.62161,-5.08501,2.26885,3.03548
3.62239,-5.0866,2.26842,3.03798
3.62316,-5.0882,2.26798,3.04051
3.62394,-5.08981,2.26754,3.04306
3.62472,-5.09142,2.2671,3.04562
3.6255,-5.09304,2.26666,3.04821
3.62628,-5.09466,2.26621,3.05082
3.62707,-5.09628,2.26577,3.05345
3.62785,-5.09791,2.26532,3.0561
3.62864,-5.09954,2.26487,3.05877
3.62943,-5.10118,2.26441,3.06147
3.63022,-5.10282,2.26396,3.06418
3.63101,-5.10446,2.2635,3.06692
3.6318,-5.10611,2.26305,3.06967
3.63259,-5.10776,2.26259,3.07245
3.63339,-5.10942,2.26213,3.07524
3.63418,-5.11108,2.26167,3.07805
3.63498,-5.11274,2.2612,3.08087
3.63578,-5.1144,2.26074,3.08372
3.63658,-5.11607,2.26028,3.08658
3.63738,-5.11774,2.25981,3.08946
3.63818,-5.11941,2.25935,3.09236
3.63898,-5.12109,2.25888,3.09528
3.63978,-5.12277,2.25841,3.09822
3.64058,-5.12444,2.25794,3.10118
3.64138,-5.12613,2.25747,3.10416
3.64218,-5.12781,2.257,3.10715
3.64299,-5.12949,2.25652,3.11016
3.64379,-5.13118,2.25605,3.11319
3.6446,-5.13286,2.25557,3.11624
3.6454,-5.13455,2.25509,3.11931
3.64621,-5.13624,2.25461,3.12239
3.64701,-5.13793,2.25413,3.1255
3.64782,-5.13962,2.25365,3.12861
3.64862,-5.14131,2.25317,3.13175
3.64943,-5.14301,2.25269,3.1349
3.65024,-5.1447,2.25221,3.13806
3.65104,-5.1464,2.25173,3.14124
3.65185,-5.14809,2.25125,-3.13875
3.65266,-5.14979,2.25077,-3.13555
3.65346,-5.15149,2.25029,-3.13232
3.65427,-5.15319,2.24981,-3.12908
3.65508,-5.15489,2.24932,-3.12582
3.65588,-5.15658,2.24884,-3.12254
3.65669,-5.15829,2.24835,-3.11926
3.65749,-5.15999,2.24787,-3.11595
3.6583,-5.16169,2.24739,-3.11264
3.65911,-5.16339,2.2469,-3.10931
3.65991,-5.16509,2.24642,-3.10596
3.66072,-5.1668,2.24593,-3.1026
3.66152,-5.1685,2.24544,-3.09921
3.66233,-5.1702,2.24495,-3.09582
3.66313,-5.17191,2.24447,-3.0924
3.66394,-5.17361,2.24398,-3.08898
3.66474,-5.17532,2.24349,-3.08554
3.66555,-5.17702,2.243,-3.08209
3.66635,-5.17873,2.24252,-3.07862
3.66715,-5.18044,2.24203,-3.07514
3.66796,-5.18215,2.24155,-3.07165
3.66876,-5.18385,2.24106,-3.06814
3.66956,-5.18556,2.24057,-3.06461
3.67037,-5.18728,2.24008,-3.06107
3.67117,-5.18899,2.23959,-3.05752
3.67197,-5.1907,2.2391,-3.05395
3.67278,-5.19241,2.23861,-3.05038
3.67358,-5.19413,2.23812,-3.04679
3.67438,-5.19585,2.23762,-3.04318
3.67518,-5.19756,2.23713,-3.03956
3.67599,-5.19928,2.23663,-3.03593
3.67679,-5.201,2.23613,-3.03228
3.67759,-5.20273,2.23564,-3.02862
3.6784,-5.20445,2.23514,-3.02495
3.6792,-5.20618,2.23464,-3.02126
3.68,-5.2079,2.23414,-3.01757
3.68081,-5.20963,2.23364,-3.01386
3.68161,-5.21136,2.23314,-3.01014
3.68241,-5.21309,2.23265,-3.00641
3.68322,-5.21483,2.23215,-3.00267
3.68402,-5.21656,2.23165,-2.99892
3.68483,-5.2183,2.23115,-2.99515
3.68564,-5.22003,2.23064,-2.99137
3.68644,-5.22177,2.23014,-2.98758
3.68725,-5.22352,2.22964,-2.98378
3.68806,-5.22526,2.22914,-2.97997
3.68887,-5.227,2.22864,-2.97615
3.68967,-5.22875,2.22814,-2.97232
3.69048,-5.23049,2.22764,-2.96848
3.69129,-5.23224,2.22714,-2.96464
3.69211,-5.23399,2.22664,-2.96078
3.69292,-5.23574,2.22615,-2.95692
3.69373,-5.23749,2.22565,-2.95304
3.69454,-5.23924,2.22515,-2.94916
3.69536,-5.24099,2.22465,-2.94527
3.69617,-5.24274,2.22415,-2.94136
3.69698,-5.24449,2.22365,-2.93745
3.6978,-5.24624,2.22315,-2.93353
3.69862,-5.248,2.22265,-2.9296
3.69943,-5.24975,2.22215,-2.92566
3.70025,-5.2515,2.22165,-2.92171
3.70107,-5.25325,2.22115,-2.91775
3.70189,-5.25499,2.22065,-2.91379
3.70271,-5.25674,2.22014,-2.90981
3.70352,-5.25849,2.21964,-2.90582
3.70434,-5.26024,2.21914,-2.90183
3.70516,-5.26198,2.21864,-2.89782
3.70599,-5.26373,2.21814,-2.89381
3.70681,-5.26547,2.21764,-2.8898
3.70763,-5.26722,2.21713,-2.88577
3.70845,-5.26896,2.21663,-2.88174
3.70927,-5.2707,2.21613,-2.8777
3.7101,-5.27244,2.21563,-2.87365
3.71092,-5.27419,2.21513,-2.86959
3.71174,-5.27593,2.21462,-2.86553
3.71257,-5.27767,2.21412,-2.86145
3.71339,-5.27941,2.21362,-2.85737
3.71421,-5.28115,2.21311,-2.85329
3.71504,-5.28289,2.21261,-2.84919
3.71586,-5.28463,2.21211,-2.8451
3.71669,-5.28637,2.2116,-2.84099
3.71752,-5.28811,2.2111,-2.83688
3.71834,-5.28985,2.2106,-2.83276
3.71917,-5.29159,2.2101,-2.82864
3.71999,-5.29333,2.2096,-2.8245
3.72082,-5.29507,2.20909,-2.82036
3.72165,-5.29681,2.20859,-2.81621
3.72247,-5.29855,2.20809,-2.81206
3.7233,-5.30029,2.20758,-2.8079
3.72413,-5.30202,2.20708,-2.80373
3.72495,-5.30376,2.20658,-2.79955
3.72578,-5.3055,2.20608,-2.79537
3.72661,-5.30723,2.20557,-2.79118
3.72743,-5.30897,2.20507,-2.78698
3.72826,-5.31071,2.20456,-2.78278
3.72908,-5.31244,2.20406,-2.77857
3.72991,-5.31418,2.20356,-2.77436
3.73074,-5.31591,2.20306,-2.77014
3.73156,-5.31765,2.20256,-2.76592
3.73239,-5.31938,2.20206,-2.76169
3.73321,-5.32112,2.20156,-2.75746
3.73404,-5.32285,2.20106,-2.75322
3.73487,-5.32459,2.20056,-2.74897
3.73569,-5.32632,2.20006,-2.74472
3.73652,-5.32805,2.19956,-2.74046
3.73734,-5.32979,2.19906,-2.73619
3.73817,-5.33152,2.19856,-2.73192
3.73899,-5.33326,2.19806,-2.72764
3.73982,-5.33499,2.19756,-2.72336
3.74064,-5.33673,2.19706,-2.71907
3.74147,-5.33846,2.19656,-2.71478
3.7423,-5.3402,2.19606,-2.71047
3.74312,-5.34193,2.19556,-2.70617
3.74395,-5.34367,2.19505,-2.70185
3.74477,-5.34541,2.19455,-2.69753
3.7456,-5.34715,2.19405,-2.69321
3.74642,-5.34888,2.19355,-2.68888
3.74725,-5.35062,2.19305,-2.68455
3.74808,-5.35236,2.19255,-2.68021
3.7489,-5.35411,2.19205,-2.67587
3.74973,-5.35585,2.19155,-2.67152
3.75056,-5.35759,2.19104,-2.66716
3.75139,-5.35934,2.19054,-2.6628
3.75221,-5.36109,2.19004,-2.65844
3.75304,-5.36283,2.18953,-2.65407
3.75387,-5.36458,2.18903,-2.6497
3.7547,-5.36633,2.18853,-2.64532
3.75553,-5.36809,2.18802,-2.64094
3.75636,-5.36984,2.18752,-2.63656
3.75719,-5.37159,2.18702,-2.63217
3.75802,-5.37335,2.18652,-2.62779
3.75885,-5.37511,2.18602,-2.6234
3.75969,-5.37687,2.18552,-2.61901
3.76052,-5.37862,2.18502,-2.61461
3.76135,-5.38038,2.18452,-2.61021
3.76218,-5.38214,2.18402,-2.60581
3.76302,-5.3839,2.18352,-2.6014
3.76385,-5.38566,2.18303,-2.59699
3.76469,-5.38742,2.18253,-2.59258
3.76552,-5.38918,2.18203,-2.58817
3.76635,-5.39094,2.18154,-2.58375
3.76719,-5.3927,2.18104,-2.57933
3.76802,-5.39446,2.18054,-2.5749
3.76886,-5.39622,2.18005,-2.57048
3.76969,-5.39797,2.17955,-2.56604
3.77053,-5.39973,2.17905,-2.56161
3.77136,-5.40148,2.17855,-2.55717
3.77219,-5.40323,2.17805,-2.55273
3.77303,-5.40499,2.17756,-2.54829
3.77386,-5.40674,2.17706,-2.54385
3.7747,-5.40849,2.17657,-2.53941
3.77553,-5.41023,2.17607,-2.53497
3.77637,-5.41198,2.17558,-2.53053
3.7772,-5.41373,2.17509,-2.52608
3.77804,-5.41547,2.1746,-2.52163
3.77887,-5.41721,2.1741,-2.51718
3.77971,-5.41896,2.17361,-2.51273
3.78055,-5.4207,2.17312,-2.50827
3.78138,-5.42244,2.17263,-2.50381
3.78222,-5.42418,2.17214,-2.49935
3.78305,-5.42591,2.17165,-2.49489
3.78389,-5.42765,2.17115,-2.49042
3.78472,-5.42938,2.17066,-2.48595
3.78556,-5.43112,2.17017,-2.48148
3.78639,-5.43285,2.16968,-2.477
3.78723,-5.43458,2.16918,-2.47252
3.78806,-5.43631,2.16869,-2.46804
3.78889,-5.43804,2.1682,-2.46355
3.78973,-5.43977,2.16771,-2.45907
3.79056,-5.4415,2.16722,-2.45458
3.7914,-5.44323,2.16672,-2.45008
3.79223,-5.44496,2.16623,-2.44558
3.79307,-5.44669,2.16573,-2.44108
3.7939,-5.44841,2.16524,-2.43658
3.79473,-5.45014,2.16474,-2.43207
3.79557,-5.45187,2.16424,-2.42757
3.7964,-5.4536,2.16375,-2.42306
3.79724,-5.45533,2.16325,-2.41855
3.79807,-5.45707,2.16276,-2.41404
3.7989,-5.4588,2.16226,-2.40952
3.79974,-5.46053,2.16177,-2.40501
3.80057,-5.46227,2.16127,-2.40049
3.8014,-5.464,2.16078,-2.39597
3.80224,-5.46574,2.16028,-2.39144
3.80307,-5.46747,2.15978,-2.38691
3.8039,-5.46921,2.15929,-2.38238
3.80474,-5.47095,2.15879,-2.37785
3.80557,-5.47269,2.15829,-2.37332
3.80641,-5.47443,2.1578,-2.36878
3.80724,-5.47618,2.1573,-2.36424
3.80807,-5.47792,2.1568,-2.3597
3.80891,-5.47967,2.1563,-2.35516
3.80974,-5.48141,2.1558,-2.35061
3.81057,-5.48316,2.1553,-2.34606
3.81141,-5.48491,2.15481,-2.34151
3.82898,-5.52191,2.14433,-2.24544
3.85194,-5.57,2.13093,-2.12123
3.87334,-5.61411,2.11864,-2.00587
3.8945,-5.65785,2.10646,-1.89043
3.92202,-5.71527,2.09029,-1.73789
3.93603,-5.74462,2.08254,-1.66115
3.95482,-5.78173,2.07309,-1.55309
3.97188,-5.80485,2.06814,-1.44784
3.98712,-5.80691,2.06832,-1.35189
4.00356,-5.78729,2.0734,-1.23931
4.01804,-5.75572,2.0819,-1.13406
4.03364,-5.71733,2.09294,-1.02697
4.04867,-5.68043,2.10392,-0.931249
4.06902,-5.63136,2.11873,-0.807445
4.08757,-5.58668,2.13233,-0.695266
4.10608,-5.54172,2.14602,-0.581931
4.12196,-5.50251,2.15782,-0.481729
4.14199,-5.45303,2.17266,-0.353171
4.15987,-5.40876,2.18565,-0.237993
4.17756,-5.36435,2.1986,-0.122361
4.19384,-5.32338,2.21042,-0.0158446
4.21272,-5.27549,2.22424,0.109216
4.23028,-5.23111,2.23722,0.225495
4.24833,-5.18594,2.25025,0.342209
4.26478,-5.14424,2.26228,0.449804
4.28405,-5.09515,2.27644,0.57666
4.3017,-5.05008,2.28859,0.69186
4.31565,-5.01021,2.29285,0.792308
4.32113,-4.98425,2.28453,0.859571
4.31809,-4.96782,2.26062,0.900646
4.3089,-4.96156,2.22792,0.901175
4.29635,-4.9597,2.18784,0.868017
4.28345,-4.95989,2.14652,0.811466
4.2677,-4.96131,2.09573,0.719845
4.25303,-4.96321,2.04755,0.616031
4.23823,-4.96544,1.99901,0.498473
4.22434,-4.96763,1.95423,0.381083
4.20774,-4.97016,1.90182,0.235064
4.19238,-4.97238,1.85398,0.0945176
4.17709,-4.97466,1.80596,-0.0503315
4.16275,-4.97688,1.7617,-0.186309
4.14578,-4.97935,1.71043,-0.347711
4.13032,-4.98157,1.66312,-0.498553
4.11492,-4.98389,1.61565,-0.650534
4.10114,-4.98606,1.57348,-0.785264
4.08333,-4.98869,1.51975,-0.957538
4.06763,-4.99083,1.47425,-1.10982
4.05421,-4.99219,1.43759,-1.25358
4.04519,-4.99301,1.41169,-1.38306
4.04028,-4.99383,1.39525,-1.49493
4.03797,-4.99457,1.38589,-1.58794
4.03696,-4.99501,1.38132,-1.66246
4.03652,-4.99517,1.37977,-1.71598
4.03621,-4.99519,1.37972,-1.7628
4.03601,-4.99516,1.3804,-1.79333
4.03586,-4.99514,1.38122,-1.81409
4.03577,-4.99512,1.38187,-1.82651
4.03571,-4.99511,1.38242,-1.83505
4.03568,-4.99511,1.3827,-1.83884
4.03567,-4.99511,1.38282,-1.84
4.03566,-4.99511,1.38283,-1.83958
4.03565,-4.99511,1.38277,-1.83807
4.03565,-4.99511,1.38267,-1.8362
4.03565,-4.99511,1.38258,-1.83422
4.03565,-4.99511,1.3825,-1.83257
4.03565,-4.99511,1.38242,-1.8307
4.03565,-4.99511,1.38236,-1.82931
4.03565,-4.99511,1.38232,-1.8282
4.03565,-4.99511,1.3823,-1.82743
4.03565,-4.99511,1.38229,-1.8267
4.03565,-4.99511,1.38228,-1.82624
4.03565,-4.99511,1.38228,-1.82594
4.03565,-4.99511,1.38228,-1.82575
4.03565,-4.99511,1.38228,-1.82563
4.03565,-4.99511,1.38228,-1.82557
4.03565,-4.99511,1.38228,-1.82556
4.03565,-4.99511,1.38228,-1.82556
4.03565,-4.99511,1.38228,-1.82559
4.03565,-4.99511,1.38228,-1.82562
4.03565,-4.99511,1.38228,-1.82565
4.03565,-4.99511,1.38228,-1.82567
4.03565,-4.99511,1.38228,-1.8257
4.03565,-4.99511,1.38228,-1.82572
4.03565,-4.99511,1.38228,-1.82574
4.03565,-4.99511,1.38228,-1.82575
4.03565,-4.99511,1.38228,-1.82576
4.03565,-4.99511,1.38228,-1.82577
4.03565