-2,2.00012,0.140651,-8.71788e-05
-2,1.99988,0.141769,-0.000130902
-2,2,0.1417,-0.000172324
-2,2.00012,0.140651,-0.000213617
-2,2.00012,0.141769,-0.000252346
-2,2,0.1417,-0.00029336
-2,1.99988,0.140652,-0.00033428
-2,1.99988,0.141769,-0.000372764
-2,2,0.1417,-0.00041366
-2,2.00012,0.140652,-0.000454429
-2,2.00012,0.141769,-0.000492666
-2,2,0.1417,-0.000533158
-2,1.99988,0.140652,-0.00057356
-2,1.99988,0.141769,-0.000611555
-2,2,0.1417,-0.000651931
-2,2.00012,0.140652,-0.000692185
-2,2.00012,0.141769,-0.000729939
-2,2,0.1417,-0.000769919
-2,1.99988,0.140994,-0.000809761
-2,1.99984,0.17863,-0.000762972
-1.99999,2.00158,0.263283,-0.00066751
-1.99999,2.00165,0.350959,-0.000549922
-2,2.00136,0.422102,-0.000439239
-2,2.00078,0.472062,-0.00033693
-2,2.0004,0.502279,-0.000250521
-2,2.00017,0.520361,-0.000173638
-2,2.00008,0.528209,-0.000115648
-2,2.00004,0.530623,-7.16932e-05
-2,2.00003,0.530263,-3.96859e-05
-2,2.00002,0.528791,-1.74101e-05
-2,2.00001,0.527132,-2.74504e-06
-2,2.00001,0.525716,6.19935e-06
-2,2,0.524746,1.07308e-05
-2,2,0.524002,1.28963e-05
-2,2,0.523613,1.29317e-05
-2,2,0.52342,1.18667e-05
-2,2,0.523347,1.0243e-05
-2,2,0.523339,8.42485e-06
-2,2,0.523359,6.64479e-06
-2,2,0.523387,5.03676e-06
-2,2,0.523411,3.71566e-06
-2,2,0.523431,2.54984e-06
-2,2,0.523443,1.67754e-06
-2,2,0.523451,1.02159e-06
-2,2,0.523455,5.48192e-07
-2,2,0.523456,2.22026e-07
-2,2,0.523656,-0.0003117
-2,2,0.527646,-0.0300764
-2,2,0.53027,-0.0944705
-2,2,0.531212,-0.174658
-2,2,0.530842,-0.258346
-2,2,0.529716,-0.337767
-2,2,0.528283,-0.408473
-2,2,0.526852,-0.468369
-2,2,0.525807,-0.517312
-2,2,0.528675,-0.583819
-2,2,0.530417,-0.674625
-2,2,0.530783,-0.773725
-2,2,0.530153,-0.870667
-2,2,0.528968,-0.959105
-2,2,0.52759,-1.03568
-2,2,0.526268,-1.09914
-2,2,0.52529,-1.14983
-2,2,0.528301,-1.21542
-2,2,0.530217,-1.30541
-2,2,0.530703,-1.40383
-2,2,0.530131,-1.50027
-2,2,0.528973,-1.58834
-2,2,0.527608,-1.66465
-2,2,0.526288,-1.72789
-2,2,0.525209,-1.77829
-2,2,0.527919,-1.83845
-2,2,0.530035,-1.92543
-2,2,0.530693,-2.01882
-2,2,0.530243,-2.11922
-2,2,0.529141,-2.20805
-2,2,0.527788,-2.28546
-2,2,0.52645,-2.34997
-2,2,0.525329,-2.40162
-2,2,0.528122,-2.46467
-2,2,0.53014,-2.55354
-2,2,0.53071,-2.65194
-2,2,0.53024,-2.74521
-2,2,0.52908,-2.83798
-2,2,0.527718,-2.91537
-2,2,0.526387,-2.97974
-2,2,0.525315,-3.03123
-2,2,0.528252,-3.09588
-2,2,0.530235,3.09762
-2,2,0.530757,2.99903
-2,2,0.530208,2.90219
-2,2,0.529045,2.81353
-2,2,0.527673,2.73661
-2,2,0.526341,2.67275
-2,2,0.525344,2.62167
-2,2,0.528257,2.55564
-2,2,0.530149,2.46528
-2,2,0.530627,2.36663
-2,2,0.530059,2.26999
-2,2,0.528922,2.18176
-2,2,0.527631,2.10818
-2,2,0.52627,2.04207
-2,2,0.525297,1.99151
-2,2,0.528252,1.92601
-2,2,0.530132,1.83618
-2,2,0.530617,1.73784
-2,2,0.530063,1.64146
-2,2,0.528931,1.55342
-2,2,0.527587,1.47714
-2,2,0.526279,1.4139
-2,2,0.525239,1.36345
-2,2,0.52812,1.29971
-2,2,0.530067,1.21069
-2,2,0.530621,1.1126
-2,2,0.530107,1.01614
-2,2,0.528984,0.927792
-2,2,0.527643,0.851112
-2,2,0.526329,0.787444
-2,2,0.525276,0.736596
-2,2,0.528141,0.672506
-2,2,0.530085,0.583265
-2,2,0.530625,0.485022
-2,2,0.53011,0.38844
-2,2,0.528988,0.300017
-2,2,0.527752,0.22892
-2,2,0.526328,0.159485
-2,2,0.525244,0.108588
-2,2,0.524517,0.0694862
-2,2,0.524115,0.0405939
-2,2,0.523939,0.0201311
-2,2,0.523886,0.00635189
-2,2,0.523884,-0.00232951
-2,2,0.523887,-0.00726996
-2,2,0.523877,-0.0095831
-2,2,0.523846,-0.0101552
-2,2,0.523798,-0.00964882
-2,2,0.523742,-0.00854646
-2,2,0.523682,-0.00718434
-2,2,0.523626,-0.00578151
-2,2,0.523577,-0.00447138
-2,2,0.523536,-0.00332505
-2,2,0.523505,-0.00237071
-2,2,0.523482,-0.00160919
-2,2,0.523468,-0.001025
-2,2,0.523461,-0.000594356
-2,2,0.523459,-0.000290226
-2,2,0.523543,-9.34168e-05
-2.01872,1.97654,0.529563,-0.0225756
-2.13262,1.86343,0.52944,-0.00706796
-2.27931,1.72603,0.525392,-0.00132021
-2.38619,1.61708,0.523765,0.000941569
-2.44571,1.55205,0.522708,0.00370906
-2.47323,1.52171,0.521801,0.0050917
-2.48523,1.51016,0.521495,0.00513481
-2.5,1.5,0.523455,-4.12183e-05
-2.5,1.5,0.523455,-4.0793e-05
-2.5,1.5,0.523455,-4.03695e-05
-2.5,1.5,0.523455,-3.9948e-05
-2.5,1.5,0.523455,-3.95285e-05
-2.5,1.5,0.523455,-3.91109e-05
-2.5,1.5,0.523455,-3.86953e-05
-2.5,1.5,0.523455,-3.82817e-05
-2.5,1.5,0.523455,-3.78703e-05
-2.5,1.5,0.523455,-3.74609e-05
-2.5,1.5,0.523455,-2.93853e-05
-2.5,1.5,0.523455,-2.90271e-05
-2.5,1.5,0.523455,-2.86714e-05
-2.5,1.5,0.523455,-2.83183e-05
-2.5,1.5,0.523455,-2.79676e-05
-2.5,1.5,0.523455,-2.76194e-05
-2.5,1.5,0.523455,-2.72738e-05
-2.5,1.5,0.523455,-2.69306e-05
-2.5,1.5,0.523455,-2.659e-05
-2.5,1.5,0.523455,-2.62519e-05
-2.5,1.5,0.523455,-2.59164e-05
-2.5,1.5,0.523455,-1.97437e-05
-2.5,1.5,0.523454,-1.32238e-05
-2.5,1.5,0.523454,2.2824e-07
-2.5,1.5,0.523454,2.24639e-07
-2.5,1.5,0.523454,2.21075e-07
-2.5,1.5,0.523454,2.17548e-07
-2.5,1.5,0.523454,2.14057e-07
-2.5,1.5,0.523454,2.10601e-07
-2.5,1.5,0.523454,2.07182e-07
-2.5,1.5,0.523454,2.03799e-07
-2.5,1.5,0.523454,2.0045e-07
-2.5,1.5,0.523454,1.97137e-07
-2.5,1.5,0.528406,9.50763e-08
-2.5,1.5,0.529448,7.90793e-08
-2.5,1.5,0.530582,6.19025e-08
-2.5,1.5,0.531807,4.35567e-08
-2.5,1.5,0.53312,3.32071e-06
-2.5,1.5,0.534518,1.18147e-05
-2.50001,1.5,0.546454,0.000275131
-2.50209,1.50101,0.607072,0.00722927
-2.51511,1.50635,0.673355,0.0292287
-2.54208,1.51565,0.730011,0.0690143
-2.57876,1.52748,0.772842,0.127207
-2.62123,1.5413,0.802923,0.202663
-2.66462,1.55578,0.822397,0.288972
-2.7125,1.57238,0.836341,0.394507
-2.7584,1.5888,0.845692,0.505572
-2.8042,1.60531,0.852739,0.623469
-2.84994,1.62178,0.858748,0.746729
-2.89584,1.63816,0.864658,0.874326
-2.94249,1.65474,0.870802,1.00517
-2.98937,1.67103,0.877113,1.13845
-3.03632,1.68733,0.883611,1.27345
-3.08318,1.70367,0.890306,1.40977
-3.12994,1.72006,0.897237,1.54692
-3.17651,1.73635,0.90425,1.68465
-3.22323,1.75276,0.911256,1.82286
-3.27,1.76913,0.91827,1.96116
-3.31624,1.78511,0.925297,2.09891
-3.35883,1.80185,0.933315,2.2288
-3.387,1.8244,0.942582,2.33966
-3.39815,1.85605,0.952783,2.42483
-3.39618,1.89511,0.963752,2.48177
-3.38652,1.93747,0.975418,2.51108
-3.37314,1.98139,0.987801,2.51477
-3.35806,2.02678,1.00063,2.49678
-3.34228,2.07221,1.01366,2.46128
-3.32621,2.11766,1.02677,2.41206
-3.31054,2.16151,1.03934,2.35495
-3.29334,2.20905,1.05289,2.28525
-3.27662,2.2547,1.06592,2.21285
-3.25989,2.30018,1.07893,2.1371
-3.24325,2.34519,1.09182,2.05931
-3.22666,2.39014,1.10456,1.98046
-3.21011,2.43497,1.11736,1.90099
-3.19355,2.47992,1.13018,1.82145
-3.17692,2.52483,1.14293,1.74215
-3.16029,2.56961,1.15574,1.66299
-3.1436,2.61478,1.16826,1.58473
-3.12821,2.65524,1.17856,1.51201
-3.1171,2.68293,1.18569,1.44825
-3.11105,2.69841,1.18993,1.39496
-3.10846,2.70613,1.19209,1.35225
-3.10746,2.70983,1.19299,1.31932
-3.10697,2.71171,1.19323,1.29489
-3.1066,2.71275,1.19316,1.27751
-3.10631,2.71336,1.19297,1.26574
-3.1061,2.71372,1.19275,1.25827
-3.10597,2.71393,1.19256,1.25397
-3.10591,2.71404,1.1924,1.25191
-3.10587,2.7141,1.19228,1.25134
-3.10586,2.71414,1.19218,1.25169
-3.10585,2.71416,1.1921,1.25257
-3.10585,2.71417,1.19204,1.25368
-3.10584,2.71417,1.19198,1.25484
-3.10584,2.71417,1.19195,1.25589
-3.10584,2.71418,1.19192,1.25689
-3.10584,2.71418,1.19189,1.25769
-3.10584,2.71418,1.19188,1.25833
-3.10584,2.71418,1.19187,1.25882
-3.10584,2.71418,1.19186,1.25919
-3.10584,2.71418,1.19186,1.25945
-3.10584,2.71418,1.19186,1.25962
-3.10584,2.71418,1.19186,1.25973
-3.10584,2.71418,1.19186,1.2598
-3.10584,2.71418,1.19186,1.25983
-3.10584,2.71418,1.19186,1.25983
-3.10584,2.71418,1.19186,1.25983
-3.10584,2.71418,1.19186,1.25981
-3.10584,2.71418,1.19186,1.2598
-3.10584,2.71418,1.19186,1.25978
-3.10584,2.71418,1.19186,1.25976
-3.10584,2.71418,1.19186,1.25975
-3.10584,2.71418,1.19186,1.25974
-3.10584,2.71418,1.19186,1.25973
-3.10584,2.71418,1.19186,1.25972
-3.10584,2.71418,1.19186,1.25971
-3.10584,2.71418,1.19186,1.25971
-3.10584,2.71418,1.19186,1.25971
-3.10584,2.71418,1.19186,1.25971
-3.10584,2.71418,1.19186,1.2597
-3.10584,2.71418,1.19186,1.2597
-3.10584,2.71418,1.19186,1.2597
-3.10584,2.71418,1.19186,1.2597
-3.10584,2.71418,1.19186,1.2597
-3.10584,2.71418,1.19186,1.2597
-3.10584,2.71418,1.19186,1.25971
-3.10584,2.71418,1.19186,1.25971
-3.10584,2.71418,1.19186,1.25971
-3.10584,2.71418,1.19186,1.25971
-3.10584,2.71418,1.19186,1.25971
-3.10584,2.71418,1.19186,1.25971
-3.10584,2.71418,1.19186,1.25971
-3.10584,2.71418,1.19186,1.25971
-3.10584,2.71418,1.19186,1.25971
-3.10584,2.71418,1.19186,1.25971
-3.10584,2.71418,1.19186,1.25971
-3.10584,2.71418,1.19186,1.25971
-3.10584,2.71418,1.19186,1.25971
-3.10584,2.71418,1.19186,1.25971
-3.10584,2.71418,1.19186,1.25971
-3.10578,2.71433,1.1923,1.25903
-3.10407,2.71837,1.19284,1.25596
-3.0963,2.73392,1.19144,1.25082
-3.08138,2.76199,1.18777,1.24416
-3.06193,2.79695,1.18212,1.23653
-3.03983,2.83583,1.17498,1.22822
-3.01745,2.87501,1.16723,1.21986
-2.99271,2.91823,1.15824,1.21058
-2.96863,2.9603,1.14919,1.20154
-2.94436,3.00274,1.13999,1.19248
-2.91992,3.04543,1.13085,1.18346
-2.89558,3.08788,1.12176,1.17452
-2.87123,3.13032,1.11263,1.16565
-2.8467,3.17307,1.10355,1.15687
-2.82327,3.21388,1.09481,1.14849
-2.79755,3.25868,1.08537,1.13947
-2.77298,3.30148,1.07633,1.13084
-2.74847,3.34415,1.06737,1.12227
-2.724,3.38676,1.05832,1.1137
-2.69919,3.42998,1.04923,1.10513
-2.62138,3.56489,1.0204,1.06752
-2.62134,3.56497,1.02038,1.06741
-2.62129,3.56504,1.02036,1.06731
-2.62125,3.56512,1.02034,1.0672
-2.6212,3.56519,1.02032,1.0671
-2.62116,3.56526,1.0203,1.067
-2.6206,3.56616,1.02011,1.06552
-2.61977,3.56813,1.02092,1.06465
-2.62105,3.57719,1.02641,1.0684
-2.62952,3.59448,1.03759,1.07909
-2.64643,3.61746,1.05432,1.09774
-2.66962,3.64376,1.0755,1.12436
-2.69683,3.67232,1.09971,1.15828
-2.72538,3.70156,1.12551,1.19825
-2.75429,3.73109,1.15205,1.24308
-2.7832,3.76076,1.17909,1.29186
-2.81211,3.79057,1.20603,1.34353
-2.84117,3.8204,1.23289,1.39735
-2.87041,3.85032,1.25992,1.45289
-2.90032,3.88091,1.28714,1.50975
-2.93024,3.91139,1.31416,1.56726
-2.9601,3.94167,1.34128,1.6253
-2.98984,3.97198,1.36818,1.68344
-3.01931,4.00193,1.39486,1.74153
-3.04881,4.03198,1.4215,1.79956
-3.07816,4.06188,1.44802,1.85738
-3.18679,4.17197,1.54251,2.13402
-3.18685,4.17206,1.54259,2.1349
-3.18692,4.17215,1.54266,2.13577
-3.18698,4.17223,1.54272,2.13663
-3.18704,4.17232,1.54279,2.13749
-3.1871,4.1724,1.54285,2.13833
-3.18773,4.17329,1.54353,2.14843
-3.18953,4.17525,1.54538,2.16513
-3.19831,4.18197,1.54651,2.17981
-3.21851,4.19562,1.5457,2.19378
-3.2488,4.21448,1.5429,2.20779
-3.28563,4.2364,1.53849,2.22226
-3.32595,4.25983,1.53291,2.23747
-3.36739,4.28392,1.52669,2.25339
-3.4089,4.30803,1.52011,2.27004
-3.45088,4.33256,1.51322,2.28749
-3.49405,4.35789,1.50624,2.30559
-3.53703,4.38302,1.49933,2.32413
-3.57978,4.40793,1.49243,2.34308
-3.62242,4.43286,1.48565,2.36224
-3.66109,4.45543,1.47946,2.37998
-3.70652,4.48196,1.47224,2.40096
-3.74903,4.5068,1.46546,2.42056
-3.79259,4.53225,1.45861,2.44033
-3.83619,4.55767,1.45184,2.46008
-3.87869,4.5824,1.44516,2.47976
-4.03673,4.67495,1.41963,2.57762
-4.03681,4.675,1.41961,2.57787
-4.03688,4.67505,1.4196,2.57812
-4.03695,4.6751,1.41958,2.57837
-4.03702,4.67515,1.41956,2.57861
-4.03709,4.6752,1.41955,2.57885
-4.03716,4.67525,1.41954,2.57909
-4.03842,4.67614,1.41937,2.58408
-4.04047,4.67692,1.42005,2.59353
-4.03847,4.67161,1.42141,2.61639
-4.02568,4.65629,1.42301,2.65509
-4.00045,4.63104,1.4249,2.71623
-3.96951,4.60178,1.42705,2.79277
-3.93592,4.56998,1.42918,2.88419
-3.90177,4.53634,1.43129,2.98831
-3.867,4.50121,1.43349,3.10257
-3.8318,4.46581,1.43577,-3.05878
-3.79671,4.43062,1.43794,-2.93095
-3.76176,4.39566,1.44,-2.79878
-3.72687,4.36077,1.44203,-2.6635
-3.69203,4.32611,1.44411,-2.52591
-3.65713,4.29136,1.44625,-2.38606
-3.62151,4.25569,1.44841,-2.24457
-3.58542,4.22019,1.45058,-2.10185
-3.54945,4.18507,1.45282,-1.9585
-3.51375,4.14986,1.45508,-1.81417
-3.4781,4.11435,1.45729,-1.66968
-3.3624,3.99973,1.46153,-0.885312
-3.36238,3.99971,1.46153,-0.884123
-3.36236,3.99969,1.46152,-0.88295
-3.36233,3.99967,1.46152,-0.881795
-3.36231,3.99965,1.46152,-0.880656
-3.36229,3.99963,1.46152,-0.879533
-3.36227,3.99961,1.46152,-0.878427
-3.36225,3.9996,1.46151,-0.877338
-3.36213,3.9995,1.4615,-0.871133
-3.36148,3.99899,1.46208,-0.84919
-3.36159,3.99846,1.46216,-0.841843
-3.37103,4.00496,1.46026,-0.856034
-3.39155,4.02213,1.45636,-0.893124
-3.41917,4.04694,1.45085,-0.952862
-3.45096,4.07586,1.44432,-1.03224
-3.48531,4.10616,1.4371,-1.12863
-3.52158,4.1372,1.42933,-1.23881
-3.55878,4.16878,1.42134,-1.35972
-3.59643,4.20066,1.41334,-1.48911
-3.63401,4.23276,1.40542,-1.62484
-3.67171,4.26497,1.3975,-1.76524
-3.70898,4.29712,1.38958,-1.90899
-3.74598,4.32903,1.38168,-2.05539
-3.78375,4.36119,1.37374,-2.20411
-3.82123,4.39367,1.3659,-2.35403
-3.85711,4.42493,1.35842,-2.49936
-3.89634,4.4588,1.35036,-2.65781
-3.93413,4.49151,1.34263,-2.81083
-4.07861,4.61805,1.31096,2.50166
-4.07862,4.61806,1.31096,2.50077
-4.07863,4.61808,1.31097,2.49988
-4.07864,4.6181,1.31098,2.49901
-4.07864,4.61811,1.31098,2.49816
-4.07865,4.61813,1.31099,2.49732
-4.07866,4.61814,1.311,2.49649
-4.07867,4.61816,1.311,2.49568
-4.07867,4.61817,1.31101,2.49488
-4.07868,4.61819,1.31102,2.4941
-4.07876,4.61836,1.3112,2.48471
-4.07948,4.61957,1.31193,2.46536
-4.07565,4.6221,1.31327,2.43683
-4.05904,4.6215,1.31511,2.39746
-4.0279,4.61585,1.31785,2.33965
-3.98909,4.60691,1.3211,2.26886
-3.94464,4.59633,1.32474,2.18461
-3.89776,4.58523,1.32862,2.08941
-3.85067,4.57447,1.33258,1.98564
-3.80316,4.56431,1.33667,1.8745
-3.75488,4.55395,1.34076,1.75759
-3.70634,4.54306,1.34484,1.6365
-3.66187,4.53284,1.34864,1.52195
-3.60906,4.52088,1.3531,1.38476
-3.56049,4.50962,1.3572,1.25592
-3.51197,4.49844,1.36135,1.12577
-3.46308,4.48731,1.3655,0.994263
-3.41393,4.47607,1.36961,0.862251
-3.36545,4.46468,1.37368,0.730125
-3.31758,4.45353,1.37782,0.59777
-3.15878,4.4142,1.38984,0.0782723
-3.15834,4.41411,1.38986,0.0748329
-3.1579,4.41402,1.38987,0.0714209
-3.15748,4.41393,1.38989,0.0680362
-3.15357,4.41327,1.38999,0.0325966
-3.14761,4.41285,1.39088,-0.0376952
-3.14272,4.41454,1.39535,-0.0879656
-3.14659,4.42428,1.40472,-0.111205
-3.16261,4.44259,1.4183,-0.106353
-3.18501,4.46451,1.43344,-0.0791075
-3.21586,4.49355,1.45376,-0.0220926
-3.24692,4.5234,1.47423,0.0508847
-3.27915,4.55428,1.49517,0.138558
-3.31131,4.58529,1.51625,0.237373
-3.34331,4.61653,1.53753,0.34508
-3.37581,4.6483,1.55883,0.459305
-3.40884,4.68003,1.57987,0.577827
-3.44021,4.70971,1.59993,0.69433
-3.47388,4.742,1.62164,0.822834
-3.50651,4.77351,1.64248,0.947974
-3.53933,4.80485,1.66332,1.07402
-3.57222,4.83608,1.68402,1.20029
-3.60474,4.86693,1.70475,1.32676
-3.63719,4.89804,1.72558,1.45353
-3.67018,4.92974,1.74661,1.58072
-3.70309,4.96095,1.76636,1.70546
-3.73128,4.9863,1.78183,1.82098
-3.7498,5.00229,1.79221,1.9228
-3.7592,5.01129,1.79824,2.00866
-3.76311,5.01621,1.80119,2.07824
-3.76464,5.01888,1.8023,2.13254
-3.76541,5.0203,1.80249,2.17336
-3.76598,5.02102,1.80227,2.20283
-3.76641,5.02139,1.80193,2.22315
-3.76671,5.02157,1.8016,2.23635
-3.76688,5.02167,1.80132,2.24403
-3.76697,5.02173,1.80108,2.24838
-3.76701,5.02177,1.8009,2.24991
-3.76703,5.0218,1.80076,2.24978
-3.76704,5.02181,1.80065,2.24869
-3.76705,5.02182,1.80056,2.24711
-3.76705,5.02182,1.80048,2.24537
-3.76705,5.02182,1.80042,2.24369
-3.76705,5.02183,1.80037,2.24218
-3.76705,5.02183,1.80033,2.24089
-3.76705,5.02183,1.8003,2.23985
-3.76706,5.02183,1.80028,2.23903
-3.76706,5.02183,1.80027,2.23842
-3.76706,5.02183,1.80027,2.23798
-3.76706,5.02183,1.80027,2.23768
-3.76706,5.02183,1.80027,2.23749
-3.76706,5.02183,1.80027,2.23737
-3.76706,5.02183,1.80027,2.23731
-3.76706,5.02183,1.80027,2.23729
-3.76706,5.02183,1.80027,2.23729
-3.76706,5.02183,1.80027,2.23731
-3.76706,5.02183,1.80027,2.23733
-3.76706,5.02183,1.80027,2.23736
-3.76706,5.02183,1.80026,2.23738
-3.76706,5.02183,1.80026,2.23741
-3.76706,5.02183,1.80026,2.23743
-3.76706,5.02183,1.80026,2.23744
-3.76706,5.02183,1.80026,2.23745
-3.76706,5.02183,1.80026,2.23746
-3.76706,5.02183,1.80026,2.23747
-3.76706,5.02183,1.80026,2.23748
-3.76706,5.02183,1.80026,2.23748
-3.76706,5.02183,1.80026,2.23748
-3.76706,5.02183,1.80026,2.23748
-3.76706,5.02183,1.80026,2.23748
-3.76706,5.02183,1.80026,2.23748
-3.76706,5.02183,1.80026,2.23748
-3.76706,5.02183,1.80026,2.23748
-3.76706,5.02183,1.80026,2.23748
-3.76706,5.02183,1.80026,2.23748
-3.76706,5.02183,1.80026,2.23748
-3.76706,5.02183,1.80026,2.23748
-3.76706,5.02183,1.80026,2.23748
-3.76706,5.02183,1.80026,2.23748
-3.76706,5.02183