2.27044e-07,0.000122119,0.141769,-8.71709e-05
-1.27781e-07,-0.000122355,0.141769,-0.000130902
1.56682e-07,-1.26902e-07,0.1417,-0.000172324
5.00356e-07,0.000122101,0.140651,-0.000213617
5.83727e-07,0.000122096,0.141769,-0.000252346
3.17056e-07,-1.43989e-07,0.1417,-0.00029336
-1.0633e-08,-0.000122383,0.140652,-0.00033428
1.13005e-08,-0.000122389,0.141769,-0.000372764
3.29645e-08,-0.000122395,0.141769,-0.000411176
1.01751e-06,0.000122065,0.140652,-0.000454429
1.09906e-06,0.000122059,0.141769,-0.000492666
6.41143e-07,-1.80924e-07,0.1417,-0.000533158
1.22996e-07,-0.00012242,0.140652,-0.00057356
1.43912e-07,-0.000122427,0.141769,-0.000611555
8.04779e-07,-2.01013e-07,0.1417,-0.000651931
1.52332e-06,0.000122024,0.140652,-0.000692185
1.60317e-06,0.000122017,0.141769,-0.000729939
9.56658e-07,-2.22166e-07,0.1417,-0.000769919
2.51839e-07,-0.000122239,0.141052,-0.000809761
-1.76087e-06,-0.000498749,0.228127,-0.00077324
-1.25029e-06,-0.000577735,0.423063,-0.000686763
2.75535e-07,-0.000520139,0.625351,-0.000577977
5.39017e-07,-0.000330396,0.78937,-0.000504676
-1.45421e-06,-0.000180789,0.908175,-0.0265139
1.70756e-06,-8.04028e-05,0.982657,-0.088643
4.67821e-06,-3.50345e-05,1.02312,-0.167865
-6.14999e-07,-1.86989e-05,1.04103,-0.251517
-6.04706e-06,-1.20715e-05,1.04842,-0.354167
-8.7098e-06,-7.90292e-06,1.04815,-0.479151
-7.61252e-06,-4.74984e-06,1.04419,-0.610564
-4.70259e-06,-3.09799e-06,1.03913,-0.737746
-2.35708e-06,-2.2929e-06,1.03669,-0.871145
-1.19784e-06,-1.66331e-06,1.03437,-1.01912
-7.53536e-07,-9.04634e-07,1.0321,-1.16883
-5.00959e-07,-3.09981e-07,1.03022,-1.30017
-2.66362e-07,3.06352e-09,1.03057,-1.45634
-1.75413e-07,1.64215e-08,1.03059,-1.61301
-1.80273e-07,-1.77245e-08,1.02999,-1.76954
-1.72266e-07,-4.7071e-09,1.02903,-1.91747
-1.18535e-07,1.55028e-08,1.03017,-2.06704
-5.37807e-08,8.37919e-09,1.0305,-2.22692
-1.99646e-08,-1.35414e-08,1.03001,-2.3861
-1.40522e-08,-2.13104e-08,1.02917,-2.52477
-1.16487e-08,-1.23083e-08,1.03008,-2.68771
-3.63104e-09,-4.12351e-10,1.03033,-2.84895
4.71651e-09,3.32712e-09,1.02982,-3.00915
5.84206e-09,1.3012e-09,1.02892,3.12294
2.2936e-09,-2.54483e-11,1.03008,2.97091
-8.15604e-10,1.09037e-09,1.03039,2.80926
-9.8386e-10,2.26428e-09,1.02989,2.64863
1.54364e-10,1.72962e-09,1.029,2.49707
5.2018e-10,5.50071e-10,1.03007,2.34352
7.5699e-12,-6.05379e-11,1.03024,2.18086
-4.20282e-10,1.37201e-10,1.02971,2.01962
-3.20356e-10,3.91233e-10,1.02888,1.86769
-5.98642e-11,2.91827e-10,1.03009,1.7129
2.33359e-11,7.63797e-12,1.0303,1.54963
-7.01542e-11,-1.29168e-10,1.02975,1.38825
-1.19929e-10,-6.3716e-11,1.02882,1.2365
-7.00739e-11,1.89902e-11,1.02989,1.08411
5.96396e-12,2.36131e-11,1.03017,0.922307
2.72338e-11,-1.73687e-11,1.02971,0.761744
6.23086e-12,-3.41037e-11,1.02884,0.610372
-6.08767e-12,-1.92776e-11,1.02781,0.473793
-1.96463e-12,-2.01151e-12,1.02675,0.355419
4.91633e-12,5.21592e-12,1.02575,0.256655
8.41085e-12,5.46649e-12,1.02493,0.177216
9.25488e-12,3.62817e-12,1.0244,0.115609
9.21273e-12,2.0738e-12,1.02415,0.0695996
9.11158e-12,1.25384e-12,1.02408,0.0366024
9.10214e-12,9.10461e-13,1.02411,0.0140374
9.13112e-12,7.43238e-13,1.02415,-0.000476434
9.15091e-12,5.99483e-13,1.02416,-0.00901954
9.15072e-12,4.46518e-13,1.02415,-0.013322
9.13727e-12,3.00171e-13,1.02409,-0.0147607
9.11901e-12,1.79569e-13,1.02401,-0.014386
9.1014e-12,9.17051e-14,1.02391,-0.0129688
9.08665e-12,3.36293e-14,1.02382,-0.0110542
9.07507e-12,-1.8312e-15,1.02373,-0.00900426
9.06648e-12,-2.18547e-14,1.02365,-0.00704401
9.06045e-12,-3.16616e-14,1.02359,-0.00529886
9.05643e-12,-3.49713e-14,1.02354,-0.00382637
9.05395e-12,-3.41417e-14,1.0235,-0.00263744
9.0526e-12,-3.08082e-14,1.02348,-0.00171499
9.05182e-12,-2.64476e-14,1.02347,-0.00102677
9.05165e-12,-2.19257e-14,1.02346,-0.000550613
9.05198e-12,-1.70666e-14,1.02346,-0.000198344
9.05243e-12,-1.28629e-14,1.02346,1.69461e-05
9.05298e-12,-9.23263e-15,1.02346,0.000142806
9.05343e-12,-6.30607e-15,1.02346,0.000205416
9.05381e-12,-4.0446e-15,1.02346,0.00022547
9.05413e-12,-2.37538e-15,1.02346,0.000218643
9.05437e-12,-1.21655e-15,1.02346,0.000196409
9.05457e-12,-3.96464e-16,1.02346,0.000166956
9.05481e-12,7.93251e-17,1.02346,0.000138157
9.055e-12,3.13942e-16,1.02346,0.000105914
9.05503e-12,3.48466e-16,1.02346,7.95072e-05
9.05515e-12,4.18662e-16,1.02346,5.7282e-05
9.05519e-12,3.44316e-16,1.02346,3.93758e-05
9.05517e-12,1.84079e-16,1.02345,2.5514e-05
9.05518e-12,1.28054e-16,1.02345,1.5195e-05
9.0552e-12,1.60499e-16,1.02345,7.82688e-06
9.05515e-12,2.04312e-16,1.02345,2.82074e-06
-0.0121555,-0.0155025,1.02825,-0.021747
-0.11668,-0.123917,1.02766,-0.00856769
-0.265196,-0.26222,1.02308,-0.00193437
-0.377142,-0.375486,1.02181,0.000783242
-0.441286,-0.443801,1.02128,0.00377834
-0.47135,-0.476651,1.02081,0.00549312
-0.48443,-0.489323,1.02082,0.00567018
-0.490644,-0.493537,1.02128,0.00516169
-0.49425,-0.495304,1.02191,0.00440722
-0.496587,-0.496647,1.02249,0.00359268
-0.498072,-0.497852,1.02293,0.00281243
-0.498949,-0.498785,1.02322,0.00211753
-0.499423,-0.499368,1.03443,0.00165402
-0.500367,-0.497942,1.08756,0.00566543
-0.506822,-0.487281,1.15211,0.0211734
-0.522005,-0.46555,1.20829,0.0503734
-0.543716,-0.435957,1.24979,0.0940943
-0.569548,-0.400546,1.27686,0.152074
-0.597602,-0.361919,1.29244,0.222379
-0.626253,-0.321938,1.30014,0.302455
-0.654518,-0.281993,1.30286,0.390662
-0.682855,-0.241105,1.30291,0.485324
-0.7115,-0.200277,1.30176,0.584377
-0.739908,-0.160316,1.3003,0.68653
-0.768227,-0.12006,1.29891,0.79169
-0.797108,-0.0787985,1.29775,0.898804
-0.82638,-0.037756,1.29693,1.00707
-0.855363,0.0026571,1.2963,1.11618
-0.884327,0.0435535,1.29577,1.22604
-0.913546,0.0849173,1.29536,1.33639
-0.942684,0.125793,1.29508,1.4465
-0.971478,0.166051,1.29488,1.55647
-1.00008,0.206491,1.29467,1.66642
-1.02868,0.246886,1.2944,1.77266
-1.05701,0.286554,1.29393,1.86925
-1.08495,0.325655,1.29329,1.95277
-1.11312,0.365123,1.29264,2.02197
-1.14179,0.405277,1.29202,2.0771
-1.1709,0.445955,1.29146,2.1194
-1.1997,0.4861,1.29104,2.1506
-1.22873,0.526605,1.2907,2.17266
-1.25691,0.565957,1.29042,2.18701
-1.2877,0.608988,1.29012,2.1968
-1.31711,0.650123,1.28981,2.20208
-1.34575,0.690182,1.28952,2.20454
-1.37419,0.729974,1.28922,2.20512
-1.40337,0.770787,1.28891,2.20454
-1.43277,0.811917,1.2886,2.20332
-1.46166,0.852367,1.2883,2.20183
-1.48915,0.890839,1.28802,2.20035
-1.51954,0.933376,1.28771,2.19886
-1.54912,0.974769,1.28741,2.19761
-1.578,1.01519,1.28715,2.19657
-1.60654,1.05514,1.28693,2.19574
-1.635,1.09495,1.28667,2.19511
-1.66381,1.13522,1.2864,2.19464
-1.69258,1.1754,1.28612,2.19431
-1.72004,1.21373,1.28587,2.19409
-1.7498,1.25527,1.28559,2.19395
-1.77916,1.29625,1.28531,2.19387
-1.80873,1.33751,1.28503,2.19383
-1.83783,1.37811,1.28478,2.19383
-1.8672,1.41908,1.28454,2.19384
-1.89662,1.46013,1.28428,2.19386
-1.9257,1.50071,1.28403,2.19388
-1.95435,1.54069,1.2838,2.1939
-1.98329,1.58107,1.28358,2.19392
-2.01241,1.62172,1.28332,2.19394
-2.04154,1.66236,1.28305,2.19396
-2.07054,1.70283,1.28283,2.19397
-2.0996,1.74338,1.28261,2.19398
-2.12889,1.78425,1.28234,2.19399
-2.15798,1.82484,1.28206,2.19399
-2.18583,1.86369,1.28181,2.19399
-2.21578,1.90548,1.28153,2.19399
-2.24479,1.94594,1.28125,2.19398
-2.27382,1.98644,1.28098,2.19396
-2.30278,2.02682,1.28076,2.19393
-2.33157,2.06697,1.28054,2.1939
-2.36042,2.1072,1.28027,2.19386
-2.38964,2.14795,1.27998,2.19382
-2.41872,2.1885,1.2797,2.19377
-2.44691,2.2278,1.27944,2.19372
-2.47709,2.26988,1.27913,2.19367
-2.50556,2.30958,1.27885,2.19362
-2.53435,2.34974,1.27861,2.19356
-2.56346,2.39034,1.27836,2.19351
-2.59322,2.43182,1.2781,2.19345
-2.62302,2.47338,1.27785,2.1934
-2.65257,2.51457,1.27762,2.19335
-2.68156,2.555,1.27735,2.19329
-2.71047,2.59531,1.27708,2.19324
-2.73946,2.63574,1.27683,2.19318
-2.76703,2.67419,1.27653,2.19313
-2.78793,2.70336,1.27622,2.19309
-2.80047,2.72091,1.27587,2.19305
-2.80686,2.72996,1.27555,2.19302
-2.80983,2.73429,1.27532,2.19299
-2.81124,2.73642,1.27517,2.19297
-2.81198,2.73759,1.2751,2.19296
-2.81241,2.73829,1.27507,2.19295
-2.81268,2.73872,1.27506,2.19294
-2.81283,2.73896,1.27507,2.19294
-2.81292,2.7391,1.27507,2.19294
-2.81297,2.73918,1.27508,2.19294
-2.81299,2.73922,1.27509,2.19294
-2.81301,2.73924,1.27509,2.19294
-2.81301,2.73926,1.27509,2.19294
-2.81302,2.73926,1.27509,2.19294