-0.500313,-0.5,1.02346,-3.1415
-0.511937,-0.483725,1.02335,-3.09668
-0.52356,-0.46745,1.02324,-3.05186
-0.535184,-0.451174,1.02313,-3.00704
-0.546808,-0.434899,1.02302,-2.96222
-0.558431,-0.418624,1.02291,-2.9174
-0.570055,-0.402349,1.0228,-2.87258
-0.581678,-0.386074,1.02269,-2.82776
-0.593302,-0.369799,1.02258,-2.78295
-0.604926,-0.353524,1.02248,-2.73813
-0.616549,-0.337249,1.02237,-2.69331
-0.628173,-0.320974,1.02226,-2.64849
-0.639797,-0.304698,1.02215,-2.60367
-0.65142,-0.288423,1.02204,-2.55885
-0.663044,-0.272148,1.02193,-2.51403
-0.674667,-0.255873,1.02182,-2.46921
-0.686291,-0.239598,1.02171,-2.42439
-0.697915,-0.223323,1.0216,-2.37958
-0.709538,-0.207048,1.02149,-2.33476
-0.721162,-0.190773,1.02138,-2.28994
-0.732786,-0.174497,1.02128,-2.24512
-0.744409,-0.158222,1.02117,-2.2003
-0.756033,-0.141947,1.02106,-2.15548
-0.767656,-0.125672,1.02095,-2.11066
-0.77928,-0.109397,1.02084,-2.06584
-0.790904,-0.0931219,1.02073,-2.02103
-0.802527,-0.0768468,1.02062,-1.97621
-0.814151,-0.0605717,1.02051,-1.93139
-0.825775,-0.0442966,1.0204,-1.88657
-0.837398,-0.0280214,1.02029,-1.84175
-0.849022,-0.0117463,1.02019,-1.79693
-0.860646,0.00452878,1.02008,-1.75211
-0.872269,0.0208039,1.01997,-1.70729
-0.883893,0.037079,1.01986,-1.66247
-0.895516,0.0533541,1.01975,-1.61766
-0.90714,0.0696292,1.01964,-1.57284
-0.918764,0.0859044,1.01953,-1.52802
-0.930387,0.102179,1.01942,-1.4832
-0.942011,0.118455,1.01931,-1.43838
-0.953635,0.13473,1.0192,-1.39356
-0.965258,0.151005,1.01909,-1.34874
-0.976882,0.16728,1.01899,-1.30392
-0.988505,0.183555,1.01888,-1.25911
-1.00013,0.19983,1.01877,-1.21429
-1.01175,0.216105,1.01866,-1.16947
-1.02338,0.23238,1.01855,-1.12465
-1.035,0.248656,1.01844,-1.07983
-1.04662,0.264931,1.01833,-1.03501
-1.05825,0.281206,1.01822,-0.990193
-1.06987,0.297481,1.01811,-0.945374
-1.08149,0.313756,1.018,-0.900555
-1.09934,0.322789,1.01788,-0.879259
-1.11718,0.331822,1.01775,-0.857962
-1.13503,0.340855,1.01763,-0.836666
-1.15287,0.349887,1.0175,-0.815369
-1.17071,0.35892,1.01737,-0.794073
-1.18856,0.367953,1.01725,-0.772776
-1.2064,0.376986,1.01712,-0.75148
-1.22424,0.386019,1.017,-0.730183
-1.24209,0.395052,1.01687,-0.708887
-1.25993,0.404085,1.01674,-0.687591
-1.27777,0.413118,1.01662,-0.666294
-1.29562,0.42215,1.01649,-0.644998
-1.31346,0.431183,1.01637,-0.623701
-1.3313,0.440216,1.01624,-0.602405
-1.34915,0.449249,1.01612,-0.581108
-1.36699,0.458282,1.01599,-0.559812
-1.38483,0.467315,1.01586,-0.538515
-1.40268,0.476348,1.01574,-0.517219
-1.42052,0.485381,1.01561,-0.495923
-1.43836,0.494413,1.01549,-0.474626
-1.45621,0.503446,1.01536,-0.45333
-1.47405,0.512479,1.01523,-0.432033
-1.4919,0.521512,1.01511,-0.410737
-1.50974,0.530545,1.01498,-0.38944
-1.52758,0.539578,1.01486,-0.368144
-1.54543,0.548611,1.01473,-0.346848
-1.56327,0.557644,1.0146,-0.325551
-1.58111,0.566676,1.01448,-0.304255
-1.59896,0.575709,1.01435,-0.282958
-1.6168,0.584742,1.01423,-0.261662
-1.63464,0.593775,1.0141,-0.240365
-1.65249,0.602808,1.01398,-0.219069
-1.67033,0.611841,1.01385,-0.197772
-1.68817,0.620874,1.01372,-0.176476
-1.70602,0.629907,1.0136,-0.15518
-1.72386,0.63894,1.01347,-0.133883
-1.7417,0.647972,1.01335,-0.112587
-1.75955,0.657005,1.01322,-0.0912902
-1.77739,0.666038,1.01309,-0.0699938
-1.79524,0.675071,1.01297,-0.0486973
-1.81308,0.684104,1.01284,-0.0274009
-1.83092,0.693137,1.01272,-0.00610446
-1.84877,0.70217,1.01259,0.015192
-1.86661,0.711203,1.01246,0.0364884
-1.88445,0.720235,1.01234,0.0577849
-1.9023,0.729268,1.01221,0.0790813
-1.92014,0.738301,1.01209,0.100378
-1.93798,0.747334,1.01196,0.121674
-1.95583,0.756367,1.01184,0.142971
-1.97367,0.7654,1.01171,0.164267
-1.98927,0.777903,1.01229,0.13115
-2.00487,0.790407,1.01287,0.0980325
-2.02047,0.80291,1.01345,0.0649152
-2.03607,0.815414,1.01404,0.0317979
-2.05166,0.827918,1.01462,-0.0013194
-2.06726,0.840421,1.0152,-0.0344367
-2.08286,0.852925,1.01578,-0.067554
-2.09846,0.865428,1.01636,-0.100671
-2.11406,0.877932,1.01694,-0.133789
-2.12966,0.890435,1.01753,-0.166906
-2.14526,0.902939,1.01811,-0.200023
-2.16086,0.915443,1.01869,-0.23314
-2.17645,0.927946,1.01927,-0.266258
-2.19205,0.94045,1.01985,-0.299375
-2.20765,0.952953,1.02043,-0.332492
-2.22325,0.965457,1.02102,-0.36561
-2.23885,0.97796,1.0216,-0.398727
-2.25445,0.990464,1.02218,-0.431844
-2.27005,1.00297,1.02276,-0.464962
-2.28565,1.01547,1.02334,-0.498079
-2.30125,1.02797,1.02392,-0.531196
-2.31684,1.04048,1.02451,-0.564313
-2.33244,1.05298,1.02509,-0.597431
-2.34804,1.06549,1.02567,-0.630548
-2.36364,1.07799,1.02625,-0.663665
-2.37924,1.09049,1.02683,-0.696783
-2.39484,1.103,1.02741,-0.7299
-2.41044,1.1155,1.028,-0.763017
-2.42604,1.128,1.02858,-0.796134
-2.44163,1.14051,1.02916,-0.829252
-2.45723,1.15301,1.02974,-0.862369
-2.47283,1.16551,1.03032,-0.895486
-2.48843,1.17802,1.0309,-0.928604
-2.50403,1.19052,1.03149,-0.961721
-2.51963,1.20302,1.03207,-0.994838
-2.53523,1.21553,1.03265,-1.02796
-2.55083,1.22803,1.03323,-1.06107
-2.56642,1.24054,1.03381,-1.09419
-2.58202,1.25304,1.03439,-1.12731
-2.59762,1.26554,1.03498,-1.16042
-2.61322,1.27805,1.03556,-1.19354
-2.62882,1.29055,1.03614,-1.22666
-2.64442,1.30305,1.03672,-1.25978
-2.66002,1.31556,1.0373,-1.29289
-2.67562,1.32806,1.03788,-1.32601
-2.69122,1.34056,1.03847,-1.35913
-2.70681,1.35307,1.03905,-1.39225
-2.72241,1.36557,1.03963,-1.42536
-2.73801,1.37807,1.04021,-1.45848
-2.75361,1.39058,1.04079,-1.4916
-2.76639,1.40396,1.04838,-1.51032
-2.77916,1.41735,1.05597,-1.52903
-2.79194,1.43073,1.06356,-1.54775
-2.80471,1.44412,1.07115,-1.56647
-2.81749,1.4575,1.07875,-1.58519
-2.83026,1.47089,1.08634,-1.60391
-2.84304,1.48428,1.09393,-1.62263
-2.85582,1.49766,1.10152,-1.64135
-2.86859,1.51105,1.10911,-1.66006
-2.88137,1.52443,1.1167,-1.67878
-2.89414,1.53782,1.12429,-1.6975
-2.90692,1.5512,1.13188,-1.71622
-2.91969,1.56459,1.13947,-1.73494
-2.93247,1.57797,1.14706,-1.75366
-2.94525,1.59136,1.15465,-1.77238
-2.95802,1.60474,1.16224,-1.79109
-2.9708,1.61813,1.16983,-1.80981
-2.98357,1.63151,1.17742,-1.82853
-2.99635,1.6449,1.18501,-1.84725
-3.00912,1.65828,1.1926,-1.86597
-3.0219,1.67167,1.20019,-1.88469
-3.03468,1.68505,1.20778,-1.9034
-3.04745,1.69844,1.21537,-1.92212
-3.06023,1.71183,1.22296,-1.94084
-3.073,1.72521,1.23055,-1.95956
-3.08578,1.7386,1.23814,-1.97828
-3.09855,1.75198,1.24573,-1.997
-3.11133,1.76537,1.25333,-2.01572
-3.12411,1.77875,1.26092,-2.03443
-3.13688,1.79214,1.26851,-2.05315
-3.14966,1.80552,1.2761,-2.07187
-3.16243,1.81891,1.28369,-2.09059
-3.17521,1.83229,1.29128,-2.10931
-3.18798,1.84568,1.29887,-2.12803
-3.20076,1.85906,1.30646,-2.14675
-3.21354,1.87245,1.31405,-2.16546
-3.22631,1.88583,1.32164,-2.18418
-3.23909,1.89922,1.32923,-2.2029
-3.25186,1.9126,1.33682,-2.22162
-3.26464,1.92599,1.34441,-2.24034
-3.27741,1.93938,1.352,-2.25906
-3.29019,1.95276,1.35959,-2.27777
-3.30297,1.96615,1.36718,-2.29649
-3.31574,1.97953,1.37477,-2.31521
-3.32852,1.99292,1.38236,-2.33393
-3.34129,2.0063,1.38995,-2.35265
-3.35407,2.01969,1.39754,-2.37137
-3.36684,2.03307,1.40513,-2.39009
-3.37962,2.04646,1.41272,-2.4088
-3.3924,2.05984,1.42031,-2.42752
-3.40179,2.04224,1.41901,-2.40482
-3.41119,2.02463,1.4177,-2.38211
-3.42058,2.00702,1.41639,-2.35941
-3.42998,1.98941,1.41509,-2.33671
-3.43937,1.97181,1.41378,-2.314
-3.44877,1.9542,1.41248,-2.2913
-3.45817,1.93659,1.41117,-2.26859
-3.46756,1.91899,1.40986,-2.24589
-3.47696,1.90138,1.40856,-2.22318
-3.48635,1.88377,1.40725,-2.20048
-3.49575,1.86616,1.40594,-2.17777
-3.50514,1.84856,1.40464,-2.15507
-3.51454,1.83095,1.40333,-2.13237
-3.52394,1.81334,1.40202,-2.10966
-3.53333,1.79574,1.40072,-2.08696
-3.54273,1.77813,1.39941,-2.06425
-3.55212,1.76052,1.3981,-2.04155
-3.56152,1.74291,1.3968,-2.01884
-3.57091,1.72531,1.39549,-1.99614
-3.58031,1.7077,1.39418,-1.97343
-3.58971,1.69009,1.39288,-1.95073
-3.5991,1.67248,1.39157,-1.92803
-3.6085,1.65488,1.39026,-1.90532
-3.61789,1.63727,1.38896,-1.88262
-3.62729,1.61966,1.38765,-1.85991
-3.63668,1.60206,1.38634,-1.83721
-3.64608,1.58445,1.38504,-1.8145
-3.65548,1.56684,1.38373,-1.7918
-3.66487,1.54923,1.38242,-1.76909
-3.67427,1.53163,1.38112,-1.74639
-3.68366,1.51402,1.37981,-1.72369
-3.69306,1.49641,1.3785,-1.70098
-3.70245,1.47881,1.3772,-1.67828
-3.71185,1.4612,1.37589,-1.65557
-3.72124,1.44359,1.37458,-1.63287
-3.73064,1.42598,1.37328,-1.61016
-3.74004,1.40838,1.37197,-1.58746
-3.74943,1.39077,1.37066,-1.56475
-3.75883,1.37316,1.36936,-1.54205
-3.76822,1.35555,1.36805,-1.51934
-3.77762,1.33795,1.36674,-1.49664
-3.78701,1.32034,1.36544,-1.47394
-3.79641,1.30273,1.36413,-1.45123
-3.80581,1.28513,1.36282,-1.42853
-3.8152,1.26752,1.36152,-1.40582
-3.8246,1.24991,1.36021,-1.38312
-3.83399,1.2323,1.3589,-1.36041
-3.84339,1.2147,1.3576,-1.33771
-3.85278,1.19709,1.35629,-1.315
-3.86218,1.17948,1.35498,-1.2923
-3.85375,1.19728,1.35151,-1.27143
-3.84532,1.21508,1.34804,-1.25056
-3.83689,1.23289,1.34457,-1.22969
-3.82846,1.25069,1.3411,-1.20882
-3.82003,1.26849,1.33763,-1.18795
-3.8116,1.28629,1.33416,-1.16708
-3.80317,1.30409,1.33069,-1.14622
-3.79474,1.32189,1.32722,-1.12535
-3.78631,1.33969,1.32375,-1.10448
-3.77788,1.35749,1.32027,-1.08361
-3.76945,1.37529,1.3168,-1.06274
-3.76101,1.3931,1.31333,-1.04187
-3.75258,1.4109,1.30986,-1.021
-3.74415,1.4287,1.30639,-1.00013
-3.73572,1.4465,1.30292,-0.979261
-3.72729,1.4643,1.29945,-0.958392
-3.71886,1.4821,1.29598,-0.937523
-3.71043,1.4999,1.29251,-0.916653
-3.702,1.5177,1.28903,-0.895784
-3.69357,1.5355,1.28556,-0.874915
-3.68514,1.55331,1.28209,-0.854045
-3.67671,1.57111,1.27862,-0.833176
-3.66828,1.58891,1.27515,-0.812307
-3.65985,1.60671,1.27168,-0.791438
-3.65142,1.62451,1.26821,-0.770568
-3.64299,1.64231,1.26474,-0.749699
-3.63456,1.66011,1.26127,-0.72883
-3.62613,1.67791,1.25779,-0.70796
-3.6177,1.69571,1.25432,-0.687091
-3.60927,1.71352,1.25085,-0.666222
-3.60084,1.73132,1.24738,-0.645353
-3.59241,1.74912,1.24391,-0.624483
-3.58398,1.76692,1.24044,-0.603614
-3.57555,1.78472,1.23697,-0.582745
-3.56711,1.80252,1.2335,-0.561875
-3.55868,1.82032,1.23003,-0.541006
-3.55025,1.83812,1.22656,-0.520137
-3.54182,1.85592,1.22308,-0.499268
-3.53339,1.87373,1.21961,-0.478398
-3.52496,1.89153,1.21614,-0.457529
-3.51653,1.90933,1.21267,-0.43666
-3.5081,1.92713,1.2092,-0.41579
-3.49967,1.94493,1.20573,-0.394921
-3.49124,1.96273,1.20226,-0.374052
-3.48281,1.98053,1.19879,-0.353183
-3.47438,1.99833,1.19532,-0.332313
-3.46595,2.01613,1.19184,-0.311444
-3.45752,2.03394,1.18837,-0.290575
-3.44909,2.05174,1.1849,-0.269705
-3.44066,2.06954,1.18143,-0.248836
-3.42528,2.05691,1.18343,-0.268308
-3.4099,2.04428,1.18542,-0.28778
-3.39452,2.03165,1.18742,-0.307251
-3.37914,2.01902,1.18941,-0.326723
-3.36376,2.0064,1.19141,-0.346195
-3.34838,1.99377,1.1934,-0.365667
-3.333,1.98114,1.19539,-0.385138
-3.31762,1.96851,1.19739,-0.40461
-3.30224,1.95588,1.19938,-0.424082
-3.28686,1.94325,1.20138,-0.443554
-3.27148,1.93062,1.20337,-0.463026
-3.2561,1.918,1.20537,-0.482497
-3.24072,1.90537,1.20736,-0.501969
-3.22534,1.89274,1.20936,-0.521441
-3.20996,1.88011,1.21135,-0.540913
-3.19458,1.86748,1.21335,-0.560384
-3.1792,1.85485,1.21534,-0.579856
-3.16382,1.84222,1.21734,-0.599328
-3.14844,1.8296,1.21933,-0.6188
-3.13306,1.81697,1.22133,-0.638271
-3.11768,1.80434,1.22332,-0.657743
-3.1023,1.79171,1.22532,-0.677215
-3.08692,1.77908,1.22731,-0.696687
-3.07154,1.76645,1.2293,-0.716158
-3.05616,1.75382,1.2313,-0.73563
-3.04078,1.7412,1.23329,-0.755102
-3.0254,1.72857,1.23529,-0.774574
-3.01002,1.71594,1.23728,-0.794045
-2.99464,1.70331,1.23928,-0.813517
-2.97926,1.69068,1.24127,-0.832989
-2.96388,1.67805,1.24327,-0.852461
-2.9485,1.66542,1.24526,-0.871933
-2.93312,1.6528,1.24726,-0.891404
-2.91774,1.64017,1.24925,-0.910876
-2.90236,1.62754,1.25125,-0.930348
-2.88698,1.61491,1.25324,-0.94982
-2.8716,1.60228,1.25524,-0.969291
-2.85622,1.58965,1.25723,-0.988763
-2.84084,1.57703,1.25923,-1.00823
-2.82546,1.5644,1.26122,-1.02771
-2.81008,1.55177,1.26321,-1.04718
-2.7947,1.53914,1.26521,-1.06665
-2.77932,1.52651,1.2672,-1.08612
-2.76394,1.51388,1.2692,-1.10559
-2.74856,1.50125,1.27119,-1.12507
-2.73318,1.48863,1.27319,-1.14454
-2.7178,1.476,1.27518,-1.16401
-2.70242,1.46337,1.27718,-1.18348
-2.68704,1.45074,1.27917,-1.20295
-2.67166,1.43811,1.28117,-1.22242
-2.6581,1.45196,1.28612,-1.22493
-2.64455,1.4658,1.29107,-1.22744
-2.63099,1.47964,1.29602,-1.22994
-2.61743,1.49349,1.30096,-1.23245
-2.60387,1.50733,1.30591,-1.23496
-2.59031,1.52118,1.31086,-1.23746
-2.57675,1.53502,1.31581,-1.23997
-2.56319,1.54887,1.32076,-1.24248
-2.54964,1.56271,1.32571,-1.24498
-2.53608,1.57656,1.33066,-1.24749
-2.52252,1.5904,1.33561,-1.24999
-2.50896,1.60424,1.34056,-1.2525
-2.4954,1.61809,1.34551,-1.25501
-2.48184,1.63193,1.35046,-1.25751
-2.46828,1.64578,1.35541,-1.26002
-2.45472,1.65962,1.36036,-1.26253
-2.44117,1.67347,1.36531,-1.26503
-2.42761,1.68731,1.37026,-1.26754
-2.41405,1.70115,1.37521,-1.27005
-2.40049,1.715,1.38016,-1.27255
-2.38693,1.72884,1.3851,-1.27506
-2.37337,1.74269,1.39005,-1.27756
-2.35981,1.75653,1.395,-1.28007
-2.34626,1.77038,1.39995,-1.28258
-2.3327,1.78422,1.4049,-1.28508
-2.31914,1.79807,1.40985,-1.28759
-2.30558,1.81191,1.4148,-1.2901
-2.29202,1.82575,1.41975,-1.2926
-2.27846,1.8396,1.4247,-1.29511
-2.2649,1.85344,1.42965,-1.29762
-2.25135,1.86729,1.4346,-1.30012
-2.23779,1.88113,1.43955,-1.30263
-2.22423,1.89498,1.4445,-1.30513
-2.21067,1.90882,1.44945,-1.30764
-2.19711,1.92266,1.4544,-1.31015
-2.18355,1.93651,1.45935,-1.31265
-2.16999,1.95035,1.4643,-1.31516
-2.15644,1.9642,1.46924,-1.31767
-2.14288,1.97804,1.47419,-1.32017
-2.12932,1.99189,1.47914,-1.32268
-2.11576,2.00573,1.48409,-1.32518
-2.1022,2.01958,1.48904,-1.32769
-2.08864,2.03342,1.49399,-1.3302
-2.07508,2.04726,1.49894,-1.3327
-2.06152,2.06111,1.50389,-1.33521
-2.04797,2.07495,1.50884,-1.33772
-2.03441,2.0888,1.51379,-1.34022
-2.02085,2.10264,1.51874,-1.34273
-2.00729,2.11649,1.52369,-1.34524
-1.99373,2.13033,1.52864,-1.34774
-1.9795,2.11645,1.52644,-1.33064
-1.96528,2.10256,1.52424,-1.31354
-1.95105,2.08868,1.52205,-1.29645
-1.93682,2.07479,1.51985,-1.27935
-1.9226,2.06091,1.51765,-1.26225
-1.90837,2.04702,1.51546,-1.24515
-1.89414,2.03314,1.51326,-1.22805
-1.87992,2.01926,1.51106,-1.21095
-1.86569,2.00537,1.50886,-1.19385
-1.85146,1.99149,1.50667,-1.17675
-1.83724,1.9776,1.50447,-1.15966
-1.82301,1.96372,1.50227,-1.14256
-1.80878,1.94983,1.50008,-1.12546
-1.79456,1.93595,1.49788,-1.10836
-1.78033,1.92207,1.49568,-1.09126
-1.7661,1.90818,1.49348,-1.07416
-1.75188,1.8943,1.49129,-1.05706
-1.73765,1.88041,1.48909,-1.03996
-1.72342,1.86653,1.48689,-1.02286
-1.7092,1.85264,1.4847,-1.00577
-1.69497,1.83876,1.4825,-0.988667
-1.68074,1.82488,1.4803,-0.971569
-1.66652,1.81099,1.47811,-0.95447
-1.65229,1.79711,1.47591,-0.937371
-1.63806,1.78322,1.47371,-0.920272
-1.62384,1.76934,1.47151,-0.903173
-1.60961,1.75545,1.46932,-0.886074
-1.59538,1.74157,1.46712,-0.868976
-1.58116,1.72769,1.46492,-0.851877
-1.56693,1.7138,1.46273,-0.834778
-1.5527,1.69992,1.46053,-0.817679
-1.53848,1.68603,1.45833,-0.80058
-1.52425,1.67215,1.45614,-0.783482
-1.51002,1.65826,1.45394,-0.766383
-1.4958,1.64438,1.45174,-0.749284
-1.48157,1.6305,1.44954,-0.732185
-1.46734,1.61661,1.44735,-0.715086
-1.45312,1.60273,1.44515,-0.697988
-1.43889,1.58884,1.44295,-0.680889
-1.42466,1.57496,1.44076,-0.66379
-1.41044,1.56107,1.43856,-0.646691
-1.39621,1.54719,1.43636,-0.629592
-1.38198,1.5333,1.43417,-0.612494
-1.36776,1.51942,1.43197,-0.595395
-1.35353,1.50554,1.42977,-0.578296
-1.3393,1.49165,1.42757,-0.561197
-1.32508,1.47777,1.42538,-0.544098
-1.31085,1.46388,1.42318,-0.527
-1.29662,1.45,1.42098,-0.509901
-1.2824,1.43611,1.41879,-0.492802
-1.29695,1.44937,1.41524,-0.458068
-1.3115,1.46262,1.41169,-0.423335
-1.32606,1.47587,1.40814,-0.388601
-1.34061,1.48912,1.40459,-0.353868
-1.35517,1.50237,1.40104,-0.319134
-1.36972,1.51562,1.39749,-0.2844
-1.38427,1.52887,1.39395,-0.249667
-1.39883,1.54212,1.3904,-0.214933
-1.41338,1.55538,1.38685,-0.1802
-1.42793,1.56863,1.3833,-0.145466
-1.44249,1.58188,1.37975,-0.110732
-1.45704,1.59513,1.3762,-0.0759988
-1.4716,1.60838,1.37266,-0.0412653
-1.48615,1.62163,1.36911,-0.00653166
-1.5007,1.63488,1.36556,0.0282019
-1.51526,1.64813,1.36201,0.0629355
-1.52981,1.66139,1.35846,0.0976691
-1.54436,1.67464,1.35491,0.132403
-1.55892,1.68789,1.35136,0.167136
-1.57347,1.70114,1.34782,0.20187
-1.58803,1.71439,1.34427,0.236604
-1.60258,1.72764,1.34072,0.271337
-1.61713,1.74089,1.33717,0.306071
-1.63169,1.75415,1.33362,0.340804
-1.64624,1.7674,1.33007,0.375538
-1.66079,1.78065,1.32652,0.410271
-1.67535,1.7939,1.32298,0.445005
-1.6899,1.80715,1.31943,0.479739
-1.70446,1.8204,1.31588,0.514472
-1.71901,1.83365,1.31233,0.549206
-1.73356,1.8469,1.30878,0.583939
-1.74812,1.86016,1.30523,0.618673
-1.76267,1.87341,1.30169,0.653407
-1.77722,1.88666,1.29814,0.68814
-1.79178,1.89991,1.29459,0.722874
-1.80633,1.91316,1.29104,0.757607
-1.82089,1.92641,1.28749,0.792341
-1.83544,1.93966,1.28394,0.827075
-1.84999,1.95291,1.28039,0.861808
-1.86455,1.96617,1.27685,0.896542
-1.8791,1.97942,1.2733,0.931275
-1.89365,1.99267,1.26975,0.966009
-1.90821,2.00592,1.2662,1.00074
-1.92276,2.01917,1.26265,1.03548
-1.93732,2.03242,1.2591,1.07021
-1.95187,2.04567,1.25555,1.10494
-1.96642,2.05892,1.25201,1.13968
-1.98098,2.07218,1.24846,1.17441
-1.99553,2.08543,1.24491,1.20914
-2.01008,2.09868,1.24136,1.24388
-2.02867,2.09834,1.24875,1.20542
-2.04725,2.09801,1.25614,1.16696
-2.06583,2.09768,1.26353,1.1285
-2.08441,2.09734,1.27091,1.09003
-2.103,2.09701,1.2783,1.05157
-2.12158,2.09667,1.28569,1.01311
-2.14016,2.09634,1.29308,0.974652
-2.15874,2.096,1.30047,0.936191
-2.17732,2.09567,1.30786,0.89773
-2.19591,2.09534,1.31525,0.859269
-2.21449,2.095,1.32263,0.820809
-2.23307,2.09467,1.33002,0.782348
-2.25165,2.09433,1.33741,0.743887
-2.27024,2.094,1.3448,0.705426
-2.28882,2.09366,1.35219,0.666965
-2.3074,2.09333,1.35958,0.628505
-2.32598,2.093,1.36696,0.590044
-2.34457,2.09266,1.37435,0.551583
-2.36315,2.09233,1.38174,0.513122
-2.38173,2.09199,1.38913,0.474661
-2.40031,2.09166,1.39652,0.4362
-2.41889,2.09133,1.40391,0.39774
-2.43748,2.09099,1.4113,0.359279
-2.45606,2.09066,1.41868,0.320818
-2.47464,2.09032,1.42607,0.282357
-2.49322,2.08999,1.43346,0.243896
-2.51181,2.08965,1.44085,0.205435
-2.53039,2.08932,1.44824,0.166975
-2.54897,2.08899,1.45563,0.128514
-2.56755,2.08865,1.46301,0.090053
-2.58613,2.08832,1.4704,0.0515921
-2.60472,2.08798,1.47779,0.0131313
-2.6233,2.08765,1.48518,-0.0253295
-2.64188,2.08731,1.49257,-0.0637903
-2.66046,2.08698,1.49996,-0.102251
-2.67905,2.08665,1.50735,-0.140712
-2.69763,2.08631,1.51473,-0.179173
-2.71621,2.08598,1.52212,-0.217634
-2.73479,2.08564,1.52951,-0.256094
-2.75337,2.08531,1.5369,-0.294555
-2.77196,2.08498,1.54429,-0.333016
-2.79054,2.08464,1.55168,-0.371477
-2.80912,2.08431,1.55906,-0.409938
-2.8277,2.08397,1.56645,-0.448399
-2.84629,2.08364,1.57384,-0.486859
-2.86487,2.0833,1.58123,-0.52532
-2.88345,2.08297,1.58862,-0.563781
-2.90203,2.08264,1.59601,-0.602242
-2.92061,2.0823,1.6034,-0.640703
-2.9392,2.08197,1.61078,-0.679164
-2.95531,2.07031,1.61288,-0.653928
-2.97143,2.05866,1.61497,-0.628693
-2.98755,2.047,1.61707,-0.603458
-3.00367,2.03535,1.61916,-0.578223
-3.01978,2.02369,1.62126,-0.552987
-3.0359,2.01204,1.62335,-0.527752
-3.05202,2.00038,1.62545,-0.502517
-3.06814,1.98873,1.62754,-0.477281
-3.08425,1.97707,1.62964,-0.452046
-3.10037,1.96542,1.63173,-0.426811
-3.11649,1.95376,1.63383,-0.401576
-3.13261,1.94211,1.63592,-0.37634
-3.14872,1.93045,1.63802,-0.351105
-3.16484,1.9188,1.64011,-0.32587
-3.18096,1.90715,1.64221,-0.300635
-3.19708,1.89549,1.6443,-0.275399
-3.2132,1.88384,1.6464,-0.250164
-3.22931,1.87218,1.64849,-0.224929
-3.24543,1.86053,1.65059,-0.199694
-3.26155,1.84887,1.65268,-0.174458
-3.27767,1.83722,1.65478,-0.149223
-3.29378,1.82556,1.65687,-0.123988
-3.3099,1.81391,1.65897,-0.0987525
-3.32602,1.80225,1.66106,-0.0735173
-3.34214,1.7906,1.66316,-0.048282
-3.35825,1.77894,1.66525,-0.0230468
-3.37437,1.76729,1.66735,0.0021885
-3.39049,1.75563,1.66944,0.0274238
-3.40661,1.74398,1.67154,0.052659
-3.42272,1.73232,1.67363,0.0778943
-3.43884,1.72067,1.67573,0.10313
-3.45496,1.70901,1.67782,0.128365
-3.47108,1.69736,1.67992,0.1536
-3.48719,1.6857,1.68201,0.178835
-3.50331,1.67405,1.6841,0.204071
-3.51943,1.66239,1.6862,0.229306
-3.53555,1.65074,1.68829,0.254541
-3.55166,1.63908,1.69039,0.279776
-3.56778,1.62743,1.69248,0.305012
-3.5839,1.61577,1.69458,0.330247
-3.60002,1.60412,1.69667,0.355482
-3.61613,1.59247,1.69877,0.380717
-3.63225,1.58081,1.70086,0.405953
-3.64837,1.56916,1.70296,0.431188
-3.66449,1.5575,1.70505,0.456423
-3.68061,1.54585,1.70715,0.481658
-3.69672,1.53419,1.70924,0.506894
-3.71284,1.52254,1.71134,0.532129
-3.72896,1.51088,1.71343,0.557364
-3.74508,1.49923,1.71553,0.5826
-3.72612,1.49285,1.71573,0.556696
-3.70716,1.48647,1.71594,0.530793
-3.68821,1.4801,1.71614,0.50489
-3.66925,1.47372,1.71634,0.478986
-3.6503,1.46734,1.71655,0.453083
-3.63134,1.46097,1.71675,0.42718
-3.61239,1.45459,1.71696,0.401276
-3.59343,1.44822,1.71716,0.375373
-3.57448,1.44184,1.71736,0.34947
-3.55552,1.43546,1.71757,0.323567
-3.53657,1.42909,1.71777,0.297663
-3.51761,1.42271,1.71798,0.27176
-3.49866,1.41633,1.71818,0.245857
-3.4797,1.40996,1.71839,0.219953
-3.46075,1.40358,1.71859,0.19405
-3.44179,1.3972,1.71879,0.168147
-3.42284,1.39083,1.719,0.142244
-3.40388,1.38445,1.7192,0.11634
-3.38493,1.37808,1.71941,0.090437
-3.36597,1.3717,1.71961,0.0645337
-3.34702,1.36532,1.71981,0.0386304
-3.32806,1.35895,1.72002,0.0127271
-3.30911,1.35257,1.72022,-0.0131762
-3.29015,1.34619,1.72043,-0.0390795
-3.27119,1.33982,1.72063,-0.0649828
-3.25224,1.33344,1.72083,-0.0908861
-3.23328,1.32707,1.72104,-0.116789
-3.21433,1.32069,1.72124,-0.142693
-3.19537,1.31431,1.72145,-0.168596
-3.17642,1.30794,1.72165,-0.194499
-3.15746,1.30156,1.72185,-0.220403
-3.13851,1.29518,1.72206,-0.246306
-3.11955,1.28881,1.72226,-0.272209
-3.1006,1.28243,1.72247,-0.298112
-3.08164,1.27605,1.72267,-0.324016
-3.06269,1.26968,1.72287,-0.349919
-3.04373,1.2633,1.72308,-0.375822
-3.02478,1.25693,1.72328,-0.401726
-3.00582,1.25055,1.72349,-0.427629
-2.98687,1.24417,1.72369,-0.453532
-2.96791,1.2378,1.72389,-0.479436
-2.94896,1.23142,1.7241,-0.505339
-2.93,1.22504,1.7243,-0.531242
-2.91105,1.21867,1.72451,-0.557145
-2.89209,1.21229,1.72471,-0.583049
-2.87314,1.20591,1.72491,-0.608952
-2.85418,1.19954,1.72512,-0.634855
-2.83522,1.19316,1.72532,-0.660759
-2.81627,1.18679,1.72553,-0.686662
-2.79731,1.18041,1.72573,-0.712565
-2.77743,1.17928,1.72389,-0.696601
-2.75755,1.17814,1.72205,-0.680637
-2.73767,1.17701,1.72021,-0.664673
-2.71778,1.17588,1.71837,-0.648709
-2.6979,1.17474,1.71653,-0.632745
-2.67802,1.17361,1.71469,-0.616781
-2.65813,1.17248,1.71285,-0.600817
-2.63825,1.17135,1.71101,-0.584853
-2.61837,1.17021,1.70917,-0.568889
-2.59849,1.16908,1.70733,-0.552925
-2.5786,1.16795,1.70549,-0.536961
-2.55872,1.16682,1.70364,-0.520996
-2.53884,1.16568,1.7018,-0.505032
-2.51895,1.16455,1.69996,-0.489068
-2.49907,1.16342,1.69812,-0.473104
-2.47919,1.16228,1.69628,-0.45714
-2.45931,1.16115,1.69444,-0.441176
-2.43942,1.16002,1.6926,-0.425212
-2.41954,1.15889,1.69076,-0.409248
-2.39966,1.15775,1.68892,-0.393284
-2.37977,1.15662,1.68708,-0.37732
-2.35989,1.15549,1.68524,-0.361356
-2.34001,1.15435,1.6834,-0.345392
-2.32012,1.15322,1.68156,-0.329428
-2.30024,1.15209,1.67972,-0.313464
-2.28036,1.15096,1.67788,-0.2975
-2.26048,1.14982,1.67604,-0.281536
-2.24059,1.14869,1.6742,-0.265572
-2.22071,1.14756,1.67236,-0.249608
-2.20083,1.14642,1.67052,-0.233643
-2.18094,1.14529,1.66867,-0.217679
-2.16106,1.14416,1.66683,-0.201715
-2.14118,1.14303,1.66499,-0.185751
-2.1213,1.14189,1.66315,-0.169787
-2.10141,1.14076,1.66131,-0.153823
-2.08153,1.13963,1.65947,-0.137859
-2.06165,1.13849,1.65763,-0.121895
-2.04176,1.13736,1.65579,-0.105931
-2.02188,1.13623,1.65395,-0.089967
-2.002,1.1351,1.65211,-0.0740029
-1.98212,1.13396,1.65027,-0.0580388
-1.96223,1.13283,1.64843,-0.0420748
-1.94235,1.1317,1.64659,-0.0261107
-1.92247,1.13057,1.64475,-0.0101467
-1.90258,1.12943,1.64291,0.00581738
-1.8827,1.1283,1.64107,0.0217814
-1.86282,1.12717,1.63923,0.0377455
-1.84294,1.12603,1.63739,0.0537095
-1.82305,1.1249,1.63555,0.0696736
-1.80317,1.12377,1.6337,0.0856377
-1.79103,1.1387,1.63915,0.129069
-1.77889,1.15364,1.64459,0.172501
-1.76675,1.16857,1.65003,0.215933
-1.75461,1.1835,1.65547,0.259365
-1.74247,1.19844,1.66091,0.302797
-1.73033,1.21337,1.66635,0.346229
-1.71819,1.22831,1.67179,0.389661
-1.70605,1.24324,1.67723,0.433092
-1.69391,1.25817,1.68267,0.476524
-1.68177,1.27311,1.68811,0.519956
-1.66963,1.28804,1.69356,0.563388
-1.65749,1.30298,1.699,0.60682
-1.64535,1.31791,1.70444,0.650252
-1.63322,1.33285,1.70988,0.693683
-1.62108,1.34778,1.71532,0.737115
-1.60894,1.36271,1.72076,0.780547
-1.5968,1.37765,1.7262,0.823979
-1.58466,1.39258,1.73164,0.867411
-1.57252,1.40752,1.73708,0.910843
-1.56038,1.42245,1.74252,0.954274
-1.54824,1.43738,1.74796,0.997706
-1.5361,1.45232,1.75341,1.04114
-1.52396,1.46725,1.75885,1.08457
-1.51182,1.48219,1.76429,1.128
-1.49968,1.49712,1.76973,1.17143
-1.48754,1.51205,1.77517,1.21487
-1.4754,1.52699,1.78061,1.2583
-1.46326,1.54192,1.78605,1.30173
-1.45112,1.55686,1.79149,1.34516
-1.43898,1.57179,1.79693,1.38859
-1.42684,1.58672,1.80237,1.43202
-1.4147,1.60166,1.80782,1.47546
-1.40256,1.61659,1.81326,1.51889
-1.39042,1.63153,1.8187,1.56232
-1.37828,1.64646,1.82414,1.60575
-1.36614,1.66139,1.82958,1.64918
-1.354,1.67633,1.83502,1.69262
-1.34186,1.69126,1.84046,1.73605
-1.32973,1.7062,1.8459,1.77948
-1.31759,1.72113,1.85134,1.82291
-1.30545,1.73606,1.85678,1.86634
-1.29331,1.751,1.86222,1.90977
-1.28117,1.76593,1.86767,1.95321
-1.26903,1.78087,1.87311,1.99664
-1.25689,1.7958,1.87855,2.04007
-1.24475,1.81073,1.88399,2.0835
-1.23261,1.82567,1.88943,2.12693
-1.22047,1.8406,1.89487,2.17037
-1.20833,1.85554,1.90031,2.2138
-1.19619,1.87047,1.90575,2.25723
-1.19456,1.88901,1.91308,2.22623
-1.19294,1.90755,1.9204,2.19523
-1.19131,1.92609,1.92773,2.16423
-1.18968,1.94463,1.93505,2.13323
-1.18806,1.96317,1.94238,2.10223
-1.18643,1.9817,1.9497,2.07124
-1.1848,2.00024,1.95703,2.04024
-1.18317,2.01878,1.96436,2.00924
-1.18155,2.03732,1.97168,1.97824
-1.17992,2.05586,1.97901,1.94724
-1.17829,2.0744,1.98633,1.91624
-1.17667,2.09294,1.99366,1.88524
-1.17504,2.11148,2.00098,1.85424
-1.17341,2.13002,2.00831,1.82324
-1.17179,2.14855,2.01563,1.79224
-1.17016,2.16709,2.02296,1.76125
-1.16853,2.18563,2.03028,1.73025
-1.16691,2.20417,2.03761,1.69925
-1.16528,2.22271,2.04493,1.66825
-1.16365,2.24125,2.05226,1.63725
-1.16203,2.25979,2.05958,1.60625
-1.1604,2.27833,2.06691,1.57525
-1.15877,2.29687,2.07424,1.54425
-1.15715,2.31541,2.08156,1.51325
-1.15552,2.33394,2.08889,1.48225
-1.15389,2.35248,2.09621,1.45126
-1.15226,2.37102,2.10354,1.42026
-1.15064,2.38956,2.11086,1.38926
-1.14901,2.4081,2.11819,1.35826
-1.14738,2.42664,2.12551,1.32726
-1.14576,2.44518,2.13284,1.29626
-1.14413,2.46372,2.14016,1.26526
-1.1425,2.48226,2.14749,1.23426
-1.14088,2.50079,2.15481,1.20326
-1.13925,2.51933,2.16214,1.17226
-1.13762,2.53787,2.16947,1.14127
-1.136,2.55641,2.17679,1.11027
-1.13437,2.57495,2.18412,1.07927
-1.13274,2.59349,2.19144,1.04827
-1.13112,2.61203,2.19877,1.01727
-1.12949,2.63057,2.20609,0.98627
-1.12786,2.64911,2.21342,0.955271
-1.12624,2.66765,2.22074,0.924272
-1.12461,2.68618,2.22807,0.893273
-1.12298,2.70472,2.23539,0.862274
-1.12136,2.72326,2.24272,0.831275
-1.11973,2.7418,2.25004,0.800276
-1.1181,2.76034,2.25737,0.769277
-1.11647,2.77888,2.2647,0.738278
-1.11485,2.79742,2.27202,0.707279
-1.13136,2.79919,2.26088,0.656287
-1.14787,2.80097,2.24974,0.605295
-1.16439,2.80274,2.23859,0.554302
-1.1809,2.80452,2.22745,0.50331
-1.19742,2.80629,2.21631,0.452318
-1.21393,2.80807,2.20517,0.401325
-1.23044,2.80984,2.19402,0.350333
-1.24696,2.81161,2.18288,0.299341
-1.26347,2.81339,2.17174,0.248348
-1.27998,2.81516,2.16059,0.197356
-1.2965,2.81694,2.14945,0.146364
-1.31301,2.81871,2.13831,0.0953713
-1.32952,2.82049,2.12717,0.044379
-1.34604,2.82226,2.11602,-0.00661338
-1.36255,2.82404,2.10488,-0.0576057
-1.37906,2.82581,2.09374,-0.108598
-1.39558,2.82759,2.0826,-0.15959
-1.41209,2.82936,2.07145,-0.210583
-1.4286,2.83113,2.06031,-0.261575
-1.44512,2.83291,2.04917,-0.312567
-1.46163,2.83468,2.03803,-0.36356
-1.47814,2.83646,2.02688,-0.414552
-1.49466,2.83823,2.01574,-0.465544
-1.51117,2.84001,2.0046,-0.516537
-1.52768,2.84178,1.99346,-0.567529
-1.5442,2.84356,1.98231,-0.618521
-1.56071,2.84533,1.97117,-0.669514
-1.57722,2.84711,1.96003,-0.720506
-1.59374,2.84888,1.94889,-0.771498
-1.61025,2.85065,1.93774,-0.822491
-1.62676,2.85243,1.9266,-0.873483
-1.64328,2.8542,1.91546,-0.924476
-1.65979,2.85598,1.90432,-0.975468
-1.67631,2.85775,1.89317,-1.02646
-1.69282,2.85953,1.88203,-1.07745
-1.70933,2.8613,1.87089,-1.12844
-1.72585,2.86308,1.85975,-1.17944
-1.74236,2.86485,1.8486,-1.23043
-1.75887,2.86663,1.83746,-1.28142
-1.77539,2.8684,1.82632,-1.33241
-1.7919,2.87018,1.81518,-1.38341
-1.80841,2.87195,1.80403,-1.4344
-1.82493,2.87372,1.79289,-1.48539
-1.84144,2.8755,1.78175,-1.53638
-1.85795,2.87727,1.7706,-1.58738
-1.87447,2.87905,1.75946,-1.63837
-1.89098,2.88082,1.74832,-1.68936
-1.90749,2.8826,1.73718,-1.74035
-1.92401,2.88437,1.72603,-1.79135
-1.94052,2.88615,1.71489,-1.84234
-1.94944,2.86932,1.72101,-1.86088
-1.95836,2.8525,1.72712,-1.87942
-1.96727,2.83567,1.73324,-1.89796
-1.97619,2.81885,1.73935,-1.91651
-1.98511,2.80202,1.74547,-1.93505
-1.99403,2.7852,1.75158,-1.95359
-2.00295,2.76837,1.7577,-1.97213
-2.01187,2.75155,1.76381,-1.99067
-2.02078,2.73472,1.76992,-2.00921
-2.0297,2.7179,1.77604,-2.02776
-2.03862,2.70107,1.78215,-2.0463
-2.04754,2.68425,1.78827,-2.06484
-2.05646,2.66742,1.79438,-2.08338
-2.06538,2.6506,1.8005,-2.10192
-2.07429,2.63377,1.80661,-2.12047
-2.08321,2.61695,1.81273,-2.13901
-2.09213,2.60012,1.81884,-2.15755
-2.10105,2.5833,1.82496,-2.17609
-2.10997,2.56647,1.83107,-2.19463
-2.11888,2.54965,1.83719,-2.21317
-2.1278,2.53282,1.8433,-2.23172
-2.13672,2.516,1.84942,-2.25026
-2.14564,2.49917,1.85553,-2.2688
-2.15456,2.48235,1.86165,-2.28734
-2.16348,2.46553,1.86776,-2.30588
-2.17239,2.4487,1.87388,-2.32443
-2.18131,2.43188,1.87999,-2.34297
-2.19023,2.41505,1.88611,-2.36151
-2.19915,2.39823,1.89222,-2.38005
-2.20807,2.3814,1.89834,-2.39859
-2.21698,2.36458,1.90445,-2.41714
-2.2259,2.34775,1.91056,-2.43568
-2.23482,2.33093,1.91668,-2.45422
-2.24374,2.3141,1.92279,-2.47276
-2.25266,2.29728,1.92891,-2.4913
-2.26158,2.28045,1.93502,-2.50984
-2.27049,2.26363,1.94114,-2.52839
-2.27941,2.2468,1.94725,-2.54693
-2.28833,2.22998,1.95337,-2.56547
-2.29725,2.21315,1.95948,-2.58401
-2.30617,2.19633,1.9656,-2.60255
-2.31508,2.1795,1.97171,-2.6211
-2.324,2.16268,1.97783,-2.63964
-2.33292,2.14585,1.98394,-2.65818
-2.34184,2.12903,1.99006,-2.67672
-2.35076,2.1122,1.99617,-2.69526
-2.35968,2.09538,2.00229,-2.71381
-2.36859,2.07855,2.0084,-2.73235
-2.37751,2.06173,2.01452,-2.75089
-2.38643,2.0449,2.02063,-2.76943
-2.40351,2.05255,2.01356,-2.70891
-2.42058,2.0602,2.00649,-2.64838
-2.43765,2.06785,1.99942,-2.58786
-2.45473,2.0755,1.99236,-2.52733
-2.4718,2.08314,1.98529,-2.46681
-2.48888,2.09079,1.97822,-2.40628
-2.50595,2.09844,1.97115,-2.34576
-2.52303,2.10609,1.96408,-2.28523
-2.5401,2.11373,1.95701,-2.22471
-2.55718,2.12138,1.94994,-2.16418
-2.57425,2.12903,1.94288,-2.10366
-2.59133,2.13668,1.93581,-2.04314
-2.6084,2.14432,1.92874,-1.98261
-2.62548,2.15197,1.92167,-1.92209
-2.64255,2.15962,1.9146,-1.86156
-2.65963,2.16727,1.90753,-1.80104
-2.6767,2.17492,1.90046,-1.74051
-2.69378,2.18256,1.8934,-1.67999
-2.71085,2.19021,1.88633,-1.61946
-2.72793,2.19786,1.87926,-1.55894
-2.745,2.20551,1.87219,-1.49841
-2.76207,2.21315,1.86512,-1.43789
-2.77915,2.2208,1.85805,-1.37737
-2.79622,2.22845,1.85098,-1.31684
-2.8133,2.2361,1.84391,-1.25632
-2.83037,2.24375,1.83685,-1.19579
-2.84745,2.25139,1.82978,-1.13527
-2.86452,2.25904,1.82271,-1.07474
-2.8816,2.26669,1.81564,-1.01422
-2.89867,2.27434,1.80857,-0.953693
-2.91575,2.28198,1.8015,-0.893168
-2.93282,2.28963,1.79443,-0.832644
-2.9499,2.29728,1.78737,-0.772119
-2.96697,2.30493,1.7803,-0.711595
-2.98405,2.31257,1.77323,-0.65107
-3.00112,2.32022,1.76616,-0.590545
-3.0182,2.32787,1.75909,-0.530021
-3.03527,2.33552,1.75202,-0.469496
-3.05235,2.34317,1.74495,-0.408972
-3.06942,2.35081,1.73789,-0.348447
-3.08649,2.35846,1.73082,-0.287922
-3.10357,2.36611,1.72375,-0.227398
-3.12064,2.37376,1.71668,-0.166873
-3.13772,2.3814,1.70961,-0.106349
-3.15479,2.38905,1.70254,-0.045824
-3.17187,2.3967,1.69547,0.0147006
-3.18894,2.40435,1.68841,0.0752252
-3.20602,2.412,1.68134,0.13575
-3.22309,2.41964,1.67427,0.196274
-3.24017,2.42729,1.6672,0.256799
-3.25678,2.4384,1.66807,0.219139
-3.27339,2.4495,1.66895,0.181479
-3.29,2.4606,1.66982,0.143819
-3.30661,2.47171,1.6707,0.106159
-3.32322,2.48281,1.67157,0.0684986
-3.33983,2.49392,1.67245,0.0308385
-3.35644,2.50502,1.67332,-0.00682162
-3.37305,2.51613,1.6742,-0.0444817
-3.38966,2.52723,1.67507,-0.0821418
-3.40628,2.53834,1.67595,-0.119802
-3.42289,2.54944,1.67682,-0.157462
-3.4395,2.56055,1.6777,-0.195122
-3.45611,2.57165,1.67857,-0.232782
-3.47272,2.58276,1.67945,-0.270442
-3.48933,2.59386,1.68032,-0.308102
-3.50594,2.60497,1.6812,-0.345762
-3.52255,2.61607,1.68207,-0.383423
-3.53916,2.62718,1.68295,-0.421083
-3.55577,2.63828,1.68383,-0.458743
-3.57238,2.64938,1.6847,-0.496403
-3.58899,2.66049,1.68558,-0.534063
-3.60561,2.67159,1.68645,-0.571723
-3.62222,2.6827,1.68733,-0.609383
-3.63883,2.6938,1.6882,-0.647043
-3.65544,2.70491,1.68908,-0.684703
-3.67205,2.71601,1.68995,-0.722363
-3.68866,2.72712,1.69083,-0.760023
-3.70527,2.73822,1.6917,-0.797684
-3.72188,2.74933,1.69258,-0.835344
-3.73849,2.76043,1.69345,-0.873004
-3.7551,2.77154,1.69433,-0.910664
-3.77171,2.78264,1.6952,-0.948324
-3.78832,2.79375,1.69608,-0.985984
-3.80494,2.80485,1.69695,-1.02364
-3.82155,2.81596,1.69783,-1.0613
-3.83816,2.82706,1.6987,-1.09896
-3.85477,2.83816,1.69958,-1.13662
-3.87138,2.84927,1.70045,-1.17428
-3.88799,2.86037,1.70133,-1.21194
-3.9046,2.87148,1.7022,-1.2496
-3.92121,2.88258,1.70308,-1.28726
-3.93782,2.89369,1.70395,-1.32492
-3.95443,2.90479,1.70483,-1.36258
-3.97104,2.9159,1.7057,-1.40024
-3.98765,2.927,1.70658,-1.43791
-4.00427,2.93811,1.70745,-1.47557
-4.02088,2.94921,1.70833,-1.51323
-4.03749,2.96032,1.7092,-1.55089
-4.0541,2.97142,1.71008,-1.58855
-4.07071,2.98253,1.71095,-1.62621
-4.05791,2.96907,1.71837,-1.57849
-4.04511,2.95561,1.72579,-1.53078
-4.03231,2.94215,1.73321,-1.48306
-4.01951,2.9287,1.74064,-1.43535
-4.00671,2.91524,1.74806,-1.38763
-3.99391,2.90178,1.75548,-1.33992
-3.98111,2.88832,1.7629,-1.2922
-3.96831,2.87487,1.77032,-1.24449
-3.95551,2.86141,1.77774,-1.19677
-3.94271,2.84795,1.78516,-1.14906
-3.92992,2.83449,1.79258,-1.10134
-3.91712,2.82104,1.8,-1.05363
-3.90432,2.80758,1.80743,-1.00591
-3.89152,2.79412,1.81485,-0.958197
-3.87872,2.78066,1.82227,-0.910482
-3.86592,2.76721,1.82969,-0.862768
-3.85312,2.75375,1.83711,-0.815053
-3.84032,2.74029,1.84453,-0.767338
-3.82752,2.72683,1.85195,-0.719623
-3.81472,2.71338,1.85937,-0.671908
-3.80192,2.69992,1.86679,-0.624193
-3.78912,2.68646,1.87421,-0.576478
-3.77632,2.673,1.88164,-0.528764
-3.76352,2.65955,1.88906,-0.481049
-3.75072,2.64609,1.89648,-0.433334
-3.73792,2.63263,1.9039,-0.385619
-3.72512,2.61918,1.91132,-0.337904
-3.71233,2.60572,1.91874,-0.290189
-3.69953,2.59226,1.92616,-0.242474
-3.68673,2.5788,1.93358,-0.194759
-3.67393,2.56535,1.941,-0.147045
-3.66113,2.55189,1.94843,-0.0993297
-3.64833,2.53843,1.95585,-0.0516149
-3.63553,2.52497,1.96327,-0.00389999
-3.62273,2.51152,1.97069,0.0438149
-3.60993,2.49806,1.97811,0.0915297
-3.59713,2.4846,1.98553,0.139245
-3.58433,2.47114,1.99295,0.186959
-3.57153,2.45769,2.00037,0.234674
-3.55873,2.44423,2.00779,0.282389
-3.54593,2.43077,2.01521,0.330104
-3.53313,2.41731,2.02264,0.377819
-3.52033,2.40386,2.03006,0.425534
-3.50753,2.3904,2.03748,0.473249
-3.49473,2.37694,2.0449,0.520964
-3.48194,2.36348,2.05232,0.568678
-3.46914,2.35003,2.05974,0.616393
-3.45634,2.33657,2.06716,0.664108
-3.44354,2.32311,2.07458,0.711823
-3.43074,2.30965,2.082,0.759538
-3.41186,2.31519,2.0856,0.78004
-3.39298,2.32073,2.08919,0.800542
-3.3741,2.32627,2.09278,0.821043
-3.35522,2.33181,2.09637,0.841545
-3.33634,2.33735,2.09997,0.862047
-3.31746,2.34288,2.10356,0.882549
-3.29858,2.34842,2.10715,0.903051
-3.2797,2.35396,2.11074,0.923552
-3.26083,2.3595,2.11433,0.944054
-3.24195,2.36504,2.11793,0.964556
-3.22307,2.37057,2.12152,0.985058
-3.20419,2.37611,2.12511,1.00556
-3.18531,2.38165,2.1287,1.02606
-3.16643,2.38719,2.1323,1.04656
-3.14755,2.39273,2.13589,1.06707
-3.12867,2.39827,2.13948,1.08757
-3.10979,2.4038,2.14307,1.10807
-3.09091,2.40934,2.14667,1.12857
-3.07203,2.41488,2.15026,1.14907
-3.05315,2.42042,2.15385,1.16957
-3.03428,2.42596,2.15744,1.19008
-3.0154,2.43149,2.16103,1.21058
-2.99652,2.43703,2.16463,1.23108
-2.97764,2.44257,2.16822,1.25158
-2.95876,2.44811,2.17181,1.27208
-2.93988,2.45365,2.1754,1.29259
-2.921,2.45919,2.179,1.31309
-2.90212,2.46472,2.18259,1.33359
-2.88324,2.47026,2.18618,1.35409
-2.86436,2.4758,2.18977,1.37459
-2.84548,2.48134,2.19337,1.39509
-2.8266,2.48688,2.19696,1.4156
-2.80772,2.49242,2.20055,1.4361
-2.78885,2.49795,2.20414,1.4566
-2.76997,2.50349,2.20773,1.4771
-2.75109,2.50903,2.21133,1.4976
-2.73221,2.51457,2.21492,1.51811
-2.71333,2.52011,2.21851,1.53861
-2.69445,2.52564,2.2221,1.55911
-2.67557,2.53118,2.2257,1.57961
-2.65669,2.53672,2.22929,1.60011
-2.63781,2.54226,2.23288,1.62061
-2.61893,2.5478,2.23647,1.64112
-2.60005,2.55334,2.24006,1.66162
-2.58117,2.55887,2.24366,1.68212
-2.5623,2.56441,2.24725,1.70262
-2.54342,2.56995,2.25084,1.72312
-2.52454,2.57549,2.25443,1.74363
-2.50566,2.58103,2.25803,1.76413
-2.48678,2.58657,2.26162,1.78463
-2.50259,2.59786,2.25687,1.80974
-2.51839,2.60915,2.25212,1.83485
-2.5342,2.62045,2.24736,1.85997
-2.55001,2.63174,2.24261,1.88508
-2.56581,2.64304,2.23786,1.91019
-2.58162,2.65433,2.23311,1.93531
-2.59743,2.66563,2.22836,1.96042
-2.61323,2.67692,2.22361,1.98553
-2.62904,2.68821,2.21885,2.01065
-2.64485,2.69951,2.2141,2.03576
-2.66066,2.7108,2.20935,2.06087
-2.67646,2.7221,2.2046,2.08598
-2.69227,2.73339,2.19985,2.1111
-2.70808,2.74469,2.1951,2.13621
-2.72388,2.75598,2.19034,2.16132
-2.73969,2.76727,2.18559,2.18644
-2.7555,2.77857,2.18084,2.21155
-2.7713,2.78986,2.17609,2.23666
-2.78711,2.80116,2.17134,2.26178
-2.80292,2.81245,2.16659,2.28689
-2.81873,2.82375,2.16183,2.312
-2.83453,2.83504,2.15708,2.33711
-2.85034,2.84633,2.15233,2.36223
-2.86615,2.85763,2.14758,2.38734
-2.88195,2.86892,2.14283,2.41245
-2.89776,2.88022,2.13808,2.43757
-2.91357,2.89151,2.13332,2.46268
-2.92937,2.90281,2.12857,2.48779
-2.94518,2.9141,2.12382,2.51291
-2.96099,2.92539,2.11907,2.53802
-2.9768,2.93669,2.11432,2.56313
-2.9926,2.94798,2.10957,2.58824
-3.00841,2.95928,2.10481,2.61336
-3.02422,2.97057,2.10006,2.63847
-3.04002,2.98187,2.09531,2.66358
-3.05583,2.99316,2.09056,2.6887
-3.07164,3.00445,2.08581,2.71381
-3.08744,3.01575,2.08106,2.73892
-3.10325,3.02704,2.0763,2.76404
-3.11906,3.03834,2.07155,2.78915
-3.13486,3.04963,2.0668,2.81426
-3.15067,3.06093,2.06205,2.83937
-3.16648,3.07222,2.0573,2.86449
-3.18229,3.08351,2.05255,2.8896
-3.19809,3.09481,2.0478,2.91471
-3.2139,3.1061,2.04304,2.93983
-3.22971,3.1174,2.03829,2.96494
-3.24551,3.12869,2.03354,2.99005
-3.26132,3.13999,2.02879,3.01517
-3.27713,3.15128,2.02404,3.04028
-3.2635,3.16557,2.02085,3.0962
-3.24987,3.17986,2.01767,-3.13106
-3.23624,3.19415,2.01449,-3.07514
-3.22262,3.20843,2.01131,-3.01922
-3.20899,3.22272,2.00812,-2.9633
-3.19536,3.23701,2.00494,-2.90737
-3.18173,3.2513,2.00176,-2.85145
-3.16811,3.26559,1.99857,-2.79553
-3.15448,3.27988,1.99539,-2.73961
-3.14085,3.29416,1.99221,-2.68368
-3.12722,3.30845,1.98903,-2.62776
-3.1136,3.32274,1.98584,-2.57184
-3.09997,3.33703,1.98266,-2.51592
-3.08634,3.35132,1.97948,-2.45999
-3.07271,3.36561,1.97629,-2.40407
-3.05909,3.37989,1.97311,-2.34815
-3.04546,3.39418,1.96993,-2.29223
-3.03183,3.40847,1.96675,-2.2363
-3.0182,3.42276,1.96356,-2.18038
-3.00457,3.43705,1.96038,-2.12446
-2.99095,3.45134,1.9572,-2.06854
-2.97732,3.46562,1.95401,-2.01261
-2.96369,3.47991,1.95083,-1.95669
-2.95006,3.4942,1.94765,-1.90077
-2.93644,3.50849,1.94447,-1.84485
-2.92281,3.52278,1.94128,-1.78892
-2.90918,3.53707,1.9381,-1.733
-2.89555,3.55135,1.93492,-1.67708
-2.88193,3.56564,1.93173,-1.62116
-2.8683,3.57993,1.92855,-1.56523
-2.85467,3.59422,1.92537,-1.50931
-2.84104,3.60851,1.92219,-1.45339
-2.82742,3.6228,1.919,-1.39747
-2.81379,3.63708,1.91582,-1.34154
-2.80016,3.65137,1.91264,-1.28562
-2.78653,3.66566,1.90945,-1.2297
-2.7729,3.67995,1.90627,-1.17378
-2.75928,3.69424,1.90309,-1.11786
-2.74565,3.70853,1.89991,-1.06193
-2.73202,3.72281,1.89672,-1.00601
-2.71839,3.7371,1.89354,-0.950088
-2.70477,3.75139,1.89036,-0.894166
-2.69114,3.76568,1.88717,-0.838243
-2.67751,3.77997,1.88399,-0.782321
-2.66388,3.79426,1.88081,-0.726398
-2.65026,3.80854,1.87763,-0.670476
-2.63663,3.82283,1.87444,-0.614554
-2.623,3.83712,1.87126,-0.558631
-2.60937,3.85141,1.86808,-0.502709
-2.59575,3.8657,1.8649,-0.446786
-2.60223,3.8468,1.86575,-0.488125
-2.60871,3.8279,1.86661,-0.529463
-2.61519,3.809,1.86747,-0.570801
-2.62167,3.79009,1.86833,-0.612139
-2.62816,3.77119,1.86919,-0.653478
-2.63464,3.75229,1.87005,-0.694816
-2.64112,3.73339,1.87091,-0.736154
-2.6476,3.71449,1.87177,-0.777493
-2.65409,3.69559,1.87263,-0.818831
-2.66057,3.67669,1.87349,-0.860169
-2.66705,3.65779,1.87435,-0.901507
-2.67353,3.63889,1.8752,-0.942846
-2.68002,3.61999,1.87606,-0.984184
-2.6865,3.60109,1.87692,-1.02552
-2.69298,3.58219,1.87778,-1.06686
-2.69946,3.56328,1.87864,-1.1082
-2.70595,3.54438,1.8795,-1.14954
-2.71243,3.52548,1.88036,-1.19088
-2.71891,3.50658,1.88122,-1.23221
-2.72539,3.48768,1.88208,-1.27355
-2.73187,3.46878,1.88294,-1.31489
-2.73836,3.44988,1.8838,-1.35623
-2.74484,3.43098,1.88466,-1.39757
-2.75132,3.41208,1.88551,-1.43891
-2.7578,3.39318,1.88637,-1.48024
-2.76429,3.37428,1.88723,-1.52158
-2.77077,3.35538,1.88809,-1.56292
-2.77725,3.33647,1.88895,-1.60426
-2.78373,3.31757,1.88981,-1.6456
-2.79022,3.29867,1.89067,-1.68693
-2.7967,3.27977,1.89153,-1.72827
-2.80318,3.26087,1.89239,-1.76961
-2.80966,3.24197,1.89325,-1.81095
-2.81614,3.22307,1.89411,-1.85229
-2.82263,3.20417,1.89497,-1.89363
-2.82911,3.18527,1.89582,-1.93496
-2.83559,3.16637,1.89668,-1.9763
-2.84207,3.14747,1.89754,-2.01764
-2.84856,3.12857,1.8984,-2.05898
-2.85504,3.10966,1.89926,-2.10032
-2.86152,3.09076,1.90012,-2.14166
-2.868,3.07186,1.90098,-2.18299
-2.87449,3.05296,1.90184,-2.22433
-2.88097,3.03406,1.9027,-2.26567
-2.88745,3.01516,1.90356,-2.30701
-2.89393,2.99626,1.90442,-2.34835
-2.90042,2.97736,1.90528,-2.38969
-2.9069,2.95846,1.90613,-2.43102
-2.91338,2.93956,1.90699,-2.47236
-2.91986,2.92066,1.90785,-2.5137
-2.90998,2.90346,1.91044,-2.47113
-2.90011,2.88626,1.91303,-2.42857
-2.89023,2.86907,1.91562,-2.386
-2.88035,2.85187,1.91821,-2.34344
-2.87047,2.83467,1.9208,-2.30087
-2.86059,2.81748,1.92339,-2.25831
-2.85071,2.80028,1.92598,-2.21574
-2.84084,2.78309,1.92856,-2.17317
-2.83096,2.76589,1.93115,-2.13061
-2.82108,2.74869,1.93374,-2.08804
-2.8112,2.7315,1.93633,-2.04548
-2.80132,2.7143,1.93892,-2.00291
-2.79144,2.6971,1.94151,-1.96034
-2.78157,2.67991,1.9441,-1.91778
-2.77169,2.66271,1.94669,-1.87521
-2.76181,2.64551,1.94928,-1.83265
-2.75193,2.62832,1.95187,-1.79008
-2.74205,2.61112,1.95445,-1.74752
-2.73217,2.59392,1.95704,-1.70495
-2.7223,2.57673,1.95963,-1.66238
-2.71242,2.55953,1.96222,-1.61982
-2.70254,2.54234,1.96481,-1.57725
-2.69266,2.52514,1.9674,-1.53469
-2.68278,2.50794,1.96999,-1.49212
-2.6729,2.49075,1.97258,-1.44956
-2.66303,2.47355,1.97517,-1.40699
-2.65315,2.45635,1.97775,-1.36442
-2.64327,2.43916,1.98034,-1.32186
-2.63339,2.42196,1.98293,-1.27929
-2.62351,2.40476,1.98552,-1.23673
-2.61363,2.38757,1.98811,-1.19416
-2.60376,2.37037,1.9907,-1.15159
-2.59388,2.35317,1.99329,-1.10903
-2.584,2.33598,1.99588,-1.06646
-2.57412,2.31878,1.99847,-1.0239
-2.56424,2.30159,2.00106,-0.981331
-2.55436,2.28439,2.00364,-0.938765
-2.54449,2.26719,2.00623,-0.8962
-2.53461,2.25,2.00882,-0.853634
-2.52473,2.2328,2.01141,-0.811068
-2.51485,2.2156,2.014,-0.768502
-2.50497,2.19841,2.01659,-0.725936
-2.4951,2.18121,2.01918,-0.68337
-2.48522,2.16401,2.02177,-0.640805
-2.47534,2.14682,2.02436,-0.598239
-2.46546,2.12962,2.02694,-0.555673
-2.45558,2.11243,2.02953,-0.513107
-2.4457,2.09523,2.03212,-0.470541
-2.43583,2.07803,2.03471,-0.427976
-2.42595,2.06084,2.0373,-0.38541
-2.43716,2.07732,2.03569,-0.384871
-2.44837,2.0938,2.03408,-0.384331
-2.45958,2.11029,2.03247,-0.383792
-2.4708,2.12677,2.03086,-0.383253
-2.48201,2.14325,2.02924,-0.382714
-2.49322,2.15973,2.02763,-0.382175
-2.50443,2.17622,2.02602,-0.381635
-2.51564,2.1927,2.02441,-0.381096
-2.52686,2.20918,2.0228,-0.380557
-2.53807,2.22567,2.02119,-0.380018
-2.54928,2.24215,2.01958,-0.379479
-2.56049,2.25863,2.01797,-0.37894
-2.5717,2.27512,2.01635,-0.3784
-2.58292,2.2916,2.01474,-0.377861
-2.59413,2.30808,2.01313,-0.377322
-2.60534,2.32457,2.01152,-0.376783
-2.61655,2.34105,2.00991,-0.376244
-2.62777,2.35753,2.0083,-0.375704
-2.63898,2.37401,2.00669,-0.375165
-2.65019,2.3905,2.00508,-0.374626
-2.6614,2.40698,2.00346,-0.374087
-2.67261,2.42346,2.00185,-0.373548
-2.68383,2.43995,2.00024,-0.373009
-2.69504,2.45643,1.99863,-0.372469
-2.70625,2.47291,1.99702,-0.37193
-2.71746,2.4894,1.99541,-0.371391
-2.72867,2.50588,1.9938,-0.370852
-2.73989,2.52236,1.99219,-0.370313
-2.7511,2.53885,1.99057,-0.369773
-2.76231,2.55533,1.98896,-0.369234
-2.77352,2.57181,1.98735,-0.368695
-2.78473,2.58829,1.98574,-0.368156
-2.79595,2.60478,1.98413,-0.367617
-2.80716,2.62126,1.98252,-0.367078
-2.81837,2.63774,1.98091,-0.366538
-2.82958,2.65423,1.9793,-0.365999
-2.8408,2.67071,1.97768,-0.36546
-2.85201,2.68719,1.97607,-0.364921
-2.86322,2.70368,1.97446,-0.364382
-2.87443,2.72016,1.97285,-0.363842
-2.88564,2.73664,1.97124,-0.363303
-2.89686,2.75313,1.96963,-0.362764
-2.90807,2.76961,1.96802,-0.362225
-2.91928,2.78609,1.96641,-0.361686
-2.93049,2.80258,1.96479,-0.361147
-2.9417,2.81906,1.96318,-0.360607
-2.95292,2.83554,1.96157,-0.360068
-2.96413,2.85202,1.95996,-0.359529
-2.97534,2.86851,1.95835,-0.35899
-2.98655,2.88499,1.95674,-0.358451
-3.00356,2.87534,1.96095,-0.347779
-3.02057,2.8657,1.96516,-0.337108
-3.03757,2.85605,1.96937,-0.326436
-3.05458,2.8464,1.97358,-0.315765
-3.07158,2.83676,1.97779,-0.305094
-3.08859,2.82711,1.982,-0.294422
-3.1056,2.81746,1.98621,-0.283751
-3.1226,2.80782,1.99042,-0.273079
-3.13961,2.79817,1.99463,-0.262408
-3.15662,2.78852,1.99884,-0.251737
-3.17362,2.77888,2.00305,-0.241065
-3.19063,2.76923,2.00726,-0.230394
-3.20763,2.75958,2.01147,-0.219722
-3.22464,2.74994,2.01568,-0.209051
-3.24165,2.74029,2.01989,-0.19838
-3.25865,2.73064,2.0241,-0.187708
-3.27566,2.721,2.02831,-0.177037
-3.29267,2.71135,2.03252,-0.166365
-3.30967,2.7017,2.03673,-0.155694
-3.32668,2.69206,2.04095,-0.145022
-3.34368,2.68241,2.04516,-0.134351
-3.36069,2.67276,2.04937,-0.12368
-3.3777,2.66312,2.05358,-0.113008
-3.3947,2.65347,2.05779,-0.102337
-3.41171,2.64382,2.062,-0.0916655
-3.42872,2.63418,2.06621,-0.0809941
-3.44572,2.62453,2.07042,-0.0703226
-3.46273,2.61488,2.07463,-0.0596512
-3.47974,2.60524,2.07884,-0.0489798
-3.49674,2.59559,2.08305,-0.0383084
-3.51375,2.58594,2.08726,-0.027637
-3.53075,2.5763,2.09147,-0.0169656
-3.54776,2.56665,2.09568,-0.0062942
-3.56477,2.557,2.09989,0.00437721
-3.58177,2.54736,2.1041,0.0150486
-3.59878,2.53771,2.10831,0.02572
-3.61579,2.52806,2.11252,0.0363914
-3.63279,2.51841,2.11673,0.0470628
-3.6498,2.50877,2.12094,0.0577342
-3.6668,2.49912,2.12515,0.0684057
-3.68381,2.48947,2.12936,0.0790771
-3.70082,2.47983,2.13357,0.0897485
-3.71782,2.47018,2.13778,0.10042
-3.73483,2.46053,2.14199,0.111091
-3.75184,2.45089,2.1462,0.121763
-3.76884,2.44124,2.15041,0.132434
-3.78585,2.43159,2.15462,0.143106
-3.80285,2.42195,2.15883,0.153777
-3.81986,2.4123,2.16304,0.164448
-3.83687,2.40265,2.16725,0.17512
-3.84262,2.40609,2.14841,0.152821
-3.84838,2.40953,2.12957,0.130522
-3.85414,2.41297,2.11073,0.108224
-3.85989,2.4164,2.09188,0.0859249
-3.86565,2.41984,2.07304,0.0636262
-3.87141,2.42328,2.0542,0.0413275
-3.87717,2.42672,2.03536,0.0190288
-3.88292,2.43015,2.01651,-0.00326986
-3.88868,2.43359,1.99767,-0.0255686
-3.89444,2.43703,1.97883,-0.0478673
-3.90019,2.44047,1.95999,-0.070166
-3.90595,2.4439,1.94114,-0.0924647
-3.91171,2.44734,1.9223,-0.114763
-3.91746,2.45078,1.90346,-0.137062
-3.92322,2.45422,1.88462,-0.159361
-3.92898,2.45765,1.86577,-0.181659
-3.93473,2.46109,1.84693,-0.203958
-3.94049,2.46453,1.82809,-0.226257
-3.94625,2.46797,1.80925,-0.248556
-3.952,2.4714,1.7904,-0.270854
-3.95776,2.47484,1.77156,-0.293153
-3.96352,2.47828,1.75272,-0.315452
-3.96927,2.48172,1.73388,-0.33775
-3.97503,2.48515,1.71503,-0.360049
-3.98079,2.48859,1.69619,-0.382348
-3.98655,2.49203,1.67735,-0.404646
-3.9923,2.49547,1.65851,-0.426945
-3.99806,2.4989,1.63966,-0.449244
-4.00382,2.50234,1.62082,-0.471543
-4.00957,2.50578,1.60198,-0.493841
-4.01533,2.50922,1.58314,-0.51614
-4.02109,2.51265,1.56429,-0.538439
-4.02684,2.51609,1.54545,-0.560737
-4.0326,2.51953,1.52661,-0.583036
-4.03836,2.52297,1.50776,-0.605335
-4.04411,2.52641,1.48892,-0.627633
-4.04987,2.52984,1.47008,-0.649932
-4.05563,2.53328,1.45124,-0.672231
-4.06138,2.53672,1.43239,-0.69453
-4.06714,2.54016,1.41355,-0.716828
-4.0729,2.54359,1.39471,-0.739127
-4.07866,2.54703,1.37587,-0.761426
-4.08441,2.55047,1.35702,-0.783724
-4.09017,2.55391,1.33818,-0.806023
-4.09593,2.55734,1.31934,-0.828322
-4.10168,2.56078,1.3005,-0.85062
-4.10744,2.56422,1.28165,-0.872919
-4.1132,2.56766,1.26281,-0.895218
-4.11895,2.57109,1.24397,-0.917517
-4.12471,2.57453,1.22513,-0.939815
-4.108,2.56376,1.22296,-0.8862
-4.09128,2.553,1.22079,-0.832585
-4.07457,2.54223,1.21862,-0.778971
-4.05785,2.53146,1.21645,-0.725356
-4.04114,2.5207,1.21428,-0.671741
-4.02442,2.50993,1.21211,-0.618126
-4.00771,2.49916,1.20994,-0.564511
-3.99099,2.4884,1.20777,-0.510896
-3.97428,2.47763,1.2056,-0.457281
-3.95757,2.46686,1.20344,-0.403666
-3.94085,2.4561,1.20127,-0.350051
-3.92414,2.44533,1.1991,-0.296437
-3.90742,2.43456,1.19693,-0.242822
-3.89071,2.4238,1.19476,-0.189207
-3.87399,2.41303,1.19259,-0.135592
-3.85728,2.40226,1.19042,-0.0819771
-3.84056,2.3915,1.18825,-0.0283622
-3.82385,2.38073,1.18608,0.0252527
-3.80714,2.36996,1.18391,0.0788676
-3.79042,2.3592,1.18174,0.132482
-3.77371,2.34843,1.17958,0.186097
-3.75699,2.33766,1.17741,0.239712
-3.74028,2.3269,1.17524,0.293327
-3.72356,2.31613,1.17307,0.346942
-3.70685,2.30536,1.1709,0.400557
-3.69013,2.2946,1.16873,0.454172
-3.67342,2.28383,1.16656,0.507787
-3.6567,2.27306,1.16439,0.561402
-3.63999,2.2623,1.16222,0.615016
-3.62328,2.25153,1.16005,0.668631
-3.60656,2.24076,1.15788,0.722246
-3.58985,2.23,1.15572,0.775861
-3.57313,2.21923,1.15355,0.829476
-3.55642,2.20846,1.15138,0.883091
-3.5397,2.1977,1.14921,0.936706
-3.52299,2.18693,1.14704,0.990321
-3.50627,2.17616,1.14487,1.04394
-3.48956,2.1654,1.1427,1.09755
-3.47285,2.15463,1.14053,1.15117
-3.45613,2.14386,1.13836,1.20478
-3.43942,2.1331,1.13619,1.2584
-3.4227,2.12233,1.13402,1.31201
-3.40599,2.11156,1.13186,1.36562
-3.38927,2.1008,1.12969,1.41924
-3.37256,2.09003,1.12752,1.47285
-3.35584,2.07926,1.12535,1.52647
-3.33913,2.0685,1.12318,1.58008
-3.32242,2.05773,1.12101,1.6337
-3.3057,2.04696,1.11884,1.68731
-3.28899,2.0362,1.11667,1.74093
-3.27235,2.04725,1.1156,1.74709
-3.25572,2.0583,1.11452,1.75326
-3.23908,2.06935,1.11345,1.75942
-3.22245,2.0804,1.11237,1.76559
-3.20581,2.09145,1.1113,1.77175
-3.18918,2.1025,1.11022,1.77791
-3.17254,2.11356,1.10915,1.78408
-3.15591,2.12461,1.10807,1.79024
-3.13928,2.13566,1.107,1.79641
-3.12264,2.14671,1.10592,1.80257
-3.10601,2.15776,1.10485,1.80873
-3.08937,2.16881,1.10377,1.8149
-3.07274,2.17986,1.1027,1.82106
-3.0561,2.19092,1.10162,1.82723
-3.03947,2.20197,1.10055,1.83339
-3.02283,2.21302,1.09947,1.83955
-3.0062,2.22407,1.0984,1.84572
-2.98956,2.23512,1.09733,1.85188
-2.97293,2.24617,1.09625,1.85805
-2.95629,2.25722,1.09518,1.86421
-2.93966,2.26828,1.0941,1.87038
-2.92303,2.27933,1.09303,1.87654
-2.90639,2.29038,1.09195,1.8827
-2.88976,2.30143,1.09088,1.88887
-2.87312,2.31248,1.0898,1.89503
-2.85649,2.32353,1.08873,1.9012
-2.83985,2.33458,1.08765,1.90736
-2.82322,2.34564,1.08658,1.91352
-2.80658,2.35669,1.0855,1.91969
-2.78995,2.36774,1.08443,1.92585
-2.77331,2.37879,1.08335,1.93202
-2.75668,2.38984,1.08228,1.93818
-2.74004,2.40089,1.0812,1.94434
-2.72341,2.41194,1.08013,1.95051
-2.70677,2.423,1.07905,1.95667
-2.69014,2.43405,1.07798,1.96284
-2.67351,2.4451,1.0769,1.969
-2.65687,2.45615,1.07583,1.97517
-2.64024,2.4672,1.07475,1.98133
-2.6236,2.47825,1.07368,1.98749
-2.60697,2.4893,1.0726,1.99366
-2.59033,2.50036,1.07153,1.99982
-2.5737,2.51141,1.07045,2.00599
-2.55706,2.52246,1.06938,2.01215
-2.54043,2.53351,1.06831,2.01831
-2.52379,2.54456,1.06723,2.02448
-2.50716,2.55561,1.06616,2.03064
-2.49052,2.56666,1.06508,2.03681
-2.47389,2.57772,1.06401,2.04297
-2.45726,2.58877,1.06293,2.04913
-2.47313,2.60079,1.06109,2.06462
-2.489,2.61282,1.05925,2.08011
-2.50488,2.62485,1.05741,2.0956
-2.52075,2.63687,1.05557,2.11109
-2.53662,2.6489,1.05373,2.12658
-2.5525,2.66093,1.05189,2.14207
-2.56837,2.67296,1.05005,2.15755
-2.58424,2.68498,1.04821,2.17304
-2.60012,2.69701,1.04637,2.18853
-2.61599,2.70904,1.04453,2.20402
-2.63186,2.72106,1.04269,2.21951
-2.64774,2.73309,1.04085,2.235
-2.66361,2.74512,1.039,2.25049
-2.67948,2.75715,1.03716,2.26597
-2.69536,2.76917,1.03532,2.28146
-2.71123,2.7812,1.03348,2.29695
-2.7271,2.79323,1.03164,2.31244
-2.74298,2.80525,1.0298,2.32793
-2.75885,2.81728,1.02796,2.34342
-2.77472,2.82931,1.02612,2.35891
-2.79059,2.84134,1.02428,2.37439
-2.80647,2.85336,1.02244,2.38988
-2.82234,2.86539,1.0206,2.40537
-2.83821,2.87742,1.01876,2.42086
-2.85409,2.88944,1.01692,2.43635
-2.86996,2.90147,1.01508,2.45184
-2.88583,2.9135,1.01324,2.46733
-2.90171,2.92552,1.0114,2.48281
-2.91758,2.93755,1.00956,2.4983
-2.93345,2.94958,1.00772,2.51379
-2.94933,2.96161,1.00588,2.52928
-2.9652,2.97363,1.00403,2.54477
-2.98107,2.98566,1.00219,2.56026
-2.99695,2.99769,1.00035,2.57575
-3,3,1,2.57872
-3,3,1,2.47832
-3,3,1,2.37792
-3,3,1,2.27752
-3,3,1,2.17712
-3,3,1,2.07672
-3,3,1,1.97632
-3,3,1,1.87592
-3,3,1,1.77552
-3,3,1,1.67512
-3,3,1,1.57472
-3,3,1,1.47432
-3,3,1,1.37392
-3,3,1,1.27352
-3,3,1,1.17312
-3,3,1,1.07272
-3,3,1,0.972315
-3,3,1,0.871914
-3,3,1,0.771514
-3,3,1,0.671113
-3,3,1,0.570712
-3,3,1,0.470312
-3,3,1,0.369911
-3,3,1,0.269511
-3,3,1,0.16911
-3,3,1,0.0687095
-3,3,1,-0.0316911
-3,3,1,-0.0986248
-3,3,1,-0.209239
-3,3,1,-0.319854
-3,3,1,-0.430469
-3,3,1,-0.541083
-3,3,1,-0.651698
-3,3,1,-0.762312
-3,3,1,-0.872927
-3,3,1,-0.983541
-3,3,1,-1.09416
-3,3,1,-1.20477
-3,3,1,-1.31539
-3,3,1,-1.426
-3,3,1,-1.53661
-3,3,1,-1.64723
-3,3,1,-1.75784
-3,3,1,-1.86846
-3,3,1,-1.97907
-3,3,1,-2.08969
-3,3,1,-2.2003
-3,3,1,-2.31092
-3,3,1,-2.42153
-3,3,1,-2.53215
-3,3,1,-2.64276
-3,3,1,-2.75337
-3,3,1,-2.86399
-3,3,1,-2.9746
-3,3,1,-3.04835
-3,3,1,-2.94186
-3,3,1,-2.83537
-3,3,1,-2.72888
-3,3,1,-2.62239
-3,3,1,-2.5159
-3,3,1,-2.40941
-3,3,1,-2.30292
-3,3,1,-2.19643
-3,3,1,-2.08994
-3,3,1,-1.98346
-3,3,1,-1.87697
-3,3,1,-1.77048
-3,3,1,-1.66399
-3,3,1,-1.62849
-3,3,1,-1.74199
-3,3,1,-1.85548
-3,3,1,-1.96898
-3,3,1,-2.08247
-3,3,1,-2.19597
-3,3,1,-2.30946
-3,3,1,-2.42296
-3,3,1,-2.53645
-3,3,1,-2.64995
-3,3,1,-2.76344
-3,3,1,-2.87693
-3,3,1,-2.99043
-3,3,1,-3.10392
-3,3,1,3.14143
-3,3,1,3.00875
-3,3,1,2.87608
-3,3,1,2.7434
-3,3,1,2.61073
-3,3,1,2.47805
-3,3,1,2.34538
-3,3,1,2.2127
-3,3,1,2.08002
-3,3,1,1.94735
-3,3,1,1.81467
-3,3,1,1.682
-3,3,1,1.54932
-3,3,1,1.41665
-3,3,1,1.37242
-3,3,1,1.26808
-3,3,1,1.16374
-3,3,1,1.0594
-3,3,1,0.955065
-3,3,1,0.850726
-3,3,1,0.746387
-3,3,1,0.642048
-3,3,1,0.537708
-3,3,1,0.433369
-3,3,1,0.32903
-3,3,1,0.224691
-3,3,1,0.120352
-3,3,1,0.016013
-3,3,1,-0.0883261
-3,3,1,-0.192665
-3,3,1,-0.297004
-3,3,1,-0.401343
-3,3,1,-0.505683
-3,3,1,-0.610022
-3,3,1,-0.714361
-3,3,1,-0.8187
-3,3,1,-0.923039
-3,3,1,-1.02738
-3,3,1,-1.13172
-3,3,1,-1.23606
-3,3,1,-1.3404
-3,3,1,-1.40995
-3,3,1,-1.51976
-3,3,1,-1.62957
-3,3,1,-1.73938
-3,3,1,-1.84919
-3,3,1,-1.959
-3,3,1,-2.06881
-3,3,1,-2.17862
-3,3,1,-2.28843
-3,3,1,-2.39823
-3,3,1,-2.50804
-3,3,1,-2.61785
-3,3,1,-2.72766
-3,3,1,-2.83747
-3,3,1,-2.94728
-3,3,1,-3.05709
-3,3,1,3.11629
-3,3,1,3.00648
-3,3,1,2.89667
-3,3,1,2.78686
-3,3,1,2.67705
-3,3,1,2.56725
-3,3,1,2.45744
-3,3,1,2.34763
-3,3,1,2.23782
-3,3,1,2.12801
-3,3,1,2.0182
-3,3,1,1.945
-3,3,1,1.8549
-3,3,1,1.76481
-3,3,1,1.67471
-3,3,1,1.58461
-3,3,1,1.49452
-3,3,1,1.40442
-3,3,1,1.31433
-3,3,1,1.22423
-3,3,1,1.13414
-3,3,1,1.04404
-3,3,1,0.953945
-3,3,1,0.863849
-3,3,1,0.773754
-3,3,1,0.683658
-3,3,1,0.593563
-3,3,1,0.503467
-3,3,1,0.413371
-3,3,1,0.323276
-3,3,1,0.23318
-3,3,1,0.143085
-3,3,1,0.052989
-3,3,1,-0.0371065
-3,3,1,-0.127202
-3,3,1,-0.217298
-3,3,1,-0.307393
-3,3,1,-0.397489
-3,3,1,-0.457553
-3,3,1,-0.592264
-3,3,1,-0.726975
-3,3,1,-0.861686
-3,3,1,-0.996397
-3,3,1,-1.13111
-3,3,1,-1.26582
-3,3,1,-1.40053
-3,3,1,-1.53524
-3,3,1,-1.66995
-3,3,1,-1.80466
-3,3,1,-1.93938
-3,3,1,-2.07409
-3,3,1,-2.2088
-3,3,1,-2.2537
-3,3,1,-2.34414
-3,3,1,-2.43459
-3,3,1,-2.52503
-3,3,1,-2.61547
-3,3,1,-2.70592
-3,3,1,-2.79636
-3,3,1,-2.8868
-3,3,1,-2.97725
-3,3,1,-3.06769
-3,3,1,3.12505
-3,3,1,3.03461
-3,3,1,2.94416
-3,3,1,2.85372
-3,3,1,2.76328
-3,3,1,2.67283
-3,3,1,2.58239
-3,3,1,2.49195
-3,3,1,2.4015
-3,3,1,2.31106
-3,3,1,2.22062
-3,3,1,2.13017
-3,3,1,2.03973
-3,3,1,1.94929
-3,3,1,1.85884
-3,3,1,1.7684
-3,3,1,1.67796
-3,3,1,1.61766
-3,3,1,1.50675
-3,3,1,1.39583
-3,3,1,1.28492
-3,3,1,1.17401
-3,3,1,1.06309
-3,3,1,0.952178
-3,3,1,0.841264
-3,3,1,0.73035
-3,3,1,0.619436
-3,3,1,0.508522
-3,3,1,0.397609
-3