-7.36512e-14,2.82674e-11,0.13,-1.86628e-17
-7.36507e-14,2.82674e-11,0.13,-2.37808e-17
-7.36515e-14,2.82674e-11,0.13,-2.88175e-17
-7.36519e-14,2.82674e-11,0.13,-3.39163e-17
-7.36534e-14,2.82674e-11,0.13,-3.9038e-17
-7.36532e-14,2.82674e-11,0.13,-4.40611e-17
-7.36538e-14,2.82674e-11,0.13,-4.90978e-17
-7.36546e-14,2.82674e-11,0.13,-5.41722e-17
-7.36548e-14,2.82674e-11,0.13,-5.91529e-17
-7.36553e-14,2.82674e-11,0.13,-6.42777e-17
-7.36545e-14,2.82674e-11,0.13,-6.9343e-17
-7.36531e-14,2.82674e-11,0.13,-7.43639e-17
-7.36524e-14,2.82674e-11,0.13,-7.94472e-17
-7.36523e-14,2.82674e-11,0.13,-8.45081e-17
-7.36517e-14,2.82674e-11,0.13,-8.95648e-17
-7.36512e-14,2.82674e-11,0.13,-9.46887e-17
-7.36507e-14,2.82674e-11,0.13,-9.9655e-17
-7.36513e-14,2.82674e-11,0.13,-1.04742e-16
8.13496e-07,6.72543e-11,0.148268,-7.67676e-14
5.83074e-05,1.68722e-08,0.304701,4.28377e-12
0.000189229,1.5161e-07,0.515016,7.92155e-11
0.000269425,4.87054e-07,0.704765,6.63171e-11
0.000291604,7.8779e-07,0.848232,-0.00200328
0.000285244,-1.45689e-06,0.944765,-0.0238372
0.000275835,-1.00425e-05,1.00153,-0.0605096
0.00027276,-2.26132e-05,1.03015,-0.103009
0.000276148,-3.59983e-05,1.04197,-0.148324
0.00028314,-5.39974e-05,1.04506,-0.209965
0.000288296,-7.80189e-05,1.04293,-0.280084
0.000288611,-0.000100469,1.03873,-0.349833
0.000286521,-0.000118389,1.03511,-0.416594
0.00028242,-0.000137744,1.033,-0.494172
0.000273646,-0.000161748,1.03101,-0.575966
0.000260532,-0.000183396,1.02918,-0.654041
0.000247152,-0.000200059,1.02814,-0.725293
0.000233341,-0.000216383,1.02857,-0.804298
0.000215028,-0.000236536,1.02852,-0.887201
0.000194167,-0.000253467,1.02799,-0.966136
0.000175015,-0.000265631,1.02791,-1.03883
0.0001554,-0.000277806,1.02878,-1.1199
0.000131124,-0.000291385,1.02885,-1.20395
0.000105864,-0.000300957,1.02829,-1.28336
8.39648e-05,-0.000306596,1.02821,-1.35654
6.11147e-05,-0.000312325,1.02893,-1.43817
3.3099e-05,-0.000317875,1.02889,-1.52223
6.04922e-06,-0.000318996,1.02826,-1.60132
-1.62549e-05,-0.00031746,1.02806,-1.67357
-3.87912e-05,-0.000315727,1.02879,-1.75385
-6.6251e-05,-0.00031242,1.02879,-1.83698
-9.21841e-05,-0.000305317,1.0282,-1.91548
-0.000113138,-0.000296994,1.02812,-1.98783
-0.000134656,-0.000288235,1.02884,-2.06866
-0.000160088,-0.000276367,1.02881,-2.15207
-0.000182533,-0.000261493,1.02821,-2.23067
-0.000199772,-0.000247149,1.0282,-2.30348
-0.000217903,-0.000231994,1.02894,-2.38499
-0.000238324,-0.000212753,1.02889,-2.46863
-0.00025487,-0.000191691,1.02825,-2.54717
-0.000266597,-0.000172889,1.02796,-2.61843
-0.000278242,-0.000153825,1.02875,-2.69745
-0.00029171,-0.000129729,1.02879,-2.77976
-0.000301203,-0.000104574,1.02823,-2.85775
-0.00120122,-0.00149499,1.02903,-2.93115
-0.0532043,-0.0676164,1.03293,-3.00606
-0.196101,-0.204064,1.02681,-3.04205
-0.331683,-0.332547,1.02322,-3.07575
-0.500311,-0.499998,1.02346,3.14148
-0.500312,-0.499998,1.02346,3.14148
-0.500312,-0.499998,1.02346,3.14149
-0.500312,-0.499998,1.02346,3.14149
-0.500312,-0.499998,1.02346,3.1415
-0.500312,-0.499998,1.02346,3.1415
-0.500312,-0.499998,1.02346,3.14151
-0.500312,-0.499998,1.02346,3.14151
-0.500312,-0.499998,1.02346,3.14152
-0.500312,-0.499998,1.02346,3.14152
-0.500312,-0.499999,1.02346,3.14159
-0.500312,-0.499999,1.02346,-3.14159
-0.500312,-0.499999,1.02346,-3.14159
-0.500312,-0.499999,1.02346,-3.14159
-0.500312,-0.499999,1.02346,-3.14158
-0.500312,-0.499999,1.02346,-3.14158
-0.500312,-0.499999,1.02346,-3.14158
-0.500312,-0.499999,1.02346,-3.14158
-0.500312,-0.499999,1.02346,-3.14157
-0.500312,-0.499999,1.02346,-3.14157
-0.500312,-0.499999,1.02346,-3.14157
-0.500313,-0.499999,1.02346,-3.14152
-0.500313,-0.5,1.02346,-3.1415
-0.500313,-0.5,1.02345,-3.14159
-0.500313,-0.5,1.02345,-3.14159
-0.500313,-0.5,1.02345,-3.14159
-0.500313,-0.5,1.02345,-3.14159
-0.500313,-0.5,1.02345,-3.14159
-0.500313,-0.5,1.02345,-3.14159
-0.500313,-0.5,1.02345,-3.14159
-0.500313,-0.5,1.02345,-3.14159
-0.500313,-0.5,1.02345,-3.14159
-0.500313,-0.5,1.02345,-3.14159
-0.500315,-0.5,1.03606,-3.14157
-0.500316,-0.5,1.03762,-3.14155
-0.500317,-0.499999,1.03925,-3.14153
-0.500318,-0.499998,1.04095,-3.1415
-0.50032,-0.499997,1.04271,-3.14146
-0.500322,-0.499994,1.04454,-3.14142
-0.500325,-0.49999,1.04643,-3.14137
-0.50033,-0.499985,1.04837,-3.14132
-0.500335,-0.499977,1.05038,-3.14125
-0.500342,-0.499967,1.05243,-3.14118
-0.50035,-0.499954,1.05454,-3.14109
-0.50036,-0.499937,1.05669,-3.14099
-0.500373,-0.499917,1.05889,-3.14088
-0.500388,-0.499891,1.06113,-3.14076
-0.500406,-0.49986,1.06342,-3.14062
-0.500428,-0.499823,1.06573,-3.14048
-0.500453,-0.499779,1.06809,-3.14032
-0.500483,-0.499727,1.07047,-3.14014
-0.500517,-0.499667,1.07289,-3.13995
-0.500557,-0.499598,1.07533,-3.13974
-0.500602,-0.499519,1.07779,-3.13952
-0.500653,-0.499429,1.08028,-3.13928
-0.500711,-0.499327,1.08279,-3.13902
-0.502893,-0.495678,1.12431,-3.13238
-0.51319,-0.480592,1.18569,-3.11062
-0.532311,-0.454488,1.23394,-3.07359
-0.557156,-0.421624,1.26703,-3.02217
-0.584322,-0.384935,1.28718,-2.95719
-0.612568,-0.345636,1.2979,-2.88048
-0.641181,-0.305525,1.30248,-2.7949
-0.669493,-0.265512,1.30359,-2.7019
-0.697802,-0.225101,1.30299,-2.60358
-0.726075,-0.185176,1.30164,-2.50105
-0.754733,-0.144454,1.30014,-2.39489
-0.783916,-0.103368,1.29884,-2.28668
-0.813005,-0.0630479,1.29781,-2.17695
-0.841991,-0.022383,1.29706,-2.06575
-0.871183,0.0188168,1.29655,-1.95398
-0.900216,0.0592595,1.29617,-1.84194
-0.929135,0.0997933,1.29597,-1.72959
-0.957844,0.140109,1.29575,-1.61752
-1.0681,0.294661,1.29221,-1.0095
-1.06812,0.294721,1.2922,-1.00817
-1.06814,0.294781,1.29219,-1.00685
-1.06817,0.294838,1.29218,-1.00556
-1.06819,0.294895,1.29218,-1.00428
-1.06821,0.29495,1.29217,-1.00301
-1.06823,0.295003,1.29216,-1.00177
-1.06834,0.295252,1.29213,-0.995774
-1.06905,0.296465,1.29238,-0.968928
-1.07462,0.301595,1.29286,-0.945044
-1.09259,0.314225,1.29308,-0.919563
-1.12197,0.331775,1.29304,-0.891137
-1.15888,0.351545,1.29283,-0.858801
-1.20044,0.372813,1.29254,-0.822197
-1.24428,0.394956,1.29223,-0.781913
-1.28798,0.417001,1.29192,-0.73847
-1.33197,0.439463,1.29161,-0.692088
-1.3768,0.462467,1.29129,-0.643546
-1.42106,0.484974,1.29096,-0.593549
-1.46512,0.507413,1.29068,-0.542252
-1.50926,0.529834,1.29039,-0.490358
-1.55318,0.552164,1.29005,-0.437669
-1.5982,0.575078,1.28967,-0.384424
-1.64313,0.59771,1.28929,-0.331115
-1.68749,0.620174,1.2889,-0.277522
-1.7325,0.643039,1.28854,-0.223843
-1.77706,0.665504,1.28819,-0.17033
-1.93825,0.746457,1.28652,0.0482077
-1.93873,0.746722,1.28651,0.0495334
-1.9392,0.74698,1.28649,0.0508474
-1.93965,0.747231,1.28647,0.0521498
-1.94009,0.747477,1.28645,0.0534406
-1.94883,0.75258,1.28612,0.0872128
-1.95651,0.757644,1.28668,0.10596
-1.97438,0.769601,1.28769,0.11075
-2.00254,0.789954,1.28893,0.0997733
-2.0367,0.816451,1.29034,0.0741878
-2.07248,0.845409,1.29177,0.0355132
-2.10998,0.875518,1.29321,-0.0149647
-2.14893,0.906335,1.29468,-0.0745719
-2.18749,0.936999,1.2961,-0.141324
-2.22642,0.96777,1.29755,-0.213842
-2.26597,0.999012,1.29901,-0.290368
-2.3048,1.03006,1.30043,-0.369496
-2.34347,1.06094,1.30183,-0.450749
-2.38285,1.09225,1.30325,-0.533368
-2.4218,1.12354,1.30465,-0.616451
-2.46046,1.1545,1.30609,-0.700127
-2.49983,1.18586,1.30758,-0.78417
-2.53895,1.21733,1.30904,-0.8679
-2.57762,1.2483,1.31055,-0.951743
-2.61666,1.27951,1.31203,-1.03516
-2.72305,1.3664,1.31498,-1.30825
-2.72347,1.36671,1.31497,-1.31032
-2.72388,1.36702,1.31497,-1.31237
-2.72427,1.36731,1.31496,-1.31441
-2.73156,1.37247,1.31489,-1.36175
-2.73818,1.37713,1.31678,-1.40082
-2.75156,1.38927,1.32286,-1.43694
-2.77298,1.41098,1.3333,-1.47226
-2.7997,1.43904,1.34699,-1.50785
-2.82887,1.46957,1.36299,-1.54445
-2.85941,1.5012,1.3807,-1.5826
-2.89088,1.53378,1.39928,-1.62227
-2.92216,1.56634,1.41819,-1.66329
-2.95391,1.5992,1.43757,-1.70592
-2.98623,1.63295,1.45695,-1.74969
-3.01794,1.66631,1.47601,-1.79416
-3.04968,1.69936,1.49526,-1.83955
-3.08211,1.73319,1.51462,-1.88564
-3.11421,1.76698,1.53367,-1.93198
-3.14601,1.80029,1.55269,-1.9786
-3.17828,1.83393,1.57181,-2.02552
-3.21,1.86733,1.59057,-2.07223
-3.24139,1.90019,1.60933,-2.11893
-3.27321,1.93339,1.62839,-2.16584
-3.3783,2.04434,1.68779,-2.38952
-3.37832,2.04437,1.6878,-2.38999
-3.37835,2.0444,1.6878,-2.39045
-3.37838,2.04443,1.6878,-2.39091
-3.3784,2.04446,1.68781,-2.39136
-3.37843,2.04449,1.68781,-2.3918
-3.37845,2.04452,1.68781,-2.39224
-3.37859,2.04469,1.68781,-2.39474
-3.38021,2.04604,1.6889,-2.40541
-3.38701,2.04336,1.69021,-2.40641
-3.40154,2.02782,1.69052,-2.39864
-3.4206,2.00014,1.68965,-2.382
-3.44157,1.96435,1.68778,-2.35649
-3.46395,1.92338,1.68523,-2.32321
-3.48646,1.88103,1.68227,-2.28368
-3.50935,1.83824,1.67906,-2.2388
-3.53303,1.79445,1.67575,-2.18978
-3.55661,1.7506,1.6724,-2.13788
-3.58015,1.70684,1.669,-2.08366
-3.60379,1.66274,1.66568,-2.02816
-3.62696,1.61932,1.66239,-1.97175
-3.65045,1.57554,1.65909,-1.91453
-3.67417,1.53109,1.65583,-1.85711
-3.69741,1.48729,1.65261,-1.79963
-3.72087,1.44346,1.64944,-1.74212
-3.74403,1.39984,1.64627,-1.68489
-3.76745,1.35624,1.64299,-1.62748
-3.8337,1.22946,1.63365,-1.45405
-3.83417,1.22858,1.63357,-1.45233
-3.83464,1.22772,1.63349,-1.45062
-3.84081,1.21654,1.63237,-1.42503
-3.84703,1.20621,1.63098,-1.3898
-3.84932,1.20265,1.62875,-1.35663
-3.84476,1.21249,1.62473,-1.32315
-3.83369,1.23729,1.61894,-1.28804
-3.81841,1.2717,1.61195,-1.2507
-3.8003,1.31113,1.60409,-1.21067
-3.78074,1.35303,1.59581,-1.16836
-3.76059,1.39541,1.58725,-1.1238
-3.73963,1.43902,1.57848,-1.07712
-3.71878,1.48307,1.56977,-1.02908
-3.69793,1.52684,1.561,-0.979645
-3.67652,1.57163,1.55214,-0.928956
-3.65538,1.61656,1.54343,-0.877771
-3.63447,1.66072,1.53472,-0.826136
-3.61332,1.7051,1.52591,-0.773973
-3.59186,1.75024,1.51712,-0.721421
-3.57068,1.79519,1.50846,-0.668925
-3.54966,1.83964,1.49975,-0.616351
-3.52836,1.88438,1.49099,-0.563641
-3.47165,2.00542,1.46842,-0.416475
-3.47113,2.00657,1.46821,-0.414766
-3.47061,2.0077,1.46799,-0.413069
-3.46071,2.02907,1.46369,-0.37544
-3.45295,2.04268,1.46093,-0.343076
-3.44054,2.04676,1.46031,-0.321041
-3.41854,2.03878,1.46163,-0.311381
-3.38801,2.01992,1.46446,-0.313914
-3.35361,1.99479,1.46827,-0.326977
-3.31783,1.96674,1.47278,-0.349456
-3.28001,1.93662,1.47778,-0.379841
-3.24165,1.90573,1.48291,-0.416128
-3.20347,1.87478,1.48804,-0.457103
-3.16457,1.8433,1.49319,-0.501513
-3.12599,1.81183,1.49826,-0.548027
-3.08793,1.7807,1.50329,-0.596107
-3.04969,1.74942,1.50826,-0.644922
-3.01199,1.71848,1.51323,-0.694214
-2.97353,1.68704,1.51829,-0.744086
-2.93437,1.65485,1.52335,-0.793989
-2.89585,1.62309,1.52835,-0.843842
-2.85718,1.59136,1.53336,-0.893755
-2.81837,1.55944,1.53833,-0.943342
-2.69138,1.45459,1.5532,-1.16051
-2.69127,1.4545,1.55321,-1.16128
-2.69116,1.45441,1.55321,-1.16204
-2.69105,1.45432,1.55322,-1.1628
-2.69095,1.45424,1.55323,-1.16355
-2.69085,1.45416,1.55323,-1.16429
-2.68913,1.45266,1.55342,-1.17973
-2.68536,1.45122,1.55506,-1.19278
-2.6728,1.45457,1.55946,-1.2035
-2.6512,1.46894,1.56657,-1.21282
-2.62353,1.49251,1.57567,-1.22089
-2.5925,1.52155,1.58636,-1.22807
-2.55955,1.55397,1.59808,-1.23466
-2.52646,1.58727,1.61023,-1.24084
-2.49286,1.62122,1.62281,-1.24684
-2.45884,1.65595,1.6354,-1.25274
-2.42531,1.69015,1.64792,-1.25858
-2.39143,1.72463,1.66056,-1.26448
-2.35734,1.75955,1.67304,-1.27041
-2.32368,1.79391,1.68541,-1.27637
-2.28985,1.82841,1.69781,-1.2824
-2.25607,1.86295,1.71018,-1.28847
-2.2224,1.89733,1.72253,-1.29459
-2.18843,1.93197,1.73492,-1.30075
-2.15475,1.96647,1.74714,-1.30692
-2.12124,2.00059,1.75945,-1.31312
-2.00901,2.11456,1.79817,-1.34304
-2.00898,2.11459,1.79817,-1.34309
-2.00895,2.11462,1.79817,-1.34315
-2.00892,2.11465,1.79817,-1.34321
-2.00889,2.11468,1.79817,-1.34326
-2.00887,2.11471,1.79816,-1.34332
-2.00884,2.11474,1.79816,-1.34337
-2.00867,2.11493,1.79813,-1.34373
-2.00703,2.11606,1.7987,-1.34445
-1.99899,2.11579,1.79908,-1.34196
-1.98196,2.10671,1.79812,-1.33413
-1.95633,2.08716,1.79564,-1.32023
-1.92557,2.06063,1.79194,-1.3006
-1.89203,2.03012,1.78729,-1.2754
-1.85684,1.99676,1.7821,-1.24551
-1.8217,1.96297,1.77666,-1.21194
-1.78665,1.92893,1.77106,-1.17527
-1.75108,1.89405,1.76541,-1.13625
-1.71563,1.85941,1.75986,-1.09576
-1.68041,1.82508,1.75433,-1.05403
-1.64505,1.7905,1.7489,-1.01174
-1.61,1.75634,1.74341,-0.968897
-1.57424,1.72134,1.73784,-0.925589
-1.53828,1.68629,1.73233,-0.882312
-1.50288,1.65186,1.72682,-0.838975
-1.46722,1.61702,1.72132,-0.795614
-1.43177,1.58249,1.7159,-0.752517
-1.29903,1.45275,1.69448,-0.53551
-1.29897,1.45269,1.69446,-0.534973
-1.29892,1.45263,1.69445,-0.534443
-1.29886,1.45256,1.69443,-0.53392
-1.29881,1.4525,1.69442,-0.533404
-1.29876,1.45244,1.69441,-0.532895
-1.29871,1.45239,1.6944,-0.532392
-1.29789,1.45149,1.69428,-0.523545
-1.29648,1.45,1.69392,-0.51241
-1.29824,1.45208,1.69192,-0.494949
-1.31186,1.46489,1.68768,-0.467909
-1.33623,1.48616,1.68166,-0.431032
-1.36638,1.51236,1.67429,-0.384062
-1.40017,1.54243,1.66599,-0.327554
-1.43576,1.57432,1.6573,-0.263519
-1.47126,1.60672,1.64825,-0.193052
-1.50722,1.64001,1.63907,-0.117321
-1.54352,1.67325,1.62999,-0.0381691
-1.57932,1.70609,1.62096,0.0437846
-1.61525,1.73909,1.61207,0.127485
-1.65093,1.7716,1.60325,0.212348
-1.68689,1.80468,1.59429,0.298647
-1.72381,1.83837,1.58543,0.385632
-1.76058,1.87154,1.57652,0.472896
-1.79715,1.90487,1.56753,0.560625
-1.83381,1.93831,1.55868,0.648248
-1.8701,1.97128,1.54978,0.735802
-1.97026,2.06081,1.52636,0.993092
-1.97099,2.06144,1.52618,0.995722
-1.97169,2.06206,1.526,0.998333
-1.98174,2.07106,1.5232,1.04217
-1.99044,2.07928,1.52131,1.0934
-2.00365,2.08626,1.52401,1.12778
-2.02775,2.09081,1.5313,1.1418
-2.06203,2.09349,1.54294,1.13424
-2.10366,2.09484,1.55782,1.10658
-2.14824,2.0955,1.57451,1.06219
-2.19347,2.09549,1.59246,1.00361
-2.2396,2.09463,1.61119,0.93354
-2.28597,2.09355,1.62989,0.855296
-2.33171,2.09264,1.6486,0.77073
-2.37791,2.09153,1.66736,0.681388
-2.42404,2.09055,1.68577,0.589416
-2.46951,2.08979,1.70417,0.495329
-2.51573,2.08876,1.72286,0.399473
-2.56242,2.08785,1.74125,0.303155
-2.60832,2.08716,1.75959,0.206427
-2.6546,2.08621,1.77817,0.109109
-2.7016,2.08527,1.79671,0.0117016
-2.74838,2.0845,1.81513,-0.0855828
-2.88446,2.08356,1.86609,-0.386841
-2.88541,2.08356,1.86644,-0.389848
-2.88634,2.08355,1.86679,-0.392834
-2.89786,2.08338,1.8712,-0.435176
-2.91018,2.08234,1.87726,-0.496438
-2.92488,2.0776,1.88272,-0.542936
-2.94788,2.06667,1.88775,-0.571721
-2.97889,2.04829,1.89264,-0.582213
-3.01525,2.0241,1.89765,-0.575775
-3.05349,1.99708,1.90266,-0.55501
-3.09256,1.96895,1.90771,-0.522097
-3.13271,1.94028,1.91287,-0.479546
-3.17272,1.91165,1.91801,-0.429989
-3.21253,1.88305,1.92318,-0.375034
-3.25252,1.85446,1.92832,-0.316563
-3.29198,1.82601,1.93346,-0.255634
-3.33196,1.79727,1.93867,-0.192805
-3.37286,1.76788,1.94395,-0.128614
-3.4139,1.73822,1.94918,-0.0640485
-3.45399,1.70899,1.95442,0.000678329
-3.4942,1.67994,1.95965,0.0653183
-3.53394,1.65126,1.96482,0.129552
-3.57381,1.62251,1.97009,0.193926
-3.72869,1.51105,1.98689,0.557348
-3.72869,1.51105,1.98689,0.557348
-3.72869,1.51105,1.98689,0.557349
-3.72869,1.51105,1.98689,0.557349
-3.72869,1.51105,1.98689,0.557349
-3.72869,1.51105,1.98689,0.557349
-3.72869,1.51105,1.98689,0.55735
-3.72869,1.51105,1.98689,0.55735
-3.72869,1.51105,1.98689,0.55735
-3.72869,1.51105,1.98689,0.55735
-3.7287,1.51104,1.98696,0.557457
-3.7287,1.51104,1.98697,0.557486
-3.7287,1.51104,1.98699,0.557518
-3.72871,1.51103,1.987,0.557552
-3.72872,1.51103,1.98703,0.557588
-3.72873,1.51102,1.98705,0.557623
-3.72874,1.51101,1.98707,0.557658
-3.72875,1.511,1.9871,0.557693
-3.72877,1.51099,1.98713,0.557728
-3.72879,1.51097,1.98716,0.557762
-3.72882,1.51095,1.98719,0.557795
-3.72884,1.51093,1.98722,0.557827
-3.72887,1.5109,1.98725,0.557857
-3.72891,1.51086,1.98729,0.557884
-3.72894,1.51082,1.98732,0.557907
-3.72898,1.51078,1.98736,0.557926
-3.72902,1.51073,1.9874,0.557941
-3.72907,1.51067,1.98744,0.557952
-3.72911,1.51061,1.98748,0.557959
-3.72916,1.51054,1.98752,0.557962
-3.7292,1.51046,1.98757,0.557961
-3.72925,1.51037,1.98761,0.557957
-3.72929,1.51027,1.98765,0.557947
-3.72933,1.51017,1.9877,0.557931
-3.72937,1.51006,1.98775,0.557909
-3.72941,1.50994,1.98779,0.55788
-3.72944,1.5098,1.98784,0.557845
-3.72946,1.50966,1.98789,0.557802
-3.72948,1.50951,1.98794,0.557753
-3.72915,1.50774,1.98842,0.55693
-3.7199,1.49969,1.98978,0.549596
-3.69567,1.48813,1.99088,0.533522
-3.66075,1.47403,1.99173,0.508753
-3.61933,1.45845,1.99245,0.475111
-3.57366,1.44232,1.99316,0.433699
-3.52712,1.42627,1.99372,0.386045
-3.48035,1.41047,1.9942,0.333104
-3.4328,1.39476,1.99468,0.276162
-3.38578,1.3791,1.99514,0.216495
-3.33895,1.36344,1.99562,0.154637
-3.29203,1.34778,1.9961,0.0916287
-3.2456,1.33214,1.9966,0.0275705
-3.19795,1.31624,1.99714,-0.0375103
-3.14975,1.30002,1.99768,-0.10285
-3.10232,1.28391,1.99815,-0.168423
-3.05476,1.26789,1.99863,-0.233944
-3.008,1.25207,1.99913,-0.299104
-2.8173,1.18716,1.99932,-0.675951
-2.81727,1.18715,1.99932,-0.676359
-2.81725,1.18714,1.99932,-0.676761
-2.81722,1.18713,1.99932,-0.677156
-2.8172,1.18711,1.99932,-0.677545
-2.81717,1.1871,1.99932,-0.677927
-2.81715,1.18709,1.99932,-0.678303
-2.81713,1.18708,1.99932,-0.678672
-2.8171,1.18707,1.99932,-0.679035
-2.81695,1.18699,1.99932,-0.68141
-2.81452,1.18639,1.99957,-0.689992
-2.80242,1.18431,1.99904,-0.692483
-2.77667,1.18108,1.99726,-0.688764
-2.73914,1.17778,1.99433,-0.678271
-2.69498,1.17494,1.99065,-0.661621
-2.64845,1.17252,1.98646,-0.639316
-2.5998,1.16985,1.98191,-0.612
-2.55029,1.16696,1.9773,-0.580958
-2.50163,1.16421,1.97265,-0.546975
-2.45221,1.16126,1.96791,-0.510473
-2.40183,1.15819,1.96326,-0.472381
-2.3521,1.15539,1.95859,-0.433184
-2.30219,1.15254,1.95388,-0.393119
-2.25187,1.14964,1.94927,-0.352676
-2.20237,1.14687,1.94467,-0.312123
-2.15288,1.14406,1.94003,-0.271378
-2.10278,1.14116,1.93544,-0.230737
-2.05346,1.13841,1.93089,-0.190266
-2.00413,1.1356,1.92635,-0.149898
-1.85849,1.12789,1.91337,-0.023544
-1.85755,1.12785,1.91327,-0.0223667
-1.85663,1.1278,1.91317,-0.0211981
-1.85001,1.12744,1.91245,-0.0121678
-1.83427,1.12636,1.91082,0.0171608
-1.82141,1.12842,1.91251,0.0446379
-1.80174,1.14033,1.91788,0.0807931
-1.77645,1.16333,1.92624,0.127572
-1.74925,1.19362,1.93683,0.185073
-1.72098,1.22775,1.94904,0.253053
-1.69196,1.2633,1.96205,0.32979
-1.66233,1.29936,1.97567,0.414627
-1.63142,1.33646,1.98955,0.505986
-1.60095,1.37366,2.0033,0.601825
-1.57077,1.41051,2.01714,0.701858
-1.53988,1.448,2.03093,0.804776
-1.50958,1.48536,2.04454,0.909529
-1.47934,1.52246,2.05824,1.01603
-1.44858,1.56009,2.07196,1.12369
-1.4183,1.59764,2.08551,1.23165
-1.38822,1.63466,2.09919,1.34015
-1.35814,1.6717,2.11268,1.44845
-1.32813,1.7085,2.12625,1.55716
-1.22481,1.83903,2.17037,1.97629
-1.22438,1.83953,2.17054,1.9793
-1.22396,1.84001,2.17071,1.98229
-1.22356,1.84048,2.17087,1.98525
-1.21821,1.84628,2.17304,2.02964
-1.2122,1.85221,2.17676,2.08879
-1.20587,1.86427,2.18332,2.1311
-1.20027,1.88843,2.19302,2.15372
-1.19492,1.92268,2.20584,2.15626
-1.1898,1.96378,2.22121,2.14029
-1.18496,2.00762,2.23798,2.10873
-1.18052,2.05246,2.25577,2.06403
-1.17655,2.09847,2.27411,2.009
-1.17264,2.14431,2.29245,1.94649
-1.16876,2.18992,2.31092,1.87817
-1.16491,2.23594,2.32941,1.80584
-1.16093,2.28197,2.34781,1.73077
-1.15691,2.32843,2.36639,1.65348
-1.15278,2.37542,2.38479,1.57522
-1.14859,2.42163,2.40309,1.49639
-1.14457,2.46804,2.42151,1.41707
-1.14045,2.51463,2.4397,1.33804
-1.13637,2.56047,2.4579,1.25916
-1.13237,2.60653,2.47604,1.18063
-1.11823,2.75162,2.53033,0.911267
-1.11816,2.75237,2.53061,0.909061
-1.1181,2.7531,2.53089,0.906872
-1.11804,2.75381,2.53116,0.9047
-1.11724,2.7674,2.53695,0.851693
-1.11878,2.7763,2.53869,0.805797
-1.12834,2.78502,2.53366,0.755747
-1.14893,2.79268,2.52117,0.697057
-1.17932,2.79964,2.50249,0.627984
-1.2151,2.80615,2.47972,0.54907
-1.25343,2.81188,2.45377,0.460108
-1.29412,2.81665,2.42589,0.362255
-1.33533,2.82117,2.39756,0.257698
-1.37618,2.82544,2.36881,0.147223
-1.41761,2.82946,2.34016,0.0322302
-1.4587,2.83374,2.31195,-0.0857829
-1.49941,2.83794,2.28368,-0.206616
-1.54087,2.84209,2.25544,-0.329648
-1.58235,2.84664,2.22762,-0.45372
-1.62325,2.85108,2.19979,-0.578904
-1.66421,2.85539,2.17229,-0.70439
-1.70476,2.85973,2.14481,-0.830256
-1.7459,2.86386,2.11695,-0.956929
-1.78743,2.86837,2.08923,-1.08361
-1.8709,2.87853,2.03559,-1.34781
-1.87212,2.87872,2.03483,-1.3523
-1.89272,2.88178,2.02156,-1.43753
-1.91032,2.88317,2.00928,-1.5337
-1.92525,2.87784,2.00369,-1.61962
-1.94208,2.85981,2.00503,-1.69649
-1.96186,2.8314,2.01181,-1.76538
-1.98363,2.79652,2.02284,-1.82804
-2.0064,2.75727,2.03641,-1.8857
-2.02892,2.71691,2.05125,-1.93931
-2.05101,2.67604,2.06685,-1.99008
-2.07308,2.6345,2.08266,-2.03874
-2.09511,2.5929,2.09838,-2.08591
-2.1172,2.55115,2.11419,-2.13232
-2.13955,2.50904,2.12969,-2.17801
-2.16162,2.4675,2.14513,-2.22345
-2.18391,2.42535,2.16066,-2.26896
-2.20637,2.3832,2.17591,-2.31429
-2.22849,2.34143,2.19126,-2.35988
-2.25105,2.2988,2.20665,-2.40573
-2.27364,2.25647,2.22187,-2.45154
-2.2958,2.21464,2.23714,-2.49752
-2.36065,2.09423,2.27856,-2.6386
-2.3611,2.09337,2.27885,-2.63999
-2.36154,2.09254,2.27914,-2.64137
-2.36696,2.08208,2.2828,-2.66082
-2.37278,2.07071,2.28756,-2.68755
-2.38217,2.06417,2.28876,-2.69892
-2.40207,2.06475,2.28445,-2.68725
-2.43265,2.07239,2.27509,-2.65079
-2.46982,2.08456,2.26217,-2.59168
-2.50992,2.10001,2.24674,-2.51203
-2.55126,2.11745,2.22999,-2.41621
-2.59257,2.13573,2.21221,-2.30702
-2.63436,2.15498,2.19386,-2.18688
-2.67716,2.17466,2.17535,-2.05839
-2.72003,2.19376,2.15706,-1.92417
-2.76236,2.21253,2.13893,-1.78553
-2.80454,2.23168,2.12105,-1.64349
-2.84671,2.25082,2.1035,-1.49956
-2.88882,2.26972,2.08571,-1.35349
-2.93168,2.28927,2.06778,-1.2057
-2.97481,2.30851,2.05006,-1.05727
-3.01738,2.32729,2.03228,-0.907934
-3.06008,2.34663,2.01442,-0.757748
-3.1995,2.40589,1.9597,-0.214872
-3.20016,2.40617,1.9594,-0.210267
-3.20081,2.40645,1.9591,-0.205691
-3.20143,2.40672,1.9588,-0.201143
-3.21228,2.41233,1.95296,-0.0963645
-3.22017,2.41817,1.94919,-0.00926449
-3.23597,2.42853,1.94716,0.0541393
-3.26225,2.44475,1.94675,0.0901485
-3.29649,2.46634,1.9475,0.099595
-3.33402,2.49104,1.94897,0.0848114
-3.37403,2.51756,1.95089,0.0488815
-3.4153,2.5449,1.95304,-0.00356926
-3.45615,2.57209,1.95524,-0.0690102
-3.49759,2.59929,1.9575,-0.144642
-3.53967,2.62691,1.95974,-0.227288
-3.58091,2.65441,1.96191,-0.314828
-3.6222,2.6818,1.96409,-0.406036
-3.66383,2.70945,1.96626,-0.499154
-3.70474,2.73683,1.96839,-0.593552
-3.74609,2.76427,1.97053,-0.68905
-3.78832,2.79233,1.9727,-0.785141
-3.83008,2.82049,1.97485,-0.881018
-3.87133,2.84807,1.97703,-0.976965
-3.91323,2.87583,1.97926,-1.07301
-4.01581,2.94647,1.98422,-1.32318
-4.01676,2.94713,1.98425,-1.32623
-4.0177,2.94778,1.98428,-1.32927
-4.03718,2.96064,1.985,-1.40673
-4.0478,2.96647,1.98758,-1.46121
-4.04906,2.9644,1.99441,-1.49283
-4.03817,2.94991,2.00517,-1.4979
-4.01716,2.92688,2.01883,-1.47804
-3.99028,2.89938,2.03485,-1.43531
-3.96034,2.86861,2.05254,-1.37288
-3.92931,2.83631,2.07071,-1.29562
-3.89867,2.80407,2.08921,-1.20642
-3.86776,2.77056,2.10817,-1.10748
-3.83596,2.73634,2.12697,-1.002
-3.80426,2.703,2.14553,-0.891845
-3.77271,2.66956,2.1643,-0.777715
-3.74054,2.63547,2.183,-0.661278
-3.70841,2.6019,2.20154,-0.543276
-3.6764,2.56815,2.22022,-0.423846
-3.64407,2.53422,2.23869,-0.304113
-3.61217,2.50093,2.25712,-0.184182
-3.58044,2.46734,2.27577,-0.063746
-3.54821,2.43333,2.2943,0.0565509
-3.45398,2.33733,2.34464,0.471607
-3.45365,2.33695,2.34484,0.474734
-3.45334,2.33658,2.34503,0.477837
-3.45303,2.33622,2.34521,0.480915
-3.44825,2.33001,2.34864,0.545427
-3.44326,2.32496,2.3527,0.606118
-3.42921,2.32213,2.35769,0.660011
-3.4022,2.3246,2.36394,0.709953
-3.36449,2.33267,2.37118,0.757701
-3.32181,2.34405,2.3791,0.804215
-3.27721,2.35654,2.38764,0.850574
-3.2309,2.36972,2.39656,0.897347
-3.18412,2.38326,2.40553,0.944501
-3.13745,2.39668,2.41462,0.99237
-3.09016,2.41034,2.42372,1.04095
-3.04325,2.42413,2.43272,1.08991
-2.99648,2.4377,2.4418,1.13953
-2.94948,2.45152,2.45074,1.18936
-2.9029,2.46515,2.45972,1.23964
-2.85545,2.47897,2.46874,1.29041
-2.80801,2.49303,2.47765,1.3412
-2.76108,2.50682,2.48657,1.3922
-2.7137,2.52064,2.49557,1.44352
-2.6662,2.53462,2.5045,1.49473
-2.50659,2.58113,2.53217,1.76316
-2.50657,2.58114,2.53217,1.76335
-2.50655,2.58114,2.53216,1.76354
-2.50654,2.58115,2.53215,1.76372
-2.50652,2.58115,2.53215,1.76389
-2.5065,2.58116,2.53214,1.76407
-2.50649,2.58116,2.53214,1.76424
-2.50647,2.58116,2.53213,1.7644
-2.50646,2.58117,2.53212,1.76457
-2.50644,2.58117,2.53212,1.76473
-2.50581,2.58136,2.53235,1.76857
-2.50466,2.58413,2.53204,1.77542
-2.51059,2.59405,2.52926,1.78839
-2.52811,2.61165,2.52347,1.80943
-2.55637,2.63468,2.51513,1.83874
-2.59086,2.65999,2.5052,1.87522
-2.62788,2.68613,2.49409,1.91832
-2.66646,2.71367,2.48233,1.96698
-2.70517,2.74144,2.4704,2.01972
-2.74384,2.76928,2.45829,2.07594
-2.78321,2.79781,2.44614,2.1348
-2.82265,2.82615,2.43418,2.19518
-2.86172,2.85405,2.42224,2.25689
-2.90103,2.88223,2.41048,2.31916
-2.93993,2.90998,2.39869,2.38191
-2.97924,2.93815,2.38674,2.44516
-3.01932,2.96685,2.37471,2.50875
-3.05932,2.99525,2.36284,2.57215
-3.09862,3.02325,2.35095,2.63564
-3.13808,3.05145,2.33923,2.69879
-3.25317,3.1331,2.30475,2.93188
-3.2534,3.13328,2.30464,2.93317
-3.25361,3.13346,2.30454,2.93445
-3.25383,3.13364,2.30444,2.93572
-3.25403,3.13381,2.30434,2.93698
-3.25824,3.13742,2.30226,2.97091
-3.26059,3.1429,2.3007,2.99948
-3.25574,3.1568,2.29773,3.0388
-3.23983,3.17997,2.29312,3.09181
-3.21659,3.20973,2.28722,-3.12392
-3.18801,3.24348,2.2802,-3.04174
-3.15607,3.27912,2.27269,-2.94735
-3.12334,3.31466,2.2647,-2.84272
-3.08963,3.34984,2.25643,-2.72932
-3.05503,3.38531,2.24832,-2.60943
-3.02103,3.42063,2.24013,-2.4847
-2.98714,3.4557,2.23186,-2.35576
-2.95265,3.49129,2.22378,-2.22383
-2.91867,3.52705,2.21576,-2.09003
-2.8849,3.5624,2.20765,-1.95439
-2.85052,3.59806,2.19958,-1.8175
-2.81658,3.63385,2.19157,-1.68004
-2.78257,3.66937,2.18351,-1.54161
-2.74813,3.70523,2.17552,-1.40282
-2.6099,3.85025,2.14166,-0.533939
-2.60988,3.85027,2.14167,-0.532988
-2.60987,3.85029,2.14167,-0.532051
-2.60985,3.85031,2.14168,-0.531129
-2.60984,3.85032,2.14168,-0.530221
-2.60983,3.85034,2.14169,-0.529328
-2.60981,3.85036,2.14169,-0.528449
-2.6098,3.85038,2.1417,-0.527583
-2.60979,3.85039,2.1417,-0.526731
-2.60977,3.85041,2.14171,-0.525893
-2.60921,3.85109,2.14206,-0.507394
-2.60706,3.85181,2.14265,-0.496426
-2.60734,3.84217,2.1436,-0.49988
-2.61304,3.81778,2.14482,-0.520541
-2.62422,3.78236,2.14624,-0.557366
-2.63876,3.74094,2.14787,-0.609222
-2.65449,3.69596,2.14975,-0.674043
-2.67031,3.64993,2.15172,-0.748854
-2.68589,3.60369,2.15378,-0.83194
-2.7013,3.557,2.15588,-0.920938
-2.7168,3.51078,2.158,-1.0145
-2.73253,3.4637,2.16015,-1.11215
-2.74874,3.4155,2.16233,-1.21229
-2.76523,3.36805,2.16444,-1.31405
-2.78157,3.32071,2.16656,-1.41723
-2.79785,3.27304,2.16866,-1.52081
-2.81403,3.22621,2.17077,-1.62463
-2.83005,3.17926,2.17291,-1.72854
-2.84608,3.13265,2.17503,-1.83206
-2.91252,2.94156,2.18117,-2.42598
-2.91254,2.94151,2.18117,-2.42704
-2.91256,2.94147,2.18116,-2.4281
-2.91258,2.94142,2.18116,-2.42913
-2.9126,2.94138,2.18115,-2.43016
-2.91262,2.94134,2.18115,-2.43117
-2.91263,2.94129,2.18115,-2.43216
-2.91265,2.94125,2.18114,-2.43315
-2.91288,2.9408,2.18115,-2.44479
-2.91332,2.9381,2.18226,-2.46324
-2.91139,2.9256,2.18471,-2.46752
-2.90325,2.90213,2.18836,-2.45606
-2.88801,2.8701,2.19313,-2.42729
-2.86749,2.83234,2.19872,-2.38196
-2.84444,2.79219,2.20473,-2.32272
-2.8207,2.75099,2.21108,-2.25126
-2.79667,2.70825,2.21759,-2.16999
-2.77254,2.66561,2.22403,-2.0816
-2.74834,2.623,2.2305,-1.98718
-2.72378,2.57936,2.23708,-1.88798
-2.69874,2.53548,2.24358,-1.78599
-2.67386,2.49268,2.25007,-1.68198
-2.64928,2.44985,2.25654,-1.57666
-2.62492,2.40737,2.26293,-1.4709
-2.60065,2.36493,2.26941,-1.3642
-2.57581,2.32121,2.27603,-1.25694
-2.55064,2.2778,2.28253,-1.14967
-2.52576,2.23484,2.289,-1.04213
-2.45286,2.11189,2.3062,-0.713596
-2.45234,2.11103,2.30631,-0.71026
-2.45184,2.1102,2.30642,-0.706946
-2.44544,2.09912,2.30784,-0.656913
-2.43995,2.08784,2.30965,-0.588094
-2.43814,2.08298,2.3103,-0.53038
-2.44509,2.09201,2.30936,-0.484091
-2.46155,2.11473,2.30709,-0.448308
-2.48353,2.14599,2.30394,-0.421439
-2.50865,2.18248,2.30023,-0.401982
-2.5356,2.22186,2.29625,-0.388427
-2.56275,2.26168,2.29216,-0.37937
-2.59008,2.3019,2.28803,-0.373619
-2.61767,2.34225,2.28392,-0.370201
-2.64514,2.38265,2.27982,-0.36832
-2.67315,2.42372,2.27574,-0.367403
-2.70107,2.4646,2.27171,-0.36702
-2.72876,2.50544,2.26765,-0.366858
-2.75725,2.54728,2.26359,-0.366743
-2.78568,2.58891,2.25953,-0.366547
-2.81372,2.63027,2.25545,-0.366201
-2.84208,2.67197,2.25137,-0.365691
-2.87022,2.71325,2.24733,-0.36501
-2.93666,2.81042,2.23812,-0.362731
-2.93756,2.81173,2.238,-0.362692
-2.94792,2.8269,2.23658,-0.362224
-2.96166,2.84767,2.23467,-0.36132
-2.97535,2.8595,2.23528,-0.358691
-2.99753,2.86078,2.23871,-0.352938
-3.0279,2.85208,2.24472,-0.343697
-3.06469,2.8357,2.25279,-0.330818
-3.10497,2.81484,2.26208,-0.314799
-3.1455,2.79256,2.27204,-0.296168
-3.18671,2.76953,2.28258,-0.275113
-3.22932,2.74586,2.29335,-0.252192
-3.27162,2.72216,2.30407,-0.227929
-3.31409,2.6982,2.31487,-0.20253
-3.35713,2.67399,2.32555,-0.176446
-3.39938,2.65005,2.33612,-0.149967
-3.44159,2.62609,2.34667,-0.123192
-3.48363,2.60232,2.35706,-0.0964026
-3.52539,2.57859,2.36756,-0.0694717
-3.56838,2.5543,2.37822,-0.0423634
-3.6115,2.52992,2.38877,-0.0153289
-3.65403,2.50568,2.39934,0.0117153
-3.75703,2.44733,2.42364,0.0767637
-3.75841,2.44654,2.42394,0.0777136
-3.77347,2.43791,2.42725,0.0887234
-3.79587,2.42481,2.43216,0.109257
-3.81254,2.41665,2.42905,0.123348
-3.8282,2.41354,2.41451,0.128169
-3.84335,2.41501,2.38819,0.122251
-3.85861,2.41999,2.35235,0.105617
-3.87366,2.42696,2.31086,0.0797308
-3.88834,2.4348,2.26558,0.0458149
-3.90288,2.44293,2.21906,0.00571642
-3.91712,2.45109,2.17162,-0.0394055
-3.93165,2.45946,2.12313,-0.0887137
-3.94638,2.46804,2.07507,-0.14073
-3.96083,2.47661,2.02715,-0.194728
-3.97534,2.48521,1.97905,-0.250223
-3.98989,2.49384,1.93178,-0.306292
-4.0041,2.50232,1.88485,-0.362687
-4.01841,2.51081,1.83779,-0.419359
-4.03274,2.51934,1.79137,-0.475772
-4.04689,2.52777,1.74473,-0.532137
-4.06128,2.53632,1.69749,-0.588639
-4.11627,2.56932,1.52102,-0.854439
-4.11633,2.56936,1.52075,-0.855479
-4.1164,2.56939,1.52049,-0.856507
-4.11646,2.56943,1.52023,-0.857525
-4.11652,2.56946,1.51998,-0.858532
-4.11658,2.56949,1.51974,-0.859528
-4.11761,2.57006,1.51508,-0.880568
-4.1176,2.57004,1.51029,-0.893599
-4.11041,2.56505,1.50542,-0.889872
-4.0906,2.5515,1.50026,-0.864778
-4.05952,2.53177,1.4949,-0.819099
-4.02281,2.50959,1.48947,-0.754771
-3.98361,2.48533,1.48394,-0.673882
-3.94283,2.45923,1.4784,-0.579783
-3.9019,2.43283,1.47288,-0.475535
-3.8611,2.40601,1.46747,-0.363134
-3.82013,2.37923,1.46206,-0.245111
-3.77917,2.35236,1.45647,-0.122085
-3.73719,2.3249,1.4509,0.00468992
-3.69493,2.29808,1.44547,0.133305
-3.65362,2.27166,1.43994,0.263883
-3.61201,2.24439,1.43439,0.396137
-3.56985,2.21727,1.429,0.528698
-3.52833,2.19089,1.42356,0.661847
-3.48674,2.16381,1.41801,0.795827
-3.44473,2.13664,1.41251,0.929712
-3.40309,2.11012,1.40709,1.06335
-3.36216,2.08503,1.4019,1.19375
-3.32026,2.06929,1.39715,1.31517
-3.27768,2.07005,1.39281,1.42384
-3.23663,2.084,1.38891,1.51785
-3.19675,2.10479,1.38543,1.59709
-3.15614,2.12918,1.38229,1.66257
-3.11482,2.15528,1.37941,1.71579
-3.07362,2.1817,1.3767,1.75868
-3.0319,2.20872,1.37402,1.79327
-2.98988,2.23628,1.37137,1.82129
-2.9485,2.26357,1.36875,1.84439
-2.90693,2.29103,1.36612,1.86395
-2.86589,2.3183,1.36348,1.88101
-2.82447,2.34572,1.36078,1.89656
-2.78236,2.37371,1.35807,1.9112
-2.74084,2.40138,1.35538,1.92524
-2.69995,2.4285,1.35267,1.93908
-2.65865,2.45588,1.34994,1.95299
-2.617,2.48359,1.34723,1.967
-2.57587,2.51094,1.34457,1.98114
-2.53665,2.53827,1.34191,1.99615
-2.51207,2.56671,1.33893,2.01358
-2.50926,2.59635,1.33541,2.03424
-2.52544,2.62556,1.33139,2.05822
-2.55388,2.6546,1.32709,2.08525
-2.58801,2.68313,1.32259,2.11501
-2.62522,2.71251,1.31795,2.14736
-2.66425,2.74297,1.31327,2.18179
-2.70349,2.77339,1.30865,2.21759
-2.74242,2.80339,1.30406,2.25456
-2.78157,2.83351,1.29954,2.29217
-2.8204,2.86315,1.29498,2.33038
-2.86014,2.89349,1.29031,2.36917
-2.90029,2.92394,1.28576,2.40793
-2.93774,2.95219,1.28291,2.43764
-2.96576,2.97384,1.28148,2.44061
-2.98255,2.98672,1.28071,2.40859
-2.99169,2.99256,1.28018,2.33951
-2.99679,2.99465,1.2798,2.23775
-2.99964,2.99579,1.27932,2.11005
-3.00076,2.99703,1.27874,1.9618
-3.00061,2.99815,1.27811,1.79885
-3.00001,2.99873,1.27737,1.62498
-2.99972,2.99889,1.2766,1.44312
-2.9999,2.99913,1.27589,1.25611
-3.00012,2.99972,1.27525,1.06585
-2.99991,3.0004,1.27472,0.873596
-2.99931,3.00059,1.27443,0.680673
-2.99889,3.00005,1.27446,0.488531
-2.99925,2.99923,1.27474,0.298032
-3.00035,2.999,1.27524,0.11086
-3.00135,2.99995,1.27594,-0.0711181
-3.00103,3.0017,1.27667,-0.247298
-2.99872,3.00283,1.27737,-0.414571