3.75243e-18,2.32482e-11,0.13,-1.54118e-17
5.23833e-18,2.32482e-11,0.13,-2.05548e-17
-3.69746e-18,2.32482e-11,0.13,-2.54321e-17
-2.04927e-18,2.32482e-11,0.13,-3.03169e-17
2.19479e-19,2.32482e-11,0.13,-3.52281e-17
2.39681e-18,2.32482e-11,0.13,-4.01545e-17
3.87516e-18,2.32482e-11,0.13,-4.50299e-17
5.26095e-18,2.32482e-11,0.13,-4.99388e-17
5.68836e-18,2.32482e-11,0.13,-5.48536e-17
-3.47475e-18,2.32482e-11,0.13,-5.97844e-17
-2.40785e-18,2.32482e-11,0.13,-6.46235e-17
-1.46994e-19,2.32482e-11,0.13,-6.95304e-17
2.60654e-18,2.32482e-11,0.13,-7.43985e-17
4.67096e-18,2.32482e-11,0.13,-7.9192e-17
-5.05368e-18,2.32482e-11,0.13,-8.41443e-17
-2.68776e-18,2.32482e-11,0.13,-8.90678e-17
-2.92285e-19,2.32482e-11,0.13,-9.39686e-17
1.16829e-18,2.32482e-11,0.13,-9.89277e-17
-9.66098e-18,2.07029e-11,0.130115,-1.02733e-16
6.15283e-13,-2.33946e-11,0.227952,-9.56107e-17
3.96714e-12,-5.03041e-11,0.427673,-7.34273e-17
7.15766e-12,-4.65367e-11,0.622909,-6.13163e-17
8.5326e-12,-2.91848e-11,0.793641,-0.000139687
8.64313e-12,-1.50432e-11,0.911265,-0.0281033
8.64146e-12,-7.10115e-12,0.984557,-0.0912718
8.1527e-12,-4.34616e-12,1.02414,-0.170915
7.33596e-12,-3.86872e-12,1.04141,-0.254521
6.94422e-12,-4.09899e-12,1.04835,-0.355442
6.84105e-12,-5.18717e-12,1.04792,-0.47934
6.5095e-12,-6.43123e-12,1.04393,-0.610183
6.06137e-12,-7.14412e-12,1.03898,-0.73719
5.70592e-12,-7.57916e-12,1.03678,-0.873123
4.95949e-12,-8.5607e-12,1.03446,-1.02259
3.6052e-12,-9.45188e-12,1.03215,-1.17298
2.24267e-12,-9.69701e-12,1.03014,-1.31551
1.20708e-12,-9.6755e-12,1.03065,-1.46292
-2.32343e-13,-9.94452e-12,1.03053,-1.62065
-2.05542e-12,-9.9313e-12,1.02986,-1.77743
-3.50304e-12,-9.3788e-12,1.02887,-1.9251
-4.44002e-12,-8.73289e-12,1.03008,-2.07414
-5.7753e-12,-8.08729e-12,1.03044,-2.23333
-7.28117e-12,-7.02119e-12,1.02998,-2.39179
-8.2158e-12,-5.70639e-12,1.02913,-2.54133
-8.68024e-12,-4.56516e-12,1.03013,-2.69424
-9.45168e-12,-3.17536e-12,1.03023,-2.85609
-1.00614e-11,-1.37823e-12,1.02967,-3.0163
-1.00316e-11,2.26596e-13,1.02878,3.11621
-9.72867e-12,1.38412e-12,1.03002,2.9636
-9.53934e-12,2.90966e-12,1.03032,2.80185
-8.99868e-12,4.70575e-12,1.02983,2.64156
-8.07634e-12,5.98313e-12,1.02896,2.49642
-7.10373e-12,6.77731e-12,1.02991,2.33996
-6.06759e-12,7.88155e-12,1.03024,2.17921
-4.578e-12,9.05016e-12,1.0298,2.01921
-3.0045e-12,9.5802e-12,1.02893,1.8681
-1.76933e-12,9.66343e-12,1.03009,1.71595
-2.51143e-13,9.95517e-12,1.03041,1.55416
1.63905e-12,1.00236e-11,1.02991,1.39341
3.21117e-12,9.53152e-12,1.02902,1.24174
4.26632e-12,8.87485e-12,1.03011,1.08801
5.69983e-12,8.20635e-12,1.03031,0.925235
7.26008e-12,7.1216e-12,1.02977,0.763915
8.20864e-12,5.80104e-12,1.02886,0.611961
8.5536e-12,4.75312e-12,1.0278,0.474965
8.68221e-12,4.05463e-12,1.02674,0.356278
8.77782e-12,3.51218e-12,1.02573,0.257263
8.8555e-12,3.01856e-12,1.02494,0.180461
8.91938e-12,2.48943e-12,1.02439,0.115871
8.96354e-12,2.00697e-12,1.02414,0.069737
8.99505e-12,1.57285e-12,1.02408,0.036664
9.01704e-12,1.19888e-12,1.02411,0.0140527
9.03153e-12,8.87326e-13,1.02415,-0.000487328
9.04047e-12,6.34919e-13,1.02417,-0.0090478
9.0456e-12,4.358e-13,1.02415,-0.0133595
9.04865e-12,2.83357e-13,1.02409,-0.0148019
9.0505e-12,1.70414e-13,1.02401,-0.0144229
9.0518e-12,8.98462e-14,1.02392,-0.0129965
9.05283e-12,3.47049e-14,1.02382,-0.0110751
9.05366e-12,-9.12925e-16,1.02373,-0.00901804
9.05412e-12,-2.18724e-14,1.02365,-0.00705207
9.0545e-12,-3.2394e-14,1.02359,-0.00530299
9.05482e-12,-3.58289e-14,1.02354,-0.00382771
9.05512e-12,-3.48727e-14,1.0235,-0.00263703
9.05525e-12,-3.14432e-14,1.02348,-0.00171367
9.05534e-12,-2.68866e-14,1.02347,-0.00102517
9.05538e-12,-2.20091e-14,1.02346,-0.000532626
9.05544e-12,-1.74198e-14,1.02346,-0.000196873
9.05543e-12,-1.33454e-14,1.02346,1.79675e-05
9.05528e-12,-9.87194e-15,1.02346,0.000143538
9.05516e-12,-7.161e-15,1.02346,0.000204422
9.05517e-12,-4.94959e-15,1.02346,0.000225842
9.05527e-12,-3.35655e-15,1.02346,0.000218805
9.05522e-12,-2.16773e-15,1.02346,0.000196509
9.0551e-12,-1.32356e-15,1.02346,0.000167012
9.05513e-12,-7.25673e-16,1.02346,0.000135708
9.05526e-12,-4.16881e-16,1.02346,0.000105915
9.05535e-12,-2.98123e-16,1.02346,7.94834e-05
9.05535e-12,-3.31278e-16,1.02346,5.72429e-05
9.05532e-12,-3.92244e-16,1.02346,3.99664e-05
9.05527e-12,-4.14445e-16,1.02345,2.54681e-05
9.05527e-12,-4.72259e-16,1.02345,1.51536e-05
9.05527e-12,-5.09974e-16,1.02345,7.79111e-06
2.71574e-07,3.62434e-07,1.02348,1.2071e-06
-0.016096,-0.0202076,1.02934,-0.0212789
-0.124731,-0.129076,1.03023,-0.00766209
-0.271677,-0.265947,1.02645,-0.00150914
-0.381413,-0.377335,1.02476,0.000456567
-0.443252,-0.444789,1.02356,0.0031892
-0.472149,-0.476955,1.02243,0.00465391
-0.484793,-0.489431,1.02188,0.00477034
-0.489927,-0.493063,1.02188,0.00442365
-0.494409,-0.495357,1.02225,0.00365522
-0.496696,-0.496698,1.02263,0.00296358
-0.49814,-0.49789,1.02296,0.00230799
-0.498986,-0.498808,1.0232,0.00172839
-0.499441,-0.499376,1.03583,0.00139752
-0.500427,-0.49788,1.08983,0.00537545
-0.506605,-0.48782,1.15409,0.0200332
-0.52096,-0.467188,1.20979,0.0483061
-0.542246,-0.437937,1.2508,0.0912573
-0.567023,-0.404051,1.27664,0.146094
-0.596337,-0.363902,1.29278,0.218285
-0.624948,-0.324091,1.30031,0.297986
-0.653248,-0.28391,1.30307,0.385853
-0.681544,-0.243242,1.30311,0.479905
-0.709945,-0.202696,1.30193,0.57887
-0.738467,-0.16218,1.30045,0.681146
-0.766958,-0.121997,1.29905,0.786025
-0.794513,-0.082906,1.29789,0.888572
-0.824722,-0.0402556,1.29695,1.00121
-0.853868,0.00062727,1.29632,1.11015
-0.882891,0.0412588,1.29598,1.21974
-0.911746,0.082027,1.29564,1.32987
-0.940856,0.123233,1.29531,1.44007
-0.969762,0.163731,1.29498,1.54992
-0.998339,0.203827,1.29472,1.65959
-1.02665,0.24375,1.29447,1.76599
-1.05473,0.283213,1.29406,1.86321
-1.08277,0.322588,1.29348,1.94758
-1.11128,0.362547,1.2928,2.0177
-1.14024,0.40303,1.29216,2.07372
-1.16939,0.443679,1.29161,2.11681
-1.19563,0.480228,1.29121,2.14651
-1.22621,0.522862,1.29083,2.17133
-1.25534,0.563545,1.29053,2.1866
-1.28475,0.604689,1.29026,2.19625
-1.31409,0.645724,1.29001,2.20176
-1.3432,0.686455,1.28976,2.20438
-1.37238,0.727276,1.2895,2.20506
-1.39948,0.765178,1.28922,2.20461
-1.43116,0.809515,1.28887,2.20335
-1.46005,0.849947,1.28856,2.20187
-1.48891,0.890344,1.28826,2.20033
-1.51815,0.931262,1.28796,2.1989
-1.547,0.971647,1.28766,2.19763
-1.5759,1.0121,1.28738,2.19658
-1.60452,1.05216,1.28716,2.19574
-1.63284,1.09178,1.28693,2.19509
-1.66148,1.13182,1.28666,2.19461
-1.69035,1.17214,1.28638,2.19427
-1.71921,1.21244,1.28609,2.19404
-1.7478,1.25233,1.28582,2.1939
-1.77678,1.29278,1.28557,2.19382
-1.80637,1.33408,1.2853,2.19378
-1.83595,1.37534,1.28502,2.19377
-1.86516,1.4161,1.28477,2.19378
-1.89386,1.45615,1.28455,2.1938
-1.92254,1.49618,1.2843,2.19382
-1.95169,1.53686,1.28405,2.19385
-1.98117,1.57801,1.28377,2.19387
-2.00998,1.6182,1.28349,2.19389
-2.03647,1.65517,1.28325,2.1939
-2.06793,1.69908,1.28295,2.19391
-2.09736,1.74014,1.28266,2.19392
-2.12653,1.78084,1.28245,2.19393
-2.15563,1.82145,1.28222,2.19394
-2.1848,1.86215,1.28194,2.19394
-2.21382,1.90265,1.28165,2.19394
-2.2426,1.9428,1.28137,2.19393
-2.27107,1.98252,1.28109,2.19391
-2.30017,2.02311,1.28081,2.19388
-2.32972,2.06432,1.28054,2.19385
-2.3587,2.10472,1.28027,2.19381
-2.38744,2.1448,1.28,2.19377
-2.41678,2.18572,1.27973,2.19372
-2.44612,2.22664,1.27946,2.19367
-2.47555,2.26768,1.27921,2.19362
-2.50501,2.30876,1.27897,2.19357
-2.53212,2.34657,1.27875,2.19352
-2.56354,2.39038,1.27846,2.19346
-2.5919,2.42992,1.27823,2.19341
-2.62052,2.46985,1.27797,2.19336
-2.64953,2.51031,1.2777,2.1933
-2.6787,2.55099,1.27743,2.19325
-2.70773,2.59147,1.27719,2.1932
-2.73684,2.63206,1.27697,2.19314
-2.76474,2.67098,1.2767,2.19309
-2.78646,2.70127,1.27639,2.19305
-2.79965,2.71973,1.27602,2.19301
-2.80645,2.72936,1.27568,2.19298
-2.80965,2.73399,1.27541,2.19295
-2.81115,2.73626,1.27524,2.19293
-2.81193,2.73749,1.27515,2.19292
-2.81236,2.73818,1.27511,2.19291
-2.81267,2.73867,1.2751,2.1929
-2.81283,2.73893,1.2751,2.1929
-2.81292,2.73908,1.2751,2.1929
-2.81297,2.73916,1.27511,2.1929
-2.813,2.73921,1.27512,2.1929
-2.81301,2.73923,1.27512,2.1929
-2.81302,2.73924,1.27512,2.1929
-2.81302,2.73925,1.27513,2.1929
-2.81303,2.73926,1.27513,2.1929
-2.81303,2.73926,1.27513,2.1929
-2.81303,2.73926,1.27513,2.1929
-2.81303,2.73926,1.27513,2.1929
-2.81303,2.73926,1.27513,2.1929
-2.81303,2.73926,1.27513,2.1929
-2.81303,2.73926,1.27513,2.1929
-2.81303,2.73926,1.27513,2.1929
-2.81303,2.73926,1.27513,2.1929
-2.81303,2.73926,1.27513,2.1929
-2.81303,2.73926,1.27513,2.1929
-2.81303,2.73926,1.27513,2.1929
-2.81303,2.73926,1.27513,2.1929
-2.81303,2.73926,1.27513,2.1929
-2.81303,2.73926,1.27513,2.1929
-2.81303,2.73926,1.27513,2.1929
-2.81303,2.73926,1.27513,2.1929
-2.81303,2.73926,1.27513,2.1929
-2.81303,2.73926,1.27513,2.1929
-2.81303,2.73926,1.27513,2.1929
-2.81303,2.73926,1.27513,2.1929
-2.81303,2.73926,1.27513,2.1929
-2.81303,2.73926,1.27513,2.1929
-2.81303,2.73926,1.27513,2.1929
-2.81303,2.73926,1.27513,2.1929
-2.81303,2.73926,1.27513,2.1929
-2.81303,2.73926,1.27513,2.1929
-2.81303,2.73926,1.27513,2.1929
-2.81303,2.73926,1.27513,2.1929
-2.81303,2.73926,1.27513,2.1929
-2.81303,2.73926,1.27513,2.1929
-2.81303,2.73926,1.27513,2.1929
-2.81303,2.73926,1.27513,2.1929
-2.81303,2.73926,1.27513,2.1929
-2.81303,2.73926,1.27513,2.1929
-2.81303,2.73926,1.27513,2.1929
-2.81303,2.73926,1.27513,2.1929
-2.81303,2.73926,1.27513,2.1929
-2.81303,2.73926,1.27513,2.1929
-2.81303,2.73926,1.27513,2.1929
-2.81303,2.73926,1.27513,2.1929
-2.81303,2.73926,1.27513,2.1929
-2.81303,2.73926,1.27513,2.1929
-2.81303,2.73926,1.27513,2.1929
-2.81303,2.73926,1.27513,2.1929
-2.81303,2.73926,1.27513,2.1929
-2.81303,2.73926,1.27513,2.1929
-2.81303,2.73926,1.27513,2.1929
-2.81303,2.73926,1.27513,2.1929
-2.81303,2.73926,1.27513,2.1929
-2.81303,2.73926,1.27513,2.1929
-2.81303,2.73926,1.27513,2.1929
-2.81303,2.73926,1.27513,2.1929
-2.81303,2.73926,1.27513,2.1929
-2.81303,2.73926,1.27513,2.1929
-2.81303,2.73926,1.27513,2.1929
-2.81303,2.73926,1.27513,2.1929
-2.81303,2.73926,1.27513,2.1929
-2.81303,2.73926,1.27513,2.1929
-2.81303,2.73926,1.27513,2.1929
-2.81303,2.73926,1.27513,2.1929
-2.81303,2.73926,1.27513,2.1929
-2.81303,2.73926,1.27513,2.1929
-2.81303,2.73926,1.27513,2.1929
-2.81303,2.73926,1.27513,2.1929
-2.81303,2.73926,1.27513,2.1929
-2.81303,2.73926,1.27513,2.1929
-2.81303,2.73926,1.27513,2.1929
-2.81303,2.73926,1.27513,2.1929
-2.81303,2.73926,1.27513,2.1929
-2.81303,2.73926,1.27513,2.1929
-2.81303,2.73926,1.27513,2.1929
-2.81303,2.73926,1.27513,2.1929
-2.81303,2.73926,1.27513,2.1929
-2.81303,2.73926,1.27513,2.1929
-2.81303,2.73926,1.27513,2.1929
-2.81303,2.73926,1.27513,2.1929
-2.81303,2.73926,1.27513,2.1929
-2.81303,2.73926,1.27513,2.1929
-2.81303,2.73926,1.27513,2.1929
-2.81303,2.73926,1.27513,2.1929
-2.81303,2.73926,1.27513,2.1929
-2.81303,2.73926,1.27513,2.1929
-2.81303,2.73926,1.27513,2.1929
-2.81303,2.73926,1.27513,2.1929
-2.81303,2.73926,1.27513,2.1929
-2.81303,2.73926,1.27513,2.1929
-2.81303,2.73926,1.27513,2.1929
-2.81303,2.73926,1.27513,2.1929
-2.81303,2.73926,1.27513,2.1929
-2.81303,2.73926,1.27513,2.1929
-2.81303,2.73926,1.27513,2.1929
-2.81303,2.73926,1.27513,2.1929
-2.81303,2.73926,1.27513,2.1929
-2.81303,2.73926,1.27513,2.1929
-2.81303,2.73926,1.27513,2.1929
-2.81303,2.73926,1.27513,2.1929
-2.81303,2.73926,1.27513,2.1929
-2.81303,2.73926,1.27513,2.1929
-2.81303,2.73926,1.27513,2.1929
-2.81303,2.73926,1.27513,2.1929
-2.81303,2.73926,1.27513,2.1929
-2.81303,2.73926,1.27513,2.1929
-2.81303,2.73926,1.27513,2.1929
-2.81303,2.73926,1.27513,2.1929
-2.81303,2.73926,1.27513,2.1929
-2.81303,2.73926,1.27513,2.1929
-2.81303,2.73926,1.27513,2.1929
-2.81303,2.73926,1.27513,2.1929
-2.81303,2.73926,1.27513,2.1929
-2.81303,2.73926,1.27513,2.1929
-2.81303,2.73926,1.27513,2.1929
-2.81303,2.73926,1.27513,2.1929
-2.81303,2.73926,1.27513,2.1929
-2.81303,2.73926,1.27513,2.1929
-2.81303,2.73926,1.27513,2.1929
-2.81303,2.73926,1.27513,2.1929
-2.81303,2.73926,1.27513,2.1929
-2.81303,2.73926,1.27513,2.1929
-2.81303,2.73926,1.27513,2.1929
-2.81303,2.73926,1.27513,2.1929
-2.81303,2.73926,1.27513,2.1929
-2.81303,2.73926,1.27513,2.1929
-2.81303,2.73926,1.27513,2.1929
-2.81303,2.73926,1.27513,2.1929
-2.81303,2.73926,1.27513,2.1929
-2.81303,2.73926,1.27513,2.1929
-2.81303,2.73926,1.27513,2.1929
-2.81303,2.73926,1.27513,2.1929
-2.81303,2.73926,1.27513,2.1929
-2.81303,2.73926,1.27513,2.1929
-2.81303,2.73926,1.27513,2.1929
-2.81303,2.73926,1.27513,2.1929
-2.81303,2.73926,1.27513,2.1929
-2.81303,2.73926,1.27513,2.1929
-2.81303,2.73926,1.27513,2.1929
-2.81303,2.73926,1.27513,2.1929
-2.81303,2.73926,1.27513,2.1929
-2.81303,2.73926,1.27513,2.1929
-2.81303,2.73926,1.27513,2.1929
-2.81303,2.73926,1.27513,2.1929
-2.81303,2.73926,1.27513,2.1929
-2.81303,2.73926,1.27513,2.1929
-2.81303,2.73926,1.27513,2.1929
-2.81303,2.73926,1.27513,2.1929
-2.81303,2.73926,1.27513,2.1929
-2.81303,2.73926,1.27513,2.1929
-2.81303,2.73926,1.27513,2.1929
-2.81303,2.73926,1.27513,2.1929
-2.81303,2.73926,1.27513,2.1929
-2.81303,2.73926,1.27513,2.1929
-2.81303,2.73926,1.27513,2.1929
-2.81303,2.73926,1.27513,2.1929
-2.81303,2.73926,1.27513,2.1929
-2.81303,2.73926,1.27513,2.1929
-2.81303,2.73926,1.27513,2.1929
-2.81303,2.73926,1.27513,2.1929
-2.81303,2.73926,1.27513,2.1929
-2.81303,2.73926,1.27513,2.1929
-2.81303,2.73926,1.27513,2.1929
-2.81303,2.73926,1.27513,2.1929
-2.81303,2.73926,1.27513,2.1929
-2.81303,2.73926,1.27513,2.1929
-2.81303,2.73926,1.27513,2.1929
-2.81303,2.73926,1.27513,2.1929
-2.81303,2.73926,1.27513,2.1929
-2.81303,2.73926,1.27513,2.1929
-2.81303,2.73926,1.27513,2.1929
-2.81303,2.73926,1.27513,2.1929
-2.81303,2.73926,1.27513,2.1929
-2.81303,2.73926,1.27513,2.1929
-2.81303,2.73926,1.27513,2.1929
-2.81303,2.73926,1.27513,2.1929
-2.81303,2.73926,1.27513,2.1929
-2.81303,2.73926,1.27513,2.1929
-2.81303,2.73926,1.27513,2.1929
-2.81303,2.73926,1.27513,2.1929
-2.81303,2.73926,1.27513,2.1929
-2.81303,2.73926,1.27513,2.1929
-2.81303,2.73926,1.27513,2.1929
-2.81303,2.73926,1.27513,2.1929
-2.81303,2.73926,1.27513,2.1929
-2.81303,2.73926,1.27513,2.1929
-2.81303,2.73926,1.27513,2.1929
-2.81303,2.73926,1.27513,2.1929
-2.81303,2.73926,1.27513,2.1929
-2.81303,2.73926,1.27513,2.1929
-2.81303,2.73926,1.27513,2.1929
-2.81303,2.73926,1.27513,2.1929
-2.81303,2.73926,1.27513,2.1929
-2.81303,2.73926,1.27513,2.1929
-2.81303,2.73926,1.27513,2.1929
-2.81303,2.73926,1.27513,2.1929
-2.81303,2.73926,1.27513,2.1929
-2.81303,2.73926,1.27513,2.1929
-2.81303,2.73926,1.27513,2.1929
-2.81303,2.73926,1.27513,2.1929
-2.81303,2.73926,1.27513,2.1929
-2.81303,2.73926,1.27513,2.1929
-2.81303,2.73926,1.27513,2.1929
-2.81303,2.73926,1.27513,2.1929
-2.81303,2.73926,1.27513,2.1929
-2.81303,2.73926,1.27513,2.1929
-2.81303,2.73926,1.27513,2.1929
-2.81303,2.73926,1.27513,2.1929
-2.81303,2.73926,1.27513,2.1929
-2.81303,2.73926,1.27513,2.1929
-2.81303,2.73926,1.27513,2.1929
-2.81303,2.73926,1.27513,2.1929
-2.81303,2.73926,1.27513,2.1929
-2.81303,2.73926,1.27513,2.1929
-2.81303,2.73926,1.27513,2.1929
-2.81303,2.73926,1.27513,2.1929
-2.81303,2.73926,1.27513,2.1929
-2.81303,2.73926,1.27513,2.1929
-2.81303,2.73926,1.27513,2.1929
-2.81303,2.73926,1.27513,2.1929
-2.81303,2.73926,1.27513,2.1929
-2.81303,2.73926,1.27513,2.1929
-2.81303,2.73926,1.27513,2.1929
-2.81303,2.73926,1.27513,2.1929
-2.81303,2.73926,1.27513,2.1929
-2.81303,2.73926,1.27513,2.1929
-2.81303,2.73926,1.27513,2.1929
-2.81303,2.73926,1.27513,2.1929
-2.81303,2.73926,1.27513,2.1929
-2.81303,2.73926,1.27513,2.1929
-2.81303,2.73926,1.27513,2.1929
-2.81303,2.73926,1.27513,2.1929
-2.81303,2.73926,1.27513,2.1929
-2.81303,2.73926,1.27513,2.1929
-2.81303,2.73926,1.27513,2.1929
-2.81303,2.73926,1.27513,2.1929
-2.81303,2.73926,1.27513,2.1929
-2.81303,2.73926,1.27513,2.1929
-2.81303,2.73926,1.27513,2.1929
-2.81303,2.73926,1.27513,2.1929
-2.81303,2.73926,1.27513,2.1929
-2.81303,2.73926,1.27513,2.1929
-2.81303,2.73926,1.27513,2.1929
-2.81303,2.73926,1.27513,2.1929
-2.81303,2.73926,1.27513,2.1929
-2.81303,2.73926,1.27513,2.1929
-2.81303,2.73926,1.27513,2.1929
-2.81303,2.73926,1.27513,2.1929
-2.81303,2.73926,1.27513,2.1929
-2.81303,2.73926,1.27513,2.1929
-2.81303,2.73926,1.27513,2.1929
-2.81303,2.73926,1.27513,2.1929
-2.81303,2.73926,1.27513,2.1929
-2.81303,2.73926,1.27513,2.1929
-2.81303,2.73926,1.27513,2.1929
-2.81303,2.73926,1.27513,2.1929
-2.81303,2.73926,1.27513,2.1929
-2.81303,2.73926,1.27513,2.1929
-2.81303,2.73926,1.27513,2.1929
-2.81303,2.73926,1.27513,2.1929
-2.81303,2.73926,1.27513,2.1929
-2.81303,2.73926,1.27513,2.1929
-2.81303,2.73926,1.27513,2.1929
-2.81303,2.73926,1.27513,2.1929
-2.81303,2.73926,1.27513,2.1929
-2.81303,2.73926,1.27513,2.1929
-2.81303,2.73926,1.27513,2.1929
-2.81303,2.73926,1.27513,2.1929
-2.81303,2.73926,1.27513,2.1929
-2.81303,2.73926,1.27513,2.1929
-2.8134,2.73979,1.27547,2.19219
-2.8136,2.74116,1.27667,2.18208
-2.8052,2.73405,1.27783,2.15503
-2.78713,2.71452,1.27869,2.10805
-2.76207,2.68524,1.27917,2.04066
-2.73293,2.65032,1.27937,1.95548
-2.70217,2.61396,1.27946,1.85562
-2.67127,2.57919,1.27944,1.74826
-2.63704,2.54142,1.27927,1.62207
-2.6035,2.50464,1.27908,1.49285
-2.56997,2.46721,1.27905,1.35801
-2.53701,2.42981,1.27901,1.21876
-2.50393,2.3925,1.27888,1.07643
-2.47099,2.35526,1.27869,0.931838
-2.43951,2.31959,1.27858,0.791352
-2.40525,2.28083,1.27854,0.637724
-2.37202,2.24324,1.27848,0.489
-2.33915,2.20569,1.27835,0.339493
-2.30633,2.16829,1.27826,0.189703
-2.23781,2.09035,1.27814,-0.125984
-2.2366,2.08895,1.27814,-0.131724
-2.21442,2.06219,1.27809,-0.248079
-2.19741,2.04057,1.27792,-0.366495
-2.17752,2.01925,1.27755,-0.489547
-2.15375,1.99504,1.27716,-0.585628
-2.12522,1.96393,1.27677,-0.664061
-2.09445,1.92859,1.27647,-0.725709
-2.06285,1.89173,1.27634,-0.772398
-2.03089,1.85467,1.2763,-0.80639
-1.99846,1.81746,1.27627,-0.830054
-1.96561,1.78004,1.27624,-0.845648
-1.93246,1.74239,1.27622,-0.855171
-1.89934,1.70478,1.27624,-0.860309
-1.86652,1.6675,1.27621,-0.862416
-1.83328,1.6297,1.27616,-0.862557
-1.80012,1.59201,1.27612,-0.861524
-1.7674,1.55484,1.27611,-0.859884
-1.73578,1.51891,1.27608,-0.858098
-1.70136,1.47979,1.27602,-0.856184
-1.66854,1.4425,1.27597,-0.854512
-1.63563,1.4051,1.27598,-0.853077
-1.54762,1.30508,1.27582,-0.850327
-1.54682,1.30417,1.27582,-0.850303
-1.54603,1.30328,1.27581,-0.850279
-1.5313,1.28648,1.27558,-0.849771
-1.52165,1.2754,1.2755,-0.84943
-1.50677,1.25835,1.27555,-0.849189
-1.48492,1.23345,1.27563,-0.849049
-1.45811,1.20298,1.27568,-0.848974
-1.42845,1.16935,1.27577,-0.848945
-1.39685,1.13353,1.27582,-0.848944
-1.36414,1.09644,1.27584,-0.84896
-1.33113,1.059,1.27588,-0.848985
-1.29791,1.02129,1.27591,-0.849013
-1.26462,0.983488,1.27593,-0.849041
-1.23145,0.945803,1.2759,-0.849066
-1.19853,0.9084,1.27585,-0.849087
-1.16595,0.871382,1.27583,-0.849105
-1.13302,0.833952,1.2758,-0.849118
-1.09989,0.796308,1.27577,-0.849129
-1.06975,0.762058,1.27574,-0.849136
-1.03447,0.721959,1.27574,-0.849141
-1.00149,0.684484,1.27573,-0.849145
-0.967926,0.646343,1.27572,-0.849147
-0.887698,0.555169,1.27551,-0.849149
-0.886893,0.554254,1.27551,-0.849149
-0.886105,0.553357,1.2755,-0.849149
-0.868657,0.533446,1.27527,-0.849149
-0.858494,0.521768,1.27522,-0.849149
-0.842787,0.503786,1.2753,-0.84915
-0.819668,0.477446,1.2754,-0.84915
-0.791348,0.445289,1.2755,-0.849149
-0.760306,0.410098,1.27557,-0.849149
-0.72791,0.373385,1.27562,-0.849148
-0.69667,0.337966,1.27566,-0.849148
-0.662638,0.299351,1.27568,-0.849147
-0.629445,0.261662,1.27569,-0.849147
-0.596102,0.223789,1.27569,-0.849146
-0.563015,0.1862,1.27567,-0.849146
-0.530426,0.149171,1.27567,-0.849146
-0.497651,0.111926,1.27568,-0.849146
-0.464389,0.0741273,1.27567,-0.849145
-0.431013,0.0362006,1.27565,-0.849145
-0.398136,-0.00115664,1.27563,-0.849145
-0.365552,-0.038185,1.27567,-0.849145
-0.332864,-0.0753341,1.27571,-0.849145
-0.299615,-0.11312,1.27572,-0.849145
-0.212708,-0.211933,1.27522,-0.849147
-0.21223,-0.212479,1.27521,-0.849147
-0.211765,-0.213011,1.2752,-0.849147
-0.206415,-0.219146,1.27504,-0.849147
-0.200476,-0.226265,1.27539,-0.849528
-0.195692,-0.237479,1.27853,-0.852706
-0.192914,-0.259937,1.28538,-0.86097
-0.193676,-0.293013,1.29579,-0.875245
-0.197783,-0.333841,1.30898,-0.895604
-0.203904,-0.378146,1.32381,-0.921223
-0.210821,-0.42317,1.33963,-0.951395
-0.217821,-0.468653,1.35617,-0.985532
-0.224869,-0.515355,1.37306,-1.02288
-0.232053,-0.562399,1.39001,-1.06259
-0.239383,-0.609421,1.40691,-1.10402
-0.246727,-0.656127,1.42366,-1.14657
-0.254075,-0.702622,1.44034,-1.18995
-0.260838,-0.745592,1.45559,-1.23028
-0.268802,-0.795793,1.47329,-1.27773
-0.276191,-0.842088,1.48983,-1.32191
-0.283577,-0.889031,1.50633,-1.36607
-0.290995,-0.935501,1.52282,-1.41016
-0.298413,-0.982231,1.53945,-1.45427
-0.327444,-1.16033,1.59869,-1.70177
-0.327448,-1.16035,1.59868,-1.70193
-0.327453,-1.16036,1.59867,-1.70208
-0.327457,-1.16038,1.59866,-1.70223
-0.327461,-1.16039,1.59864,-1.70238
-0.327465,-1.16041,1.59863,-1.70253
-0.327469,-1.16042,1.59862,-1.70267
-0.327473,-1.16044,1.59861,-1.70281
-0.327477,-1.16045,1.5986,-1.70294
-0.327481,-1.16046,1.59859,-1.70308
-0.327506,-1.16055,1.59852,-1.70393
-0.327602,-1.16293,1.60127,-1.7072
-0.326297,-1.17506,1.60969,-1.70785
-0.322054,-1.19877,1.6242,-1.70577
-0.314732,-1.23051,1.64382,-1.7007
-0.305243,-1.26666,1.66683,-1.69277
-0.294692,-1.30452,1.69212,-1.68226
-0.28376,-1.34327,1.71893,-1.66947
-0.272598,-1.383,1.74652,-1.65481
-0.261289,-1.42329,1.77446,-1.63865
-0.249925,-1.4638,1.80243,-1.62138
-0.238509,-1.50436,1.83031,-1.60331
-0.22713,-1.54478,1.85791,-1.58473
-0.215799,-1.58493,1.88537,-1.56581
-0.204523,-1.62491,1.91251,-1.54675
-0.194178,-1.66151,1.93732,-1.52916
-0.18204,-1.70454,1.96666,-1.50844
-0.170717,-1.74478,1.994,-1.48922
-0.159247,-1.78543,2.02134,-1.47002
-0.147814,-1.82588,2.04867,-1.45083
-0.107806,-1.96793,2.14153,-1.35407
-0.107799,-1.96797,2.14153,-1.35391
-0.107791,-1.968,2.14152,-1.35376
-0.107784,-1.96804,2.14152,-1.3536
-0.107777,-1.96808,2.14152,-1.35345
-0.10777,-1.96811,2.14151,-1.3533
-0.107763,-1.96815,2.1415,-1.35316
-0.107757,-1.96818,2.1415,-1.35301
-0.107611,-1.96887,2.14172,-1.35025
-0.10774,-1.97269,2.14166,-1.34902
-0.112535,-1.9861,2.13715,-1.35231
-0.124677,-2.00914,2.12718,-1.36122
-0.143294,-2.03835,2.11233,-1.37589
-0.166232,-2.07106,2.09379,-1.39602
-0.191145,-2.10535,2.07281,-1.42097
-0.216872,-2.14045,2.05043,-1.44997
-0.242735,-2.17584,2.02752,-1.4821
-0.266576,-2.20843,2.00606,-1.5139
-0.294629,-2.24685,1.98091,-1.55317
-0.320768,-2.28246,1.9578,-1.59087
-0.346662,-2.31769,1.93496,-1.62927
-0.372593,-2.35284,1.91189,-1.66838
-0.399026,-2.38881,1.88883,-1.70788
-0.425619,-2.42482,1.86575,-1.74763
-0.452021,-2.46053,1.8429,-1.78737
-0.478249,-2.49602,1.82004,-1.8271
-0.504535,-2.53174,1.79705,-1.86685
-0.531015,-2.5677,1.77405,-1.90655
-0.596926,-2.65636,1.7202,-2.01015
-0.597518,-2.65713,1.7197,-2.01137
-0.598097,-2.6579,1.71922,-2.01258
-0.6095,-2.67299,1.70859,-2.04229
-0.615514,-2.68257,1.70183,-2.06257
-0.621825,-2.70236,1.69561,-2.07784
-0.627165,-2.73321,1.69084,-2.08268
-0.631419,-2.77327,1.68662,-2.07867
-0.634754,-2.81933,1.68265,-2.06666
-0.637509,-2.86778,1.67881,-2.0479
-0.640092,-2.91691,1.67503,-2.02376
-0.642582,-2.96371,1.67142,-1.99667
-0.645365,-3.0144,1.66742,-1.96388
-0.648158,-3.0641,1.66356,-1.92999
-0.650782,-3.11349,1.6597,-1.8946
-0.653321,-3.16258,1.65581,-1.85817
-0.655907,-3.21209,1.65197,-1.82106
-0.661146,-3.31916,1.64393,-1.73849
-0.661204,-3.32057,1.64382,-1.73722
-0.661981,-3.33979,1.64224,-1.71796
-0.662789,-3.3592,1.64078,-1.69154
-0.661352,-3.37507,1.64227,-1.66857
-0.655246,-3.39783,1.64731,-1.64763
-0.643635,-3.43018,1.65556,-1.62767
-0.628034,-3.46928,1.666,-1.60826
-0.610562,-3.51089,1.67774,-1.58912
-0.592597,-3.55311,1.69048,-1.56982
-0.574115,-3.59692,1.70386,-1.55012
-0.555426,-3.64151,1.71731,-1.5301
-0.536855,-3.68563,1.73077,-1.50973
-0.51818,-3.73003,1.74422,-1.48902
-0.499601,-3.77417,1.75754,-1.46807
-0.48163,-3.81677,1.77033,-1.44769
-0.462133,-3.86303,1.78408,-1.42543
-0.443391,-3.90739,1.79723,-1.40392
-0.424738,-3.95157,1.81034,-1.38234
-0.406079,-3.99582,1.8236,-1.36061
-0.387172,-4.04072,1.83687,-1.33879
-0.368342,-4.0853,1.84995,-1.31703
-0.305255,-4.23375,1.89201,-1.23532
-0.305022,-4.2343,1.89218,-1.23476
-0.304796,-4.23484,1.89234,-1.2342
-0.304577,-4.23536,1.8925,-1.23365
-0.301836,-4.24196,1.89461,-1.22547
-0.299134,-4.2485,1.89771,-1.21239
-0.295925,-4.24953,1.90042,-1.19067
-0.293287,-4.23571,1.90203,-1.1546
-0.292841,-4.20953,1.90253,-1.10737
-0.294377,-4.1683,1.90232,-1.03432
-0.296371,-4.12406,1.90146,-0.951185
-0.298096,-4.07667,1.90015,-0.855055
-0.299465,-4.02741,1.89871,-0.748456
-0.300855,-3.97797,1.89723,-0.63399
-0.301953,-3.92878,1.89573,-0.513194
-0.302855,-3.87901,1.89416,-0.387361
-0.304256,-3.82924,1.89253,-0.258092
-0.305825,-3.77975,1.8909,-0.126051
-0.307265,-3.73006,1.88941,0.00813722
-0.308733,-3.68003,1.88804,0.143908
-0.310322,-3.62974,1.88669,0.281049
-0.312016,-3.57947,1.88523,0.418896
-0.313737,-3.52945,1.88372,0.557128
-0.315378,-3.47978,1.88234,0.695766
-0.323115,-3.32012,1.8774,1.19286
-0.323167,-3.31938,1.87736,1.19699
-0.323215,-3.31865,1.87731,1.2011
-0.32326,-3.31795,1.87727,1.20517
-0.323383,-3.30539,1.87639,1.29878
-0.322766,-3.2964,1.87664,1.37303
-0.325087,-3.27606,1.8795,1.44646
-0.332679,-3.24543,1.8847,1.50217
-0.344572,-3.20787,1.89193,1.54743
-0.3589,-3.16652,1.90096,1.58406
-0.374475,-3.12211,1.91105,1.61379
-0.390283,-3.07682,1.92169,1.63815
-0.405335,-3.03341,1.93213,1.65775
-0.421689,-2.98599,1.94371,1.67612
-0.437718,-2.9393,1.95485,1.69184
-0.453745,-2.89277,1.96595,1.70635
-0.469724,-2.84648,1.9769,1.72011
-0.485512,-2.80081,1.98776,1.73348
-0.501196,-2.75536,1.99858,1.74674
-0.517017,-2.70947,2.00941,1.76005
-0.53165,-2.66705,2.01933,1.7724
-0.54881,-2.61737,2.03111,1.78711
-0.564762,-2.57115,2.04206,1.80094
-0.580795,-2.52474,2.05287,1.81491
-0.634315,-2.36864,2.08613,1.88936
-0.634315,-2.36864,2.08613,1.88936
-0.634315,-2.36864,2.08613,1.88936
-0.634315,-2.36864,2.08613,1.88936
-0.634315,-2.36864,2.08613,1.88936
-0.634315,-2.36864,2.08613,1.88936
-0.634315,-2.36864,2.08613,1.88936
-0.634315,-2.36864,2.08613,1.88936
-0.634315,-2.36864,2.08613,1.88936
-0.634315,-2.36864,2.08613,1.88936
-0.636665,-2.36793,2.0931,1.90086
-0.636805,-2.36807,2.09344,1.90157
-0.636949,-2.36822,2.09379,1.9023
-0.637097,-2.36839,2.09415,1.90306
-0.637248,-2.36859,2.09452,1.90385
-0.637402,-2.3688,2.09489,1.90467
-0.637558,-2.36903,2.09528,1.90551
-0.637718,-2.36929,2.09567,1.90638
-0.63788,-2.36956,2.09607,1.90727
-0.638045,-2.36986,2.09648,1.9082
-0.638213,-2.37018,2.0969,1.90915
-0.638382,-2.37052,2.09732,1.91013
-0.638554,-2.37089,2.09776,1.91115
-0.638728,-2.37128,2.09821,1.91219
-0.638904,-2.37169,2.09866,1.91326
-0.639082,-2.37213,2.09913,1.91436
-0.639261,-2.37259,2.0996,1.91549
-0.639442,-2.37308,2.10007,1.91665
-0.639625,-2.37359,2.10056,1.91783
-0.639809,-2.37412,2.10105,1.91904
-0.639994,-2.37468,2.10155,1.92029
-0.64018,-2.37527,2.10206,1.92156
-0.640368,-2.37587,2.10258,1.92287
-0.640556,-2.37651,2.1031,1.9242
-0.640744,-2.37716,2.10364,1.92557
-0.640934,-2.37784,2.10418,1.92696
-0.641123,-2.37855,2.10473,1.92839
-0.641313,-2.37928,2.10528,1.92984
-0.641503,-2.38003,2.10584,1.93132
-0.641693,-2.38081,2.10641,1.93283
-0.641883,-2.38161,2.10698,1.93436
-0.642073,-2.38243,2.10756,1.93592
-0.642639,-2.38503,2.10933,1.94077
-0.646863,-2.41333,2.12604,1.99123
-0.650482,-2.44968,2.14567,2.05882
-0.654149,-2.48984,2.16709,2.14123
-0.658607,-2.53171,2.18944,2.23629
-0.663606,-2.57462,2.21192,2.34094
-0.668763,-2.61774,2.2347,2.45376
-0.674018,-2.66018,2.25679,2.56821
-0.679204,-2.70653,2.28066,2.69717
-0.683973,-2.75089,2.30334,2.82443
-0.688649,-2.79447,2.32581,2.95386
-0.693687,-2.83807,2.34847,3.08555
-0.69894,-2.88264,2.37122,-3.06435
-0.703745,-2.92748,2.39383,-2.93028
-0.708248,-2.97181,2.41661,-2.7954
-0.712655,-3.01251,2.43753,-2.67094
-0.718028,-3.06051,2.46221,-2.52409
-0.735181,-3.21862,2.53471,-1.71895
-0.735181,-3.21862,2.53471,-1.71899
-0.735181,-3.21862,2.53471,-1.71904
-0.735181,-3.21862,2.53471,-1.71908
-0.735181,-3.21862,2.53471,-1.71912
-0.735181,-3.21862,2.5347,-1.71916
-0.735181,-3.21862,2.5347,-1.7192
-0.735181,-3.21862,2.5347,-1.71924
-0.735181,-3.21862,2.5347,-1.71928
-0.735181,-3.21862,2.5347,-1.71932
-0.735189,-3.2187,2.53552,-1.71879
-0.73519,-3.21874,2.53572,-1.71842
-0.735191,-3.21876,2.53583,-1.71822
-0.735191,-3.21878,2.53594,-1.71799
-0.735191,-3.21881,2.53606,-1.71775
-0.73519,-3.21884,2.53618,-1.71748
-0.735188,-3.21887,2.53631,-1.7172
-0.735185,-3.21891,2.53644,-1.71689
-0.735181,-3.21894,2.53658,-1.71656
-0.735175,-3.21898,2.53671,-1.71621
-0.735168,-3.21901,2.53686,-1.71584
-0.735159,-3.21905,2.537,-1.71545
-0.735148,-3.21909,2.53715,-1.71504
-0.734319,-3.21878,2.54059,-1.70313
-0.729742,-3.20924,2.54718,-1.67087
-0.721626,-3.18475,2.55522,-1.61825
-0.711791,-3.14803,2.56402,-1.54661
-0.701272,-3.10523,2.57324,-1.45837
-0.689849,-3.06065,2.58261,-1.3568
-0.678052,-3.0192,2.59121,-1.25357
-0.663103,-2.96945,2.60124,-1.12262
-0.6491,-2.92219,2.61042,-0.994444
-0.635845,-2.87519,2.61948,-0.861638
-0.622593,-2.82883,2.62861,-0.724871
-0.608993,-2.78227,2.63771,-0.585085
-0.595421,-2.73511,2.64676,-0.443244
-0.583239,-2.69163,2.65508,-0.311399
-0.568979,-2.64066,2.66506,-0.155088
-0.555549,-2.5933,2.67443,-0.00915598
-0.54191,-2.54541,2.68373,0.137558
-0.528579,-2.4977,2.6929,0.284816
-0.477123,-2.31317,2.72564,1.10084
-0.477065,-2.31309,2.72564,1.10319
-0.47701,-2.31302,2.72564,1.10552
-0.476955,-2.31294,2.72564,1.10782
-0.476902,-2.31287,2.72563,1.11009
-0.47685,-2.3128,2.72563,1.11234
-0.4768,-2.31273,2.72563,1.11457
-0.476142,-2.31175,2.72575,1.14911
-0.475211,-2.30971,2.72653,1.1887
-0.473905,-2.31214,2.72577,1.2064
-0.474195,-2.32838,2.72265,1.19897
-0.477274,-2.3602,2.71691,1.16318
-0.482244,-2.39955,2.70947,1.10434
-0.487541,-2.4432,2.70069,1.02497
-0.492482,-2.48902,2.69117,0.928937
-0.496903,-2.53639,2.68132,0.819466
-0.5014,-2.58472,2.67109,0.699762
-0.506117,-2.63333,2.66072,0.572265
-0.510954,-2.68196,2.65039,0.439018
-0.51587,-2.73042,2.64015,0.301475
-0.520697,-2.77929,2.6299,0.160518
-0.525756,-2.82845,2.61979,0.0173109
-0.531088,-2.87704,2.60987,-0.127055
-0.536278,-2.92488,2.60007,-0.272382
-0.541043,-2.97297,2.59023,-0.418695
-0.545846,-3.0218,2.58028,-0.565778
-0.551074,-3.07088,2.57031,-0.71335
-0.56934,-3.2137,2.54245,-1.18952
-0.569483,-3.21456,2.54226,-1.19419
-0.569621,-3.21541,2.54207,-1.19883
-0.570544,-3.22142,2.54063,-1.23495
-0.571644,-3.23556,2.5367,-1.35295
-0.573302,-3.24916,2.53467,-1.43977
-0.581106,-3.27275,2.53415,-1.51334
-0.596172,-3.30483,2.53493,-1.57472
-0.616308,-3.3422,2.53673,-1.62555
-0.639101,-3.38256,2.53924,-1.66767
-0.663068,-3.42472,2.54222,-1.70299
-0.687649,-3.46833,2.54537,-1.73303
-0.712077,-3.51175,2.54855,-1.75911
-0.736376,-3.55492,2.55179,-1.78242
-0.760842,-3.59845,2.55503,-1.80395
-0.785583,-3.64246,2.5582,-1.82428
-0.810257,-3.68617,2.56136,-1.84393
-0.834861,-3.72973,2.56451,-1.86326
-0.859361,-3.77313,2.56765,-1.88243
-0.882833,-3.81468,2.57069,-1.90092
-0.908291,-3.85981,2.57392,-1.92105
-0.932783,-3.90317,2.57707,-1.94061
-0.957319,-3.94663,2.58019,-1.96034
-1.03566,-4.08468,2.58921,-2.02769
-1.03614,-4.08553,2.58925,-2.02829
-1.03662,-4.08635,2.5893,-2.02888
-1.03708,-4.08716,2.58935,-2.02947
-1.04697,-4.10448,2.59064,-2.0456
-1.05002,-4.11552,2.59304,-2.05293
-1.0438,-4.13214,2.59778,-2.05048
-1.02547,-4.15443,2.60465,-2.03668
-0.996791,-4.1807,2.61321,-2.01144
-0.962331,-4.20864,2.62281,-1.97587
-0.925312,-4.23743,2.63314,-1.93151
-0.887629,-4.26658,2.6438,-1.87976
-0.849616,-4.29618,2.65459,-1.82237
-0.814506,-4.32339,2.6645,-1.76585
-0.773232,-4.35524,2.67622,-1.69576
-0.734378,-4.38523,2.68714,-1.62827
-0.695306,-4.41517,2.69797,-1.55916
-0.656414,-4.44486,2.70867,-1.4892
-0.618083,-4.47405,2.71924,-1.41895
-0.580042,-4.50314,2.7299,-1.34832
-0.541341,-4.53293,2.74065,-1.27738
-0.502376,-4.56275,2.75134,-1.2065
-0.463673,-4.59217,2.76201,-1.13575
-0.425038,-4.62161,2.77273,-1.06516
-0.342086,-4.68429,2.79399,-0.909464
-0.34108,-4.68502,2.79424,-0.907162
-0.332898,-4.69095,2.79623,-0.8871
-0.314914,-4.70431,2.80155,-0.824754
-0.30821,-4.70816,2.80452,-0.773148
-0.311639,-4.69932,2.80549,-0.712594
-0.327028,-4.67765,2.8044,-0.640636
-0.350597,-4.64842,2.80194,-0.556953
-0.37791,-4.61485,2.79866,-0.461938
-0.40667,-4.57835,2.79474,-0.356391
-0.43388,-4.54315,2.79075,-0.251798
-0.46609,-4.5011,2.78587,-0.121666
-0.495835,-4.4624,2.78138,0.00433251
-0.525429,-4.42367,2.77689,0.135102
-0.555653,-4.38395,2.77237,0.269706
-0.58672,-4.34406,2.76793,0.407138
-0.617912,-4.30461,2.76359,0.546584
-0.648467,-4.26595,2.75939,0.687105
-0.678417,-4.22734,2.75514,0.828993
-0.70872,-4.1876,2.75084,0.972108
-0.739727,-4.14778,2.74657,1.11585
-0.770796,-4.10867,2.74237,1.25996
-0.868756,-3.98736,2.72963,1.74673
-0.869403,-3.98663,2.72953,1.75137
-0.870033,-3.98592,2.72944,1.75599
-0.874504,-3.9808,2.72869,1.79193
-0.883254,-3.96935,2.72685,1.89738
-0.885065,-3.96099,2.72425,1.97691
-0.875152,-3.95629,2.71899,2.02732
-0.851601,-3.95717,2.71088,2.04581
-0.817498,-3.9626,2.70052,2.03362
-0.778955,-3.97035,2.68901,1.99605
-0.732966,-3.97974,2.67521,1.93084
-0.686816,-3.98936,2.66128,1.84936
-0.639808,-3.99896,2.6472,1.75385
-0.593273,-4.00861,2.6331,1.64822
-0.547167,-4.01808,2.61898,1.53509
-0.500396,-4.02752,2.60462,1.41586
-0.454571,-4.03701,2.59093,1.29766
-0.40524,-4.04785,2.57626,1.167
-0.35882,-4.05815,2.56239,1.03977
-0.312293,-4.06803,2.5485,0.911303
-0.26527,-4.0779,2.5346,0.78221
-0.218303,-4.08803,2.5207,0.652608
-0.171336,-4.09823,2.50696,0.523047
-0.0106658,-4.13525,2.46092,0.0392537
-0.00987078,-4.13546,2.46066,0.0353204
-0.00909561,-4.13566,2.4604,0.0314132
-0.00834,-4.13586,2.46015,0.0275321
0.0040618,-4.13871,2.45556,-0.0516035
0.0126178,-4.13928,2.45324,-0.125654
0.0150118,-4.13439,2.45568,-0.173748
0.00472795,-4.12064,2.46267,-0.19156
-0.0169653,-4.09987,2.47323,-0.179418
-0.0430843,-4.07707,2.48526,-0.144161
-0.0774121,-4.04743,2.50137,-0.0770863
-0.111403,-4.01747,2.51743,0.00535943
-0.146609,-3.98655,2.53393,0.102789
-0.18212,-3.95528,2.55065,0.21163
-0.217557,-3.92407,2.56733,0.328627
-0.252769,-3.89298,2.5838,0.451695
-0.28653,-3.86327,2.59932,0.57355
-0.322826,-3.83162,2.61598,0.708384
-0.357782,-3.80092,2.63225,0.840384
-0.393293,-3.76976,2.64864,0.974177
-0.429382,-3.73843,2.66487,1.10885
-0.465405,-3.70752,2.68119,1.24445
-0.501334,-3.67633,2.69759,1.38055
-0.537035,-3.64532,2.71385,1.51651
-0.661751,-3.53695,2.76439,2.32357
-0.661752,-3.53695,2.76439,2.32352
-0.661752,-3.53695,2.76439,2.32346
-0.661752,-3.53695,2.76438,2.32341
-0.661753,-3.53695,2.76438,2.32336
-0.661753,-3.53695,2.76437,2.3233
-0.661753,-3.53695,2.76437,2.32325
-0.661754,-3.53695,2.76436,2.32319
-0.661754,-3.53695,2.76436,2.32313
-0.661754,-3.53695,2.76436,2.32307
-0.6618,-3.5369,2.76472,2.3226
-0.661814,-3.53689,2.76478,2.32262
-0.661831,-3.53688,2.76483,2.32265
-0.66185,-3.53686,2.76489,2.32268
-0.661873,-3.53683,2.76495,2.32272
-0.661899,-3.5368,2.76501,2.32276
-0.662308,-3.53621,2.76567,2.32324
-0.664489,-3.52818,2.76822,2.32362
-0.665122,-3.5068,2.77127,2.31943
-0.662037,-3.47313,2.7744,2.30873
-0.65536,-3.43141,2.77749,2.29106
-0.64652,-3.38584,2.78058,2.26652
-0.636865,-3.33832,2.78369,2.23581
-0.627065,-3.29033,2.78671,2.2
-0.617257,-3.2421,2.78962,2.16011
-0.607516,-3.194,2.79247,2.11692
-0.597689,-3.14565,2.79527,2.07139
-0.587748,-3.09738,2.79814,2.02398
-0.57774,-3.04865,2.80104,1.97528
-0.567542,-2.99948,2.80394,1.92561
-0.557331,-2.95037,2.80678,1.8754
-0.547097,-2.90136,2.8096,1.82492
-0.536954,-2.85262,2.81243,1.77433
-0.526818,-2.80373,2.81533,1.72354
-0.516631,-2.75449,2.81821,1.67289
-0.476727,-2.56668,2.827,1.38605
-0.476727,-2.56668,2.827,1.38605
-0.476727,-2.56668,2.827,1.38605
-0.476727,-2.56668,2.827,1.38605
-0.476727,-2.56668,2.827,1.38605
-0.476727,-2.56668,2.827,1.38605
-0.476727,-2.56668,2.827,1.38605
-0.476727,-2.56668,2.827,1.38605
-0.476727,-2.56668,2.827,1.38605
-0.476727,-2.56668,2.827,1.38605
-0.476429,-2.56494,2.82706,1.38905
-0.476408,-2.56479,2.82701,1.38943
-0.476386,-2.56462,2.82695,1.38983
-0.476365,-2.56445,2.82688,1.39026
-0.476344,-2.56427,2.82681,1.39072
-0.476324,-2.56409,2.82673,1.3912
-0.476304,-2.5639,2.82664,1.39172
-0.476285,-2.56371,2.82655,1.39227
-0.476268,-2.56351,2.82645,1.39284
-0.476252,-2.56331,2.82634,1.39346
-0.476237,-2.56311,2.82622,1.3941
-0.476225,-2.5629,2.8261,1.39478
-0.476214,-2.56269,2.82597,1.39549
-0.476205,-2.56248,2.82583,1.39624
-0.476198,-2.56227,2.82569,1.39701
-0.476194,-2.56205,2.82554,1.39783
-0.476193,-2.56184,2.82538,1.39868
-0.476194,-2.56162,2.82522,1.39957
-0.476198,-2.56141,2.82504,1.40051
-0.476205,-2.56119,2.82485,1.40147
-0.476215,-2.56098,2.82466,1.40248
-0.476228,-2.56076,2.82446,1.40352
-0.476244,-2.56055,2.82424,1.4046
-0.47721,-2.55709,2.81856,1.43286
-0.480053,-2.55515,2.80671,1.49243
-0.483723,-2.55607,2.79109,1.57596
-0.487663,-2.55855,2.77283,1.68073
-0.49159,-2.56126,2.75448,1.7929
-0.496808,-2.56463,2.73183,1.94029
-0.502061,-2.568,2.71029,2.08852
-0.507327,-2.57157,2.68894,2.2447
-0.512396,-2.57512,2.66765,2.40724
-0.517507,-2.57853,2.64623,2.57511
-0.522758,-2.58195,2.62504,2.74668
-0.527759,-2.58535,2.60494,2.914
-0.533041,-2.58906,2.58325,3.09773
-0.551031,-2.60227,2.51132,-2.3696
-0.551071,-2.60229,2.51111,-2.36432
-0.55111,-2.60231,2.51091,-2.35907
-0.551148,-2.60232,2.51072,-2.35386
-0.551186,-2.60234,2.51053,-2.34868
-0.551889,-2.60249,2.50716,-2.23773
-0.552474,-2.60342,2.5025,-2.13161
-0.551365,-2.61233,2.49344,-2.0396
-0.546807,-2.63359,2.47956,-1.96054
-0.538283,-2.66489,2.46155,-1.89291
-0.527143,-2.70247,2.44049,-1.83492
-0.515037,-2.74268,2.41794,-1.78499
-0.502998,-2.78315,2.39457,-1.74139
-0.491165,-2.82414,2.37065,-1.70248
-0.480316,-2.8624,2.3485,-1.66976
-0.467412,-2.90784,2.32229,-1.63386
-0.455374,-2.95013,2.29818,-1.60233
-0.443369,-2.99197,2.27439,-1.5719
-0.431385,-3.03372,2.25037,-1.54187
-0.419199,-3.07646,2.22624,-1.51197
-0.375769,-3.22679,2.1442,-1.39376
-0.375621,-3.22731,2.14386,-1.39299
-0.375476,-3.22783,2.14354,-1.39222
-0.375336,-3.22833,2.14321,-1.39146
-0.374053,-3.23304,2.14011,-1.38353
-0.372247,-3.23991,2.13512,-1.36679
-0.369203,-3.24226,2.13308,-1.34456
-0.362968,-3.23201,2.13367,-1.31085
-0.354524,-3.20676,2.13646,-1.26216
-0.344887,-3.16984,2.14079,-1.19814
-0.334817,-3.12705,2.14621,-1.12023
-0.32361,-3.08173,2.15214,-1.02987
-0.311407,-3.03477,2.15813,-0.929635
-0.299142,-2.98763,2.16408,-0.821557
-0.286619,-2.94034,2.17006,-0.707069
-0.274121,-2.8927,2.17607,-0.587546
-0.262537,-2.84821,2.18163,-0.473969
-0.24932,-2.79584,2.18807,-0.337731
-0.237142,-2.74744,2.19407,-0.209307
-0.224995,-2.69936,2.20007,-0.0797384
-0.212906,-2.65167,2.20607,0.0507623
-0.200719,-2.60401,2.21201,0.18181
-0.188512,-2.55611,2.21788,0.313597
-0.176178,-2.50765,2.22373,0.445742
-0.128563,-2.31835,2.24323,1.27091
-0.128563,-2.31834,2.24323,1.27133
-0.128563,-2.31833,2.24323,1.27174
-0.128563,-2.31832,2.24322,1.27215
-0.128563,-2.31831,2.24322,1.27254
-0.128562,-2.3183,2.24322,1.27293
-0.128562,-2.31829,2.24321,1.27331
-0.128562,-2.31828,2.24321,1.27368
-0.128562,-2.31827,2.24321,1.27404
-0.128562,-2.31827,2.24321,1.27439
-0.12856,-2.31818,2.24322,1.27786
-0.12856,-2.31817,2.24323,1.27816
-0.128356,-2.31701,2.24243,1.28979
-0.129295,-2.31428,2.2337,1.31677
-0.134318,-2.31573,2.21402,1.36614
-0.142842,-2.3239,2.18467,1.43905
-0.152754,-2.33682,2.14884,1.53251
-0.163467,-2.35154,2.10799,1.64471
-0.17536,-2.36695,2.06391,1.77232
-0.188258,-2.38296,2.01823,1.91216
-0.200538,-2.39818,1.97522,2.0497
-0.215,-2.41641,1.92491,2.21911
-0.228002,-2.43311,1.87839,2.382
-0.241216,-2.44963,1.83199,2.54945
-0.254665,-2.4663,1.7859,2.72034
-0.267832,-2.4831,1.74053,2.89357
-0.28067,-2.49976,1.69529,3.06891
-0.293681,-2.51629,1.64976,-3.037
-0.33604,-2.57179,1.50384,-2.1494
-0.336107,-2.57182,1.50367,-2.14534
-0.336173,-2.57184,1.50351,-2.14132
-0.336238,-2.57187,1.50335,-2.13733
-0.336301,-2.57189,1.5032,-2.13338
-0.336363,-2.57192,1.50305,-2.12946
-0.337475,-2.57241,1.50084,-2.04503
-0.33922,-2.57383,1.50225,-1.97632
-0.346938,-2.58143,1.50912,-1.9265
-0.363517,-2.59842,1.52131,-1.89384
-0.387365,-2.62253,1.53766,-1.87578
-0.41539,-2.65047,1.55675,-1.86955
-0.445394,-2.68015,1.57762,-1.87268
-0.476456,-2.71104,1.59939,-1.88283
-0.506458,-2.74093,1.6204,-1.89727
-0.538737,-2.77306,1.64337,-1.91661
-0.570468,-2.80477,1.66574,-1.93769
-0.602631,-2.8369,1.6879,-1.96014
-0.634676,-2.8687,1.71009,-1.98336
-0.666722,-2.90058,1.73206,-2.00684
-0.698416,-2.93205,1.75383,-2.03026
-0.729979,-2.96343,1.77549,-2.05346
-0.760358,-2.99361,1.79649,-2.07554
-0.793542,-3.02661,1.81913,-2.0991
-0.825279,-3.05807,1.84087,-2.12147
-0.857236,-3.0898,1.86281,-2.14367
-0.954337,-3.18543,1.92591,-2.22239
-0.954601,-3.18569,1.92612,-2.22288
-0.954857,-3.18593,1.92631,-2.22336
-0.955106,-3.18618,1.92651,-2.22384
-0.957896,-3.18891,1.92873,-2.23005
-0.96107,-3.19227,1.93154,-2.23881
-0.962025,-3.19942,1.92981,-2.24086
-0.95468,-3.21321,1.92049,-2.2326
-0.936604,-3.2324,1.90424,-2.21323
-0.910837,-3.25431,1.88278,-2.18315
-0.881067,-3.27748,1.85776,-2.14344
-0.849335,-3.30168,1.83055,-2.09548
-0.817278,-3.32607,1.8024,-2.04108
-0.785119,-3.35061,1.77396,-1.9817
-0.752783,-3.3753,1.74526,-1.91827
-0.720062,-3.40024,1.71642,-1.85183
-0.687049,-3.4252,1.6879,-1.78358
-0.65433,-3.44975,1.6595,-1.71398
-0.621541,-3.47448,1.63099,-1.64332
-0.589535,-3.49867,1.60349,-1.57475
-0.554852,-3.52477,1.5738,-1.50018
-0.521608,-3.54966,1.54551,-1.42852
-0.488886,-3.57415,1.51756,-1.35721
-0.456581,-3.59843,1.48974,-1.28616
-0.3877,-3.65051,1.4324,-1.13773
-0.386495,-3.65141,1.43148,-1.13511
-0.364386,-3.66748,1.41459,-1.08284
-0.347169,-3.67956,1.40023,-1.02708
-0.33837,-3.68374,1.39215,-0.962766
-0.34316,-3.67349,1.39139,-0.890789
-0.360727,-3.65079,1.39581,-0.806924
-0.386127,-3.62153,1.40385,-0.71165
-0.414239,-3.589,1.41429,-0.605744
-0.442883,-3.55412,1.42607,-0.490436
-0.470766,-3.51879,1.4379,-0.372178
-0.501762,-3.47946,1.45083,-0.237137
-0.5321,-3.44164,1.46318,-0.101967
-0.562466,-3.40397,1.47546,0.037332
-0.592834,-3.36624,1.48771,0.180213
-0.623531,-3.32808,1.49988,0.325858
-0.654571,-3.29002,1.51191,0.473266
-0.68529,-3.2528,1.52393,0.621982
-0.713132,-3.21854,1.535,0.759815
-0.745933,-3.17769,1.54799,0.922875
-0.776787,-3.13963,1.55997,1.07466
-0.807912,-3.10176,1.57198,1.22702
-0.904291,-2.98886,1.60633,1.75371
-0.904775,-2.98832,1.6065,1.75838
-0.905244,-2.98779,1.60666,1.76301
-0.905698,-2.98727,1.60682,1.76762
-0.913829,-2.97648,1.61065,1.88951
-0.916822,-2.96882,1.61764,1.97589
-0.914222,-2.96044,1.63326,2.04034
-0.903696,-2.95295,1.65715,2.08188
-0.886672,-2.94653,1.688,2.10149
-0.864994,-2.94079,1.72455,2.10119
-0.840673,-2.93542,1.76487,2.08406
-0.81493,-2.9301,1.80718,2.05344
-0.788925,-2.92489,1.85005,2.01258
-0.763041,-2.91973,1.893,1.96412
-0.737123,-2.91458,1.93591,1.91018
-0.710954,-2.90945,1.97901,1.85226
-0.684738,-2.90443,2.02148,1.79209
-0.659723,-2.89969,2.06191,1.73304
-0.632781,-2.89457,2.10549,1.66837
-0.606906,-2.88964,2.14773,1.60573
-0.580465,-2.88456,2.19033,1.54281
-0.55401,-2.87957,2.23293,1.48
-0.527587,-2.87461,2.27525,1.41753
-0.501611,-2.86973,2.31724,1.35553
-0.445494,-2.85919,2.40271,1.21854
-0.444794,-2.85907,2.40373,1.21651
-0.435731,-2.8576,2.41723,1.18762
-0.42552,-2.8561,2.43483,1.14382
-0.415645,-2.85948,2.44611,1.09876
-0.403101,-2.87577,2.45058,1.04784
-0.388376,-2.90526,2.44929,0.988503
-0.372271,-2.94368,2.44392,0.920053
-0.355229,-2.98645,2.43613,0.843347
-0.33777,-3.03018,2.42711,0.759735
-0.31969,-3.0741,2.41735,0.669433
-0.301032,-3.11909,2.40733,0.573825
-0.282595,-3.1647,2.39726,0.473899
-0.264411,-3.21041,2.38732,0.370841
-0.24724,-3.25389,2.37801,0.270089
-0.22888,-3.30029,2.36809,0.159102
-0.210777,-3.3453,2.35857,0.0508818
-0.192563,-3.39095,2.34899,-0.0584164
-0.174485,-3.43691,2.3394,-0.168666
-0.156313,-3.48314,2.32989,-0.279525
-0.138339,-3.52901,2.32052,-0.390374
-0.120517,-3.57439,2.31103,-0.501592
-0.0630294,-3.72559,2.28049,-0.912176
-0.0628028,-3.7262,2.28033,-0.915269
-0.0625809,-3.7268,2.28017,-0.918339
-0.0623636,-3.72738,2.28002,-0.921386
-0.058841,-3.73597,2.27746,-0.977675
-0.0553768,-3.74226,2.27608,-1.03468
-0.0520535,-3.74169,2.27731,-1.06849
-0.050797,-3.72769,2.28048,-1.07498
-0.0524588,-3.69577,2.28647,-1.05134
-0.0560524,-3.65567,2.29342,-1.0016
-0.0605869,-3.61054,2.30112,-0.930023
-0.0647104,-3.56411,2.30913,-0.84058
-0.0680024,-3.51675,2.31737,-0.737209
-0.0710914,-3.46853,2.32573,-0.623196
-0.0743965,-3.41965,2.33398,-0.501023
-0.0781523,-3.3708,2.34209,-0.373015
-0.0819659,-3.3221,2.35013,-0.24077
-0.0857129,-3.27333,2.35824,-0.105356
-0.0894397,-3.22417,2.36652,0.03277
-0.0932872,-3.17428,2.37485,0.172825
-0.097445,-3.12424,2.38311,0.313926
-0.101727,-3.07505,2.39136,0.455573
-0.105689,-3.02656,2.39955,0.597283
-0.109342,-2.97815,2.40771,0.739391
-0.12467,-2.82316,2.43166,1.26314
-0.124721,-2.82259,2.43174,1.26713
-0.124767,-2.82203,2.43182,1.27109
-0.12481,-2.82148,2.4319,1.27503
-0.12497,-2.81333,2.43317,1.34805
-0.124189,-2.80555,2.43532,1.42673
-0.123561,-2.7894,2.43948,1.49133
-0.123984,-2.76047,2.4461,1.54216
-0.125318,-2.72241,2.45483,1.58041
-0.126949,-2.67964,2.46526,1.60783
-0.128486,-2.63424,2.47702,1.62632
-0.129863,-2.58663,2.48951,1.63775
-0.131075,-2.5384,2.50245,1.64382
-0.132189,-2.49173,2.51493,1.64595
-0.133349,-2.44185,2.52835,1.64542
-0.134462,-2.39416,2.54123,1.64306
-0.135589,-2.34594,2.55397,1.63959
-0.136698,-2.2978,2.56665,1.63551
-0.137801,-2.24968,2.57935,1.63118
-0.138911,-2.20122,2.59212,1.62681
-0.140026,-2.15251,2.60489,1.62255
-0.141135,-2.10396,2.61761,1.61848
-0.142237,-2.05554,2.63027,1.61461
-0.143327,-2.00769,2.64283,1.61097
-0.14617,-1.8817,2.67419,1.60192
-0.146196,-1.88052,2.67448,1.60182
-0.14622,-1.87936,2.67476,1.60172
-0.146671,-1.85676,2.68064,1.59937
-0.147594,-1.84343,2.68336,1.59847
-0.15476,-1.82322,2.68112,1.6011
-0.169776,-1.79702,2.67375,1.60802
-0.191245,-1.76641,2.66236,1.61924
-0.216831,-1.73342,2.64795,1.6347
-0.244698,-1.69888,2.63149,1.65399
-0.273929,-1.66315,2.61385,1.67653
-0.302251,-1.6286,2.59644,1.70059
-0.333016,-1.59108,2.57729,1.72881
-0.362855,-1.55464,2.55888,1.7575
-0.392709,-1.51826,2.54059,1.78723
-0.422255,-1.48234,2.52263,1.81753
-0.45176,-1.4466,2.50464,1.84835
-0.481554,-1.41034,2.4867,1.87943
-0.511292,-1.37429,2.46884,1.91061
-0.540974,-1.33831,2.45113,1.94177
-0.569361,-1.3039,2.43413,1.97165
-0.599953,-1.26675,2.41573,2.0039
-0.629344,-1.23108,2.39806,2.0348
-0.729359,-1.10885,2.34024,2.19517
-0.729359,-1.10885,2.34024,2.19516
-0.72936,-1.10885,2.34024,2.19515
-0.72936,-1.10885,2.34024,2.19514
-0.72936,-1.10885,2.34024,2.19514
-0.72936,-1.10885,2.34024,2.19513
-0.72936,-1.10885,2.34024,2.19512
-0.72936,-1.10885,2.34024,2.19511
-0.72936,-1.10885,2.34024,2.1951
-0.72936,-1.10885,2.34024,2.1951
-0.729455,-1.10874,2.34,2.19543
-0.729476,-1.10871,2.33997,2.19553
-0.729501,-1.10869,2.33994,2.19564
-0.729528,-1.10866,2.33991,2.19577
-0.729558,-1.10863,2.33988,2.19592
-0.729592,-1.10859,2.33985,2.19608
-0.729628,-1.10856,2.33981,2.19626
-0.729667,-1.10852,2.33976,2.19647
-0.729708,-1.10848,2.33972,2.19668
-0.729752,-1.10844,2.33966,2.19692
-0.729798,-1.1084,2.33961,2.19718
-0.729846,-1.10836,2.33955,2.19746
-0.729895,-1.10833,2.33949,2.19776
-0.730225,-1.11064,2.3366,2.21353
-0.724345,-1.12526,2.33108,2.24767
-0.710311,-1.15202,2.32337,2.30157
-0.690606,-1.18584,2.31423,2.37335
-0.669866,-1.22118,2.30459,2.45745
-0.647061,-1.26237,2.29347,2.56304
-0.62459,-1.30412,2.28228,2.67625
-0.601504,-1.347,2.27098,2.79836
-0.5782,-1.38962,2.2598,2.92702
-0.555228,-1.43213,2.24872,3.061
-0.532232,-1.47501,2.23747,-3.08392
-0.508808,-1.51824,2.22625,-2.94267
-0.485137,-1.56117,2.21518,-2.79931
-0.461724,-1.60351,2.20415,-2.65424
-0.438487,-1.64641,2.1931,-2.5079
-0.41502,-1.68949,2.18203,-2.3605
-0.391285,-1.73275,2.17101,-2.21222
-0.367419,-1.77604,2.15994,-2.0633
-0.308409,-1.88081,2.1342,-1.68717
-0.307665,-1.88202,2.13391,-1.68187
-0.301472,-1.89196,2.13142,-1.63525
-0.289495,-1.91147,2.12588,-1.51521
-0.282844,-1.92826,2.1221,-1.41046
-0.277221,-1.95347,2.12024,-1.32406
-0.270261,-1.98864,2.12009,-1.25675
-0.262237,-2.03094,2.1213,-1.2076
-0.254013,-2.07724,2.12343,-1.17471
-0.246334,-2.12317,2.12598,-1.15605
-0.238363,-2.17363,2.12906,-1.14749
-0.230765,-2.22271,2.13215,-1.1481
-0.223366,-2.27142,2.1352,-1.15515
-0.216004,-2.32019,2.13818,-1.16687
-0.208578,-2.36932,2.14115,-1.18182
-0.201087,-2.41903,2.14413,-1.19885
-0.19368,-2.46858,2.14705,-1.21713
-0.186243,-2.51829,2.14993,-1.23603
-0.178851,-2.56784,2.15282,-1.25513
-0.171542,-2.61681,2.15574,-1.27419
-0.164125,-2.66636,2.15869,-1.2931
-0.156651,-2.71627,2.16161,-1.31175
-0.137128,-2.84767,2.16899,-1.36027
-0.1369,-2.84924,2.16907,-1.36089
-0.136676,-2.85078,2.16914,-1.36151
-0.131944,-2.8837,2.17083,-1.37693
-0.129673,-2.90607,2.17092,-1.39113
-0.133185,-2.93035,2.16772,-1.40534
-0.143739,-2.9618,2.16119,-1.42166
-0.160329,-2.99885,2.15195,-1.44044
-0.180728,-3.03925,2.14068,-1.46179
-0.20289,-3.0812,2.12822,-1.48547
-0.225553,-3.12348,2.11515,-1.51114
-0.248229,-3.16573,2.10192,-1.53837
-0.270595,-3.20737,2.08879,-1.56671
-0.292888,-3.24875,2.07562,-1.59608
-0.315449,-3.29077,2.06246,-1.62616
-0.338334,-3.33309,2.04923,-1.65687
-0.361525,-3.37591,2.03603,-1.68799
-0.384772,-3.4187,2.02277,-1.71942
-0.408017,-3.46156,2.00957,-1.751
-0.431029,-3.50395,1.9965,-1.78253
-0.453871,-3.54605,1.98342,-1.81411
-0.476859,-3.58853,1.97042,-1.84567
-0.499845,-3.63091,1.95738,-1.87722
-0.539729,-3.70429,1.93587,-1.93182
-0.5405,-3.70569,1.93547,-1.93294
-0.557872,-3.73713,1.92616,-1.96198
-0.567276,-3.75747,1.92186,-1.98338
-0.56906,-3.78072,1.92346,-1.99561
-0.56323,-3.8107,1.93059,-1.99827
-0.550939,-3.84665,1.94207,-1.9914
-0.534655,-3.88584,1.9566,-1.97584
-0.516213,-3.927,1.97321,-1.95263
-0.497057,-3.9689,1.99073,-1.92335
-0.479285,-4.00739,2.0071,-1.89222
-0.458569,-4.05229,2.02656,-1.85161
-0.439043,-4.09472,2.04471,-1.81103
-0.419341,-4.13733,2.06274,-1.76855
-0.399574,-4.17967,2.08052,-1.72493
-0.379942,-4.2216,2.09833,-1.68046
-0.360279,-4.26387,2.11611,-1.63553
-0.340421,-4.30647,2.13401,-1.59018
-0.320405,-4.3494,2.15169,-1.54491
-0.300646,-4.39148,2.16926,-1.4998
-0.28098,-4.43357,2.18705,-1.45462
-0.261029,-4.47646,2.20494,-1.40945
-0.226233,-4.55047,2.23415,-1.33136
-0.225557,-4.55188,2.23468,-1.32976
-0.209872,-4.58436,2.2473,-1.28675
-0.200951,-4.60306,2.25086,-1.25526
-0.192642,-4.61989,2.24212,-1.2301
-0.18342,-4.6365,2.22108,-1.21148
-0.173215,-4.6531,2.18985,-1.19905
-0.162379,-4.66968,2.15118,-1.19209
-0.151199,-4.6863,2.1083,-1.18967
-0.140068,-4.70269,2.06319,-1.19088
-0.129441,-4.71828,2.01865,-1.19472
-0.117897,-4.73524,1.96988,-1.20106
-0.10666,-4.75172,1.92254,-1.20872
-0.095382,-4.76828,1.87569,-1.21737
-0.0842258,-4.78462,1.82919,-1.22664
-0.0730186,-4.80102,1.78245,-1.23632
-0.0617098,-4.81759,1.73596,-1.24617
-0.0504573,-4.83407,1.68971,-1.25606
-0.0392818,-4.85043,1.64373,-1.2659
-0.0282307,-4.86662,1.59838,-1.2756
-0.0172666,-4.88265,1.55305,-1.28519
-0.00619608,-4.89884,1.50736,-1.2947
0.0257105,-4.94573,1.38298,-1.32494
0.0258537,-4.94594,1.38235,-1.32518
0.0259931,-4.94614,1.38174,-1.32541
0.0261287,-4.94633,1.38113,-1.32565
0.0287939,-4.95014,1.36788,-1.33125
0.0306201,-4.95048,1.36185,-1.32844
0.0326454,-4.94057,1.36205,-1.30948
0.0335748,-4.91604,1.36776,-1.27103
0.0329006,-4.88056,1.37782,-1.21276
0.0313407,-4.83921,1.39067,-1.13615
0.0300122,-4.79473,1.4051,-1.04411
0.0291744,-4.74895,1.42027,-0.939626
0.0286805,-4.70282,1.4359,-0.824843
0.0285525,-4.65554,1.45183,-0.701722
0.0279908,-4.60745,1.46776,-0.572223
0.0269393,-4.55963,1.48334,-0.438543
0.0258495,-4.51298,1.49863,-0.302003
0.0253281,-4.46654,1.51403,-0.162553
0.0250046,-4.41896,1.5295,-0.0210186
0.0240763,-4.37297,1.54424,0.115922
0.0226501,-4.32394,1.56014,0.265024
0.0216183,-4.27736,1.57559,0.409329
0.0211658,-4.22969,1.59116,0.554583
0.020376,-4.18156,1.60677,0.700317
0.0152581,-4.06444,1.64228,1.09276
0.0151863,-4.06349,1.64257,1.09748
0.0151172,-4.06255,1.64285,1.10217
0.0143615,-4.04595,1.64829,1.20682
0.0148335,-4.03519,1.65624,1.31285
0.0117732,-4.03143,1.67022,1.40794
0.00257538,-4.0391,1.69128,1.50457
-0.0104168,-4.05729,1.7181,1.60475
-0.0249828,-4.08135,1.74921,1.70949
-0.0408885,-4.10791,1.78329,1.81933
-0.0574133,-4.13461,1.81777,1.9296
-0.0758881,-4.16429,1.85575,2.05349
-0.0939541,-4.19323,1.89263,2.17659
-0.111874,-4.22227,1.9294,2.30266
-0.129867,-4.25143,1.96632,2.43164
-0.147838,-4.28074,2.00295,2.56255
-0.165684,-4.31011,2.03938,2.69504
-0.183445,-4.33939,2.07592,2.82895
-0.201263,-4.36868,2.11227,2.96367
-0.219048,-4.39799,2.14845,3.09906
-0.236596,-4.42702,2.18423,-3.04855
-0.25404,-4.45584,2.22001,-2.91272
-0.271631,-4.48469,2.25585,-2.77666
-0.308433,-4.54645,2.32751,-2.48566
-0.308946,-4.54739,2.32851,-2.48078
-0.316949,-4.56238,2.34489,-2.39228
-0.323403,-4.57369,2.36097,-2.29708
-0.328069,-4.57504,2.37565,-2.21429
-0.327593,-4.55899,2.38526,-2.17308
-0.322597,-4.52812,2.39196,-2.16799
-0.314443,-4.4881,2.39684,-2.19627
-0.305053,-4.44409,2.40059,-2.25278
-0.295829,-4.39842,2.4038,-2.33253
-0.287288,-4.35292,2.40676,-2.42675
-0.277526,-4.30226,2.40985,-2.54347
-0.267559,-4.25381,2.41276,-2.66579
-0.25778,-4.20625,2.41579,-2.79554
-0.248385,-4.15814,2.41907,-2.93109
-0.238584,-4.10919,2.42234,-3.07097
-0.228203,-4.05981,2.42561,3.06946
-0.217624,-4.01073,2.42891,2.92474
-0.207293,-3.96232,2.43226,2.77893
-0.197323,-3.91416,2.43565,2.63189
-0.187521,-3.86499,2.43907,2.48394
-0.17723,-3.81582,2.44248,2.33565
-0.1419,-3.66444,2.45233,1.80627
-0.141736,-3.66377,2.45236,1.80186
-0.141578,-3.66312,2.45239,1.79749
-0.141427,-3.66248,2.45242,1.79314
-0.139412,-3.65121,2.45305,1.69343
-0.140131,-3.64409,2.4566,1.6128
-0.147102,-3.64112,2.46579,1.55932
-0.162714,-3.64673,2.48111,1.53713
-0.186279,-3.66073,2.50165,1.54625
-0.214559,-3.68038,2.52571,1.58318
-0.242925,-3.70073,2.54978,1.63777
-0.277474,-3.72538,2.57954,1.72229
-0.31036,-3.7484,2.60767,1.81573
-0.343788,-3.77171,2.6361,1.92042
-0.377458,-3.79544,2.66426,2.03311
-0.410863,-3.81929,2.69227,2.15161
-0.444167,-3.84307,2.72044,2.27458
-0.475477,-3.86523,2.74647,2.39064
-0.512045,-3.89151,2.77679,2.52891
-0.54536,-3.91566,2.80477,2.65823
-0.578748,-3.9396,2.83271,2.78824
-0.612131,-3.96344,2.86074,2.9188
-0.627108,-3.96996,2.86918,3.04242
-0.620796,-3.97554,2.86795,-3.13053
-0.623384,-3.9915,2.86773,-2.79619
-0.623447,-3.9916,2.86775,-2.79275
-0.623465,-3.99168,2.86773,-2.78937
-0.623548,-3.99269,2.86805,-2.76382
-0.629741,-3.99705,2.86884,-2.72257
-0.627683,-3.99592,2.86987,-2.73446
-0.626259,-3.99693,2.8694,-2.76822
-0.621258,-3.99921,2.86907,-2.83637
-0.616351,-4.00277,2.86785,-2.92616
-0.610411,-4.00612,2.86715,-3.02784
-0.603404,-4.0014,2.8658,-3.13876
-0.580789,-3.97199,2.86504,3.02836
-0.531511,-3.92486,2.86061,2.91204
-0.473495,-3.88159,2.84808,2.79518
-0.425698,-3.84721,2.8274,2.67972
-0.392123,-3.81922,2.8013,2.5709
-0.363129,-3.79214,2.76851,2.45561
-0.337207,-3.76909,2.73384,2.34692
-0.311015,-3.7482,2.69728,2.24016
-0.28417,-3.72832,2.65933,2.13475
-0.257059,-3.7088,2.62119,2.0309
-0.230254,-3.68959,2.58312,1.92831
-0.158765,-3.63856,2.48717,1.63132
-0.158301,-3.63824,2.48651,1.62838
-0.15785,-3.63794,2.48586,1.62547
-0.151804,-3.63367,2.47847,1.5801
-0.15379,-3.63261,2.52589,1.55546
-0.176874,-3.6494,2.60721,1.57877
-0.201208,-3.68702,2.68157,1.63746
-0.217774,-3.73232,2.73349,1.72145
-0.227647,-3.77438,2.7606,1.81785
-0.236466,-3.81704,2.76902,1.93361
-0.244813,-3.85841,2.76227,2.05196
-0.252258,-3.90167,2.74612,2.17463
-0.258486,-3.94631,2.72475,2.29941
-0.263976,-3.99094,2.70086,2.42509
-0.269381,-4.03506,2.67641,2.55034
-0.274608,-4.07665,2.6531,2.66995
-0.280613,-4.12195,2.6281,2.79894
-0.286409,-4.16639,2.60435,2.92223
-0.291754,-4.21079,2.5808,3.0449
-0.297191,-4.25543,2.55746,-3.1161
-0.302645,-4.30004,2.53447,-2.99465
-0.308061,-4.34437,2.51146,-2.87366
-0.313588,-4.38864,2.48861,-2.75334
-0.319022,-4.43271,2.46594,-2.63376
-0.333339,-4.5632,2.40174,-2.24313
-0.333399,-4.5639,2.40134,-2.23966
-0.33346,-4.56459,2.40096,-2.23622
-0.333816,-4.56833,2.39879,-2.21606
-0.335968,-4.57665,2.41949,-2.15571
-0.339045,-4.5544,2.48501,-2.1618
-0.328836,-4.50858,2.54741,-2.21033
-0.309522,-4.46615,2.58718,-2.28627
-0.29296,-4.43573,2.60048,-2.37897
-0.281394,-4.41195,2.59138,-2.48126
-0.270876,-4.39015,2.56571,-2.5882
-0.258634,-4.36932,2.52944,-2.6965
-0.244888,-4.34981,2.48717,-2.8041
-0.230812,-4.33148,2.44234,-2.90961
-0.216941,-4.31346,2.39637,-3.01266
-0.203036,-4.29522,2.34987,-3.11337
-0.188925,-4.27675,2.3039,3.07172
-0.174917,-4.25857,2.25887,2.97623
-0.161086,-4.24045,2.21399,2.8826
-0.147191,-4.22221,2.16916,2.7905
-0.133203,-4.20395,2.12464,2.69982
-0.119797,-4.18648,2.08179,2.61361
-0.105131,-4.16726,2.03507,2.52071
-0.09092,-4.14872,1.99008,2.43183
-0.0768042,-4.13037,1.94575,2.34377
-0.062988,-4.11242,1.90195,2.25644
-0.0492969,-4.09445,1.85763,2.16911
-0.0353652,-4.07605,1.81303,2.08177
0.0053003,-4.02419,1.69208,1.80947
0.00555271,-4.02388,1.6913,1.80694
0.00579891,-4.02357,1.69053,1.80442
0.00755357,-4.02141,1.68487,1.78498
0.00972771,-4.01766,1.70819,1.74126
-5.19251e-05,-4.02883,1.78611,1.75403
-0.0112088,-4.05901,1.86479,1.8029
-0.0166866,-4.09805,1.92157,1.87881
-0.0175019,-4.13585,1.95104,1.96973
-0.0170348,-4.17488,1.95864,2.08185
-0.0166344,-4.21229,1.94789,2.19886
-0.015546,-4.2507,1.92563,2.32168
-0.0134531,-4.28969,1.89683,2.44798
-0.0107321,-4.32839,1.86497,2.57607
-0.00805365,-4.36677,1.83174,2.70525
-0.00540213,-4.40507,1.79858,2.83434
-0.00278193,-4.44342,1.76562,2.96339
-8.48823e-05,-4.48202,1.73307,3.09228
0.00277059,-4.52073,1.70084,-3.06227
0.00565992,-4.55963,1.66892,-2.93415
0.00859461,-4.59828,1.63719,-2.80645
0.0114307,-4.63674,1.6058,-2.67937
0.0142247,-4.67503,1.57436,-2.55252
0.0167899,-4.71239,1.54374,-2.43047
0.0197189,-4.75348,1.51074,-2.29854
0.0228546,-4.79232,1.47951,-2.1724
0.0258274,-4.8304,1.44826,-2.04639
0.034483,-4.92835,1.373,-1.68963
0.0345538,-4.929,1.37245,-1.68586
0.0346215,-4.92963,1.3719,-1.68212
0.0353858,-4.93926,1.36566,-1.61419
0.0325958,-4.93888,1.4148,-1.58127
0.023632,-4.90874,1.51186,-1.59265
0.0158196,-4.86769,1.61299,-1.62415
0.00506354,-4.83289,1.70563,-1.65892
-0.00943104,-4.80674,1.78413,-1.68734
-0.0261517,-4.78643,1.84993,-1.70344
-0.0435708,-4.76871,1.90595,-1.70506
-0.0609248,-4.752,1.95577,-1.69195
-0.0783473,-4.73537,2.00187,-1.66533
-0.0957224,-4.71893,2.04577,-1.62725
-0.113042,-4.7027,2.08889,-1.57967
-0.172718,-4.64804,2.22971,-1.35133
-0.173003,-4.64779,2.2304,-1.3494
-0.17328,-4.64755,2.23108,-1.34749
-0.17355,-4.64731,2.23175,-1.34559
-0.177553,-4.64363,2.24569,-1.31259
-0.174623,-4.64424,2.27905,-1.3007
-0.165352,-4.65042,2.31274,-1.3149
-0.161978,-4.64727,2.33549,-1.3452
-0.16699,-4.62855,2.34471,-1.3843
-0.178362,-4.59821,2.34185,-1.42741
-0.193907,-4.56202,2.3304,-1.47116
-0.210349,-4.52716,2.31469,-1.51036
-0.231187,-4.48529,2.29253,-1.55392
-0.251265,-4.44583,2.27017,-1.59141
-0.27167,-4.4058,2.24719,-1.6261
-0.291951,-4.36576,2.22423,-1.65815
-0.312104,-4.32593,2.20161,-1.68786
-0.332382,-4.2859,2.17907,-1.71575
-0.352646,-4.24558,2.1569,-1.74206
-0.372028,-4.2072,2.13595,-1.76613
-0.392807,-4.16602,2.11348,-1.79123
-0.412812,-4.12646,2.09174,-1.8148
-0.433263,-4.08599,2.06987,-1.83801
-0.453718,-4.04532,2.04792,-1.86104
-0.474317,-4.00454,2.026,-1.88394
-0.49467,-3.96412,2.0043,-1.90672
-0.514145,-3.92567,1.98341,-1.92856
-0.570387,-3.8134,1.92549,-1.99806
-0.570742,-3.81272,1.92512,-1.9987
-0.571089,-3.81206,1.92474,-1.99934
-0.573589,-3.80734,1.92201,-2.00422
-0.576088,-3.8021,1.95627,-2.01517
-0.562381,-3.82343,2.02983,-2.00954
-0.539631,-3.83953,2.1009,-1.99721
-0.511719,-3.83448,2.16187,-1.97787
-0.487905,-3.81025,2.20125,-1.95535
-0.467761,-3.77461,2.22422,-1.9306
-0.449738,-3.7343,2.23511,-1.90467
-0.431935,-3.69168,2.23809,-1.87807
-0.413411,-3.64703,2.23636,-1.85121
-0.396121,-3.60522,2.23263,-1.82662
-0.375818,-3.55605,2.22726,-1.79809
-0.357191,-3.51067,2.22216,-1.77209
-0.338578,-3.46515,2.21725,-1.74634
-0.319603,-3.41852,2.21265,-1.72089
-0.300678,-3.37175,2.20836,-1.69569
-0.281772,-3.32505,2.20431,-1.67069
-0.263032,-3.27863,2.20047,-1.64599
-0.244465,-3.23286,2.19672,-1.62146
-0.225876,-3.18695,2.193,-1.59704
-0.207154,-3.14071,2.18936,-1.57273
-0.142662,-2.98014,2.17687,-1.48234
-0.142348,-2.9794,2.1768,-1.48166
-0.142041,-2.97867,2.17673,-1.481
-0.141742,-2.97797,2.17666,-1.48033
-0.137292,-2.96773,2.17891,-1.46921
-0.139553,-2.97269,2.22611,-1.46382
-0.153392,-3.00157,2.28894,-1.46748
-0.170518,-3.01777,2.34312,-1.47251
-0.184308,-3.0089,2.37991,-1.47684
-0.193481,-2.98074,2.39927,-1.47875
-0.199268,-2.94233,2.40493,-1.47751
-0.203371,-2.89978,2.40096,-1.47289
-0.206917,-2.85504,2.3907,-1.46499
-0.210423,-2.80837,2.37699,-1.45415
-0.214001,-2.76092,2.36182,-1.44094
-0.217519,-2.71387,2.34608,-1.42575
-0.220997,-2.66625,2.33042,-1.40906
-0.224455,-2.61881,2.3151,-1.3913
-0.22784,-2.57147,2.30009,-1.37272
-0.231233,-2.52407,2.28544,-1.35364
-0.234329,-2.48046,2.2721,-1.33576
-0.237999,-2.42889,2.25639,-1.31449
-0.241449,-2.38065,2.24197,-1.29469
-0.244878,-2.33309,2.22774,-1.27495
-0.248196,-2.28597,2.21349,-1.25519
-0.251587,-2.23848,2.19921,-1.23546
-0.254977,-2.19063,2.18483,-1.21572
-0.258457,-2.14266,2.17052,-1.19604
-0.271685,-1.95181,2.11485,-1.08079
-0.271685,-1.9518,2.11486,-1.08078
-0.271685,-1.9518,2.11486,-1.08078
-0.271684,-1.9518,2.11487,-1.08077
-0.271684,-1.95179,2.11487,-1.08077
-0.271684,-1.95179,2.11487,-1.08076
-0.271683,-1.95179,2.11488,-1.08076
-0.271683,-1.95179,2.11488,-1.08076
-0.271683,-1.95178,2.11489,-1.08075
-0.271682,-1.95178,2.11489,-1.08075
-0.271116,-1.95259,2.12994,-1.0862
-0.270842,-1.95302,2.13318,-1.08735
-0.270483,-1.95358,2.13674,-1.08859
-0.270022,-1.95432,2.14062,-1.08991
-0.207164,-2.10035,2.29648,-1.14299
-0.147429,-2.6191,2.41656,-1.46012
-0.318292,-3.28265,2.43976,-1.87513
-0.632775,-3.71185,2.46999,-2.10048
-0.82753,-3.8436,2.51839,-2.26926
-0.849321,-3.85317,2.58046,-2.42948
-0.80168,-3.85522,2.65317,-2.56367
-0.768702,-3.85829,2.71843,-2.69147
-0.763149,-3.84055,2.76311,-2.81839
-0.765003,-3.80089,2.78558,-2.94241
-0.762601,-3.75315,2.78948,-3.06544
-0.757369,-3.70736,2.78005,3.09499
-0.753051,-3.66505,2.76206,2.97236
-0.750127,-3.62375,2.73893,2.84957
-0.747088,-3.58161,2.71327,2.72656
-0.74295,-3.53915,2.68689,2.60368
-0.738049,-3.49705,2.66048,2.48062
-0.733143,-3.45482,2.6343,2.35739
-0.728301,-3.41212,2.60822,2.23364
-0.717084,-3.32022,2.55613,1.96484
-0.716887,-3.31888,2.55541,1.96041
-0.713645,-3.2983,2.54393,1.88429
-0.71077,-3.27904,2.53167,1.78839
-0.706789,-3.26064,2.52482,1.70416
-0.695878,-3.2347,2.52387,1.6312
-0.678731,-3.2045,2.52718,1.57345
-0.653066,-3.16535,2.53482,1.51586
-0.626379,-3.12682,2.54425,1.47065
-0.59875,-3.08716,2.55488,1.43173
-0.571256,-3.04753,2.56585,1.39785
-0.544302,-3.00861,2.57695,1.36774
-0.517184,-2.96931,2.5882,1.34016
-0.48938,-2.92896,2.59941,1.31433
-0.461241,-2.88835,2.61059,1.2896
-0.4331,-2.84784,2.62169,1.26557
-0.405245,-2.80777,2.63265,1.24192
-0.37736,-2.76765,2.64358,1.21836
-0.34948,-2.72749,2.65444,1.19483
-0.321836,-2.68773,2.66522,1.17129
-0.294407,-2.64827,2.67599,1.14765
-0.267906,-2.6101,2.68635,1.12479
-0.162147,-2.45926,2.72402,0.987328
-0.162143,-2.45926,2.72402,0.987305
-0.16214,-2.45926,2.72401,0.987283
-0.162137,-2.45925,2.72401,0.987262
-0.162133,-2.45925,2.724,0.987242
-0.16213,-2.45924,2.724,0.987222
-0.162127,-2.45924,2.724,0.987204
-0.162124,-2.45924,2.72399,0.987186
-0.162121,-2.45923,2.72399,0.987169
-0.162118,-2.45923,2.72398,0.987153
-0.162082,-2.45919,2.72402,0.986954
-0.162077,-2.45918,2.72404,0.98693
-0.162071,-2.45917,2.72406,0.9869
-0.16131,-2.45804,2.72414,0.981363
-0.162896,-2.46079,2.72054,0.961308
-0.172563,-2.475,2.71187,0.921845
-0.190684,-2.49883,2.69881,0.862423
-0.213902,-2.528,2.68243,0.784244
-0.239159,-2.56034,2.6636,0.689623
-0.265167,-2.59517,2.64317,0.581064
-0.291636,-2.63115,2.62203,0.461652
-0.318082,-2.66737,2.60053,0.333607
-0.344599,-2.70411,2.57875,0.198381
-0.371664,-2.74116,2.55723,0.0582491
-0.398762,-2.77745,2.53607,-0.0852827
-0.42528,-2.81309,2.51513,-0.231503
-0.451621,-2.84932,2.49393,-0.380393
-0.47864,-2.88629,2.47284,-0.530928
-0.506163,-2.92286,2.45184,-0.682719
-0.53242,-2.95766,2.43156,-0.82961
-0.560705,-2.99586,2.40968,-0.989456
-0.587783,-3.03225,2.3887,-1.14361
-0.666978,-3.13398,2.33244,-1.63372
-0.667474,-3.13456,2.33206,-1.63859
-0.667956,-3.13513,2.33169,-1.64343
-0.671328,-3.1392,2.32896,-1.68111
-0.678219,-3.14952,2.32056,-1.80741
-0.679179,-3.15838,2.31123,-1.88537
-0.673426,-3.1743,2.29388,-1.95114
-0.660071,-3.1937,2.27139,-1.986
-0.640348,-3.21599,2.24371,-1.99706
-0.616403,-3.23991,2.21251,-1.98729
-0.590723,-3.2643,2.1796,-1.96056
-0.564935,-3.28847,2.14579,-1.92042
-0.538848,-3.31312,2.11116,-1.8696
-0.512345,-3.33821,2.07616,-1.81088
-0.485524,-3.36333,2.04146,-1.7468
-0.459015,-3.38789,2.00726,-1.67932
-0.43267,-3.41233,1.9732,-1.60943
-0.406206,-3.43702,1.93895,-1.53793
-0.379413,-3.46196,1.90483,-1.46574
-0.352762,-3.48656,1.87078,-1.39332
-0.292924,-3.54155,1.79871,-1.22632
-0.2922,-3.54219,1.79786,-1.22392
-0.283957,-3.54943,1.788,-1.19402
-0.273632,-3.55876,1.77438,-1.14366
-0.267661,-3.56837,1.76894,-1.10382
-0.262449,-3.58737,1.77169,-1.07538
-0.256571,-3.6173,1.78123,-1.05786
-0.250216,-3.65498,1.79541,-1.04997
-0.243819,-3.69671,1.81269,-1.05028
-0.237282,-3.74076,1.83159,-1.0572
-0.23079,-3.78549,1.85132,-1.06927
-0.224204,-3.83072,1.8714,-1.08522
-0.217585,-3.87626,1.89151,-1.10399
-0.210945,-3.92218,1.91135,-1.12461
-0.204469,-3.96756,1.93089,-1.14639
-0.198024,-4.01284,1.9504,-1.16891
-0.191495,-4.05847,1.96988,-1.1918
-0.185011,-4.104,1.98919,-1.21477
-0.178561,-4.14957,2.00849,-1.23773
-0.172072,-4.19535,2.02786,-1.2606
-0.165595,-4.24118,2.0472,-1.28331
-0.159136,-4.28681,2.06658,-1.30585
-0.136524,-4.45,2.13266,-1.39633
-0.136464,-4.45046,2.13287,-1.39686
-0.136405,-4.45089,2.13307,-1.39738
-0.136347,-4.45132,2.13327,-1.3979
-0.136291,-4.45173,2.13346,-1.39841
-0.135181,-4.45977,2.13764,-1.41188
-0.135258,-4.46408,2.1369,-1.42871
-0.139075,-4.46255,2.12765,-1.45907
-0.147303,-4.45048,2.10958,-1.50648
-0.158222,-4.4296,2.08461,-1.57099
-0.170534,-4.40384,2.05467,-1.65153
-0.184257,-4.37561,2.0208,-1.74692
-0.199196,-4.34567,1.98505,-1.85422
-0.214523,-4.31507,1.94823,-1.97134
-0.230033,-4.28423,1.91127,-2.09597
-0.244147,-4.25601,1.87754,-2.21555
-0.260845,-4.22289,1.83775,-2.36102
-0.276357,-4.19191,1.80101,-2.49927
-0.291601,-4.16086,1.7648,-2.6397
-0.306544,-4.13019,1.72873,-2.78199
-0.321809,-4.09945,1.69256,-2.92578
-0.337165,-4.06844,1.65643,-3.07059
-0.35241,-4.03729,1.62021,3.06677
-0.367642,-4.00612,1.58414,2.92044
-0.382936,-3.97489,1.54789,2.77346
-0.414099,-3.90864,1.47628,2.44768
-0.414455,-3.90779,1.4754,2.44258
-0.419188,-3.89643,1.46292,2.36446
-0.424303,-3.88511,1.44801,2.25344
-0.42737,-3.87214,1.43872,2.15545
-0.425256,-3.84945,1.43543,2.06996
-0.416302,-3.81644,1.43715,1.99583
-0.402324,-3.77688,1.44244,1.93172
-0.385581,-3.7337,1.45008,1.87587
-0.367944,-3.68867,1.45887,1.82677
-0.350362,-3.6436,1.46826,1.78289
-0.33288,-3.59829,1.47783,1.74291
-0.31528,-3.55256,1.4875,1.70561
-0.297436,-3.50621,1.49705,1.67021
-0.279572,-3.46023,1.5064,1.63618
-0.261843,-3.41486,1.51558,1.60303
-0.244174,-3.36955,1.52478,1.57031
-0.226471,-3.32402,1.53402,1.53769
-0.208548,-3.27799,1.5432,1.50509
-0.190621,-3.23209,1.5524,1.47232
-0.172628,-3.18597,1.5616,1.43941
-0.154742,-3.14018,1.57079,1.40635
-0.09806,-2.99646,1.59786,1.29413
-0.0971098,-2.99412,1.59831,1.29126
-0.0968086,-2.99337,1.59845,1.29031
-0.096515,-2.99264,1.59859,1.28938
-0.0908086,-2.97827,1.60188,1.26605
-0.0887221,-2.97062,1.60723,1.25589
-0.0940808,-2.97179,1.61665,1.26506
-0.108502,-2.98654,1.6296,1.29611
-0.128737,-3.01142,1.64533,1.3487
-0.15274,-3.04201,1.66314,1.42087
-0.178922,-3.07515,1.68219,1.50945
-0.206564,-3.10909,1.70204,1.61165
-0.235112,-3.1436,1.722,1.72428
-0.26173,-3.17569,1.7405,1.83545
-0.293029,-3.21377,1.76223,1.97266
-0.321657,-3.24898,1.78231,2.10454
-0.350452,-3.28421,1.80214,2.23973
-0.379133,-3.31947,1.82197,2.37757
-0.407889,-3.35486,1.84182,2.51729
-0.436993,-3.39069,1.86194,2.65885
-0.466234,-3.42685,1.88213,2.80167
-0.495271,-3.46305,1.90212,2.94498
-0.523797,-3.49869,1.922,3.08849
-0.552086,-3.53366,1.94188,-3.05101
-0.643587,-3.64663,1.99751,-2.24125
-0.643587,-3.64663,1.99751,-2.24128
-0.643587,-3.64663,1.99751,-2.24131
-0.643587,-3.64663,1.99751,-2.24134
-0.643587,-3.64663,1.99751,-2.24136
-0.643587,-3.64663,1.99751,-2.24139
-0.643587,-3.64663,1.99751,-2.24142
-0.643587,-3.64663,1.99751,-2.24144
-0.643587,-3.64663,1.99751,-2.24147
-0.643587,-3.64663,1.99751,-2.2415
-0.643986,-3.64716,1.99872,-2.23937
-0.644043,-3.64725,1.99877,-2.23917
-0.644104,-3.64735,1.99883,-2.23895
-0.644169,-3.64746,1.99888,-2.23873
-0.644239,-3.64758,1.99894,-2.2385
-0.644313,-3.64772,1.99899,-2.23825
-0.644391,-3.64787,1.99904,-2.238
-0.644473,-3.64804,1.99909,-2.23774
-0.644559,-3.64822,1.99913,-2.23748
-0.644649,-3.64842,1.99917,-2.2372
-0.644742,-3.64863,1.99921,-2.23691
-0.644839,-3.64886,1.99925,-2.23661
-0.644939,-3.64911,1.99928,-2.23631
-0.645042,-3.64938,1.99931,-2.23599
-0.645148,-3.64967,1.99934,-2.23567
-0.648047,-3.66339,1.99895,-2.22511
-0.650428,-3.69255,1.99587,-2.20819
-0.650585,-3.73149,1.99047,-2.18731
-0.649116,-3.77634,1.98326,-2.16278
-0.646908,-3.82339,1.97498,-2.13557
-0.644608,-3.87035,1.96608,-2.1064
-0.642514,-3.91784,1.95668,-2.07555
-0.640591,-3.96673,1.94708,-2.04353
-0.638689,-4.01192,1.93831,-2.01353
-0.636331,-4.06418,1.92812,-1.97793
-0.634174,-4.11245,1.91863,-1.94461
-0.632042,-4.16187,1.90913,-1.9111
-0.629814,-4.21137,1.89969,-1.87756
-0.627534,-4.26052,1.89034,-1.84409
-0.625277,-4.30935,1.88107,-1.81076
-0.623071,-4.35803,1.87171,-1.77745
-0.621064,-4.40319,1.86313,-1.74692
-0.618664,-4.45627,1.85304,-1.71106
-0.611641,-4.62254,1.82182,-1.53942
-0.611641,-4.62254,1.82182,-1.53942
-0.611641,-4.62254,1.82182,-1.53943
-0.611641,-4.62254,1.82182,-1.53943
-0.611641,-4.62254,1.82182,-1.53944
-0.611641,-4.62254,1.82182,-1.53944
-0.611641,-4.62254,1.82182,-1.53945
-0.611641,-4.62254,1.82182,-1.53945
-0.611641,-4.62254,1.82182,-1.53945
-0.611641,-4.62254,1.82181,-1.53946
-0.611685,-4.62329,1.82196,-1.54007
-0.611703,-4.62337,1.82198,-1.54021
-0.611724,-4.62346,1.82201,-1.54035
-0.61175,-4.62355,1.82203,-1.54051
-0.611781,-4.62364,1.82206,-1.54069
-0.611817,-4.62372,1.82208,-1.54087
-0.611859,-4.62381,1.82211,-1.54108
-0.611907,-4.6239,1.82215,-1.5413
-0.611962,-4.62399,1.82218,-1.54154
-0.612023,-4.62407,1.82222,-1.54179
-0.612093,-4.62415,1.82226,-1.54207
-0.61217,-4.62423,1.8223,-1.54236
-0.612256,-4.62429,1.82235,-1.54267
-0.612351,-4.62436,1.82239,-1.543
-0.612454,-4.62441,1.82244,-1.54335
-0.614268,-4.62424,1.8231,-1.54853
-0.623682,-4.61529,1.82559,-1.57187
-0.639828,-4.59234,1.82924,-1.61288
-0.660417,-4.55873,1.83389,-1.67187
-0.683401,-4.51952,1.83907,-1.74687
-0.707772,-4.47852,1.84451,-1.83498
-0.733008,-4.43743,1.85013,-1.9339
-0.758761,-4.39624,1.85581,-2.04126
-0.784874,-4.35453,1.8616,-2.15569
-0.810937,-4.31215,1.86731,-2.27503
-0.836567,-4.26978,1.87296,-2.39801
-0.862031,-4.22772,1.87872,-2.52377
-0.887618,-4.18569,1.88445,-2.65157
-0.913552,-4.14319,1.89012,-2.78091
-0.939044,-4.10082,1.89576,-2.91113
-0.964549,-4.05848,1.90144,-3.04194
-0.990048,-4.01631,1.90714,3.11001
-1.01567,-3.97401,1.91281,2.9783
-1.10716,-3.81744,1.93147,2.37994
-1.10734,-3.81721,1.93149,2.37692
-1.10751,-3.81698,1.9315,2.37392
-1.10768,-3.81677,1.93151,2.37095
-1.10784,-3.81656,1.93152,2.36801
-1.10957,-3.81457,1.93162,2.3347
-1.11244,-3.81094,1.93217,2.26927
-1.11249,-3.80033,1.9316,2.21574
-1.10519,-3.78008,1.92934,2.16791
-1.08777,-3.74966,1.92501,2.11752
-1.06394,-3.71493,1.91945,2.06904
-1.03664,-3.67795,1.91296,2.0196
-1.00778,-3.63948,1.90597,1.96898
-0.978767,-3.60095,1.8987,1.917
-0.949605,-3.56202,1.8913,1.86361
-0.920012,-3.52255,1.88383,1.80869
-0.889988,-3.48263,1.87634,1.75253
-0.859802,-3.44284,1.8689,1.69556
-0.829826,-3.40349,1.86158,1.63806
-0.800337,-3.36473,1.85429,1.58004
-0.770485,-3.3253,1.84695,1.52147
-0.740401,-3.28563,1.83964,1.46266
-0.710501,-3.24643,1.83243,1.40389
-0.680917,-3.20763,1.82527,1.34511
-0.651297,-3.16864,1.81802,1.28612
-0.545177,-3.03088,1.79253,1.04003
-0.544962,-3.03059,1.79244,1.03872
-0.544754,-3.03031,1.79236,1.03742
-0.544552,-3.03003,1.79228,1.03613
-0.544357,-3.02976,1.79221,1.03486
-0.541232,-3.02529,1.79084,1.00853
-0.537428,-3.02174,1.78782,0.981842
-0.527816,-3.02238,1.77914,0.950564
-0.51282,-3.03298,1.76362,0.911102
-0.493882,-3.05357,1.74212,0.861739
-0.473175,-3.08041,1.71623,0.802438
-0.451188,-3.1104,1.68758,0.733972
-0.428545,-3.1415,1.65765,0.657913
-0.405687,-3.17277,1.62689,0.575443
-0.382526,-3.2043,1.59584,0.487935
-0.359586,-3.23585,1.56484,0.396502
-0.338511,-3.26495,1.53644,0.309752
-0.313608,-3.29946,1.50307,0.205386
-0.290709,-3.33141,1.47214,0.107005
-0.267745,-3.36352,1.44146,0.00763379
-0.244915,-3.39554,1.41088,-0.0925679
-0.221941,-3.42759,1.38002,-0.193541
-0.198676,-3.45999,1.34908,-0.294995
-0.176369,-3.49122,1.31928,-0.392789
-0.152264,-3.52503,1.28737,-0.498569
-0.0970637,-3.60384,1.21656,-0.758479
-0.0965328,-3.60464,1.21585,-0.761792
-0.0960129,-3.60542,1.21515,-0.765086
-0.0847164,-3.62209,1.19864,-0.855071
-0.0786862,-3.63159,1.19373,-0.91944
-0.0744177,-3.64528,1.20111,-0.975451
-0.0731229,-3.66417,1.2201,-1.02415
-0.0745176,-3.68642,1.24864,-1.06686
-0.077674,-3.71083,1.28392,-1.10488
-0.081674,-3.73639,1.32374,-1.13943
-0.0859017,-3.76233,1.3655,-1.17128
-0.0901946,-3.78808,1.40816,-1.20126
-0.0945005,-3.81399,1.45172,-1.23015
-0.098903,-3.84052,1.49542,-1.25837
-0.103356,-3.86691,1.53834,-1.28603
-0.107446,-3.89072,1.57772,-1.31132
-0.112274,-3.91901,1.62393,-1.34101
-0.116748,-3.94528,1.66666,-1.36858
-0.121268,-3.97167,1.7094,-1.39629
-0.125769,-3.99799,1.75199,-1.42411
-0.130276,-4.02426,1.79482,-1.45214
-0.134808