-7.36585e-14,2.82674e-11,0.13,-1.62888e-17
-7.36528e-14,2.82674e-11,0.13,-2.17211e-17
-7.36533e-14,2.82674e-11,0.13,-2.67792e-17
-7.36538e-14,2.82674e-11,0.13,-3.18972e-17
-7.36545e-14,2.82674e-11,0.13,-3.70009e-17
-7.3656e-14,2.82674e-11,0.13,-4.20807e-17
-7.36556e-14,2.82674e-11,0.13,-4.70926e-17
-7.36564e-14,2.82674e-11,0.13,-5.21194e-17
-7.36571e-14,2.82674e-11,0.13,-5.71872e-17
-7.36571e-14,2.82674e-11,0.13,-6.22334e-17
-7.36569e-14,2.82674e-11,0.13,-6.73064e-17
-7.36562e-14,2.82674e-11,0.13,-7.2356e-17
-7.36547e-14,2.82674e-11,0.13,-7.74471e-17
-7.36547e-14,2.82674e-11,0.13,-8.25314e-17
-7.36541e-14,2.82674e-11,0.13,-8.75517e-17
-7.36538e-14,2.82674e-11,0.13,-9.25983e-17
-7.36585e-14,2.82674e-11,0.13,-9.72088e-17
-7.36537e-14,2.82674e-11,0.13,-1.02729e-16
-4.47312e-10,2.57211e-11,0.130115,-1.06054e-16
2.05233e-05,3.90818e-09,0.228651,-2.57351e-12
0.000134504,7.06916e-08,0.429103,4.64509e-11
0.000242573,3.3058e-07,0.63221,7.13928e-11
0.00028687,6.56189e-07,0.79523,6.09162e-11
0.000289432,-1.6672e-07,0.912154,-0.0241477
0.000281587,-1.23403e-05,0.985015,-0.085278
0.000275019,-3.59557e-05,1.02427,-0.164279
0.000271829,-6.28201e-05,1.04143,-0.248116
0.000273208,-9.12701e-05,1.04846,-0.351048
0.00027491,-0.000137023,1.04801,-0.476431
0.000262396,-0.000186421,1.04399,-0.608287
0.000239561,-0.000221206,1.03895,-0.735874
0.000218199,-0.000243352,1.03657,-0.863915
0.000189676,-0.000278972,1.03415,-1.01805
0.000145799,-0.000314617,1.03193,-1.1681
9.63068e-05,-0.000331273,1.03008,-1.3109
5.30894e-05,-0.00033545,1.03072,-1.45979
1.59923e-06,-0.000344913,1.0306,-1.61851
-5.90487e-05,-0.000345436,1.0299,-1.77602
-0.000110917,-0.000328881,1.02896,-1.92426
-0.000149132,-0.000306613,1.03009,-2.07586
-0.00019589,-0.000284564,1.03028,-2.23656
-0.000247041,-0.000250308,1.02975,-2.39565
-0.000281591,-0.000205696,1.0289,-2.54536
-0.000300503,-0.000163482,1.03014,-2.69822
-0.000326116,-0.000116234,1.03036,-2.85992
-0.000346874,-5.76068e-05,1.02983,-3.01989
-0.000348348,-1.35121e-06,1.02903,3.11278
-0.000339281,4.3944e-05,1.03013,2.95834
-0.000333307,9.21851e-05,1.03027,2.80874
-0.000315544,0.000156837,1.02967,2.63517
-0.000283682,0.000203672,1.02887,2.48428
-0.000249276,0.000235326,1.03006,2.32951
-0.000211894,0.000275152,1.03022,2.16658
-0.000162033,0.000313205,1.02968,2.00589
-0.000108813,0.000331589,1.02883,1.85508
-6.32725e-05,0.000336425,1.03007,1.70149
-1.11958e-05,0.00034634,1.03031,1.53928
4.60229e-05,0.000349095,1.02985,1.39155
0.000105551,0.000332729,1.02899,1.22821
0.000146449,0.000309746,1.03013,1.07344
0.000196024,0.000286435,1.03028,0.910594
0.000247804,0.000250832,1.0297,0.749983
0.000281908,0.000205944,1.02877,0.599291
0.000297317,0.000165721,1.02771,0.463868
0.000304296,0.000134377,1.02665,0.346912
0.000308403,0.000109584,1.0257,0.253154
0.00031126,8.58829e-05,1.02486,0.171643
0.000312768,6.5727e-05,1.02436,0.111344
0.000313447,4.85115e-05,1.02413,0.0664644
0.000313647,3.44678e-05,1.02409,0.0343947
0.000313612,2.34773e-05,1.02411,0.0125577
0.000313492,1.51743e-05,1.02415,-0.00140402
0.000313366,9.09964e-06,1.02417,-0.00954566
0.000313272,4.94679e-06,1.02414,-0.0134743
0.000313207,1.88882e-06,1.02408,-0.0148317
0.000313178,1.77497e-08,1.024,-0.0143402
0.00031317,-1.08613e-06,1.02391,-0.0128554
0.000313174,-1.64609e-06,1.02381,-0.0109107
0.000313184,-1.83852e-06,1.02372,-0.00885397
0.000313195,-1.79811e-06,1.02365,-0.00690237
0.000313204,-1.62389e-06,1.02358,-0.00517468
0.000313211,-1.38543e-06,1.02353,-0.00372279
0.000313215,-1.12905e-06,1.0235,-0.00255463
0.000313218,-8.83481e-07,1.02348,-0.00165141
0.000313219,-6.64759e-07,1.02347,-0.000979931
0.000313218,-4.80114e-07,1.02346,-0.000501277
0.000313216,-3.30989e-07,1.02346,-0.000176333
0.000313214,-2.15267e-07,1.02346,3.06464e-05
0.000313212,-1.28911e-07,1.02346,0.000150582
0.00031321,-6.70984e-08,1.02346,0.000209029
0.000313209,-2.49418e-08,1.02346,0.000226258
0.000313209,2.07831e-09,1.02346,0.000217696
0.000313209,1.78996e-08,1.02346,0.000194519
0.000313209,2.57765e-08,1.02346,0.000164676
0.00031321,2.82979e-08,1.02346,0.000133358
0.00031321,2.7441e-08,1.02346,0.000103759
0.00031321,2.46568e-08,1.02346,7.76308e-05
0.00031321,2.09632e-08,1.02346,5.57242e-05
0.000313211,1.70379e-08,1.02346,3.81358e-05
0.000313211,1.33009e-08,1.02345,2.45627e-05
0.000313211,9.98551e-09,1.02345,1.44907e-05
0.000313211,7.1946e-09,1.02345,7.3301e-06
0.000313704,6.5832e-07,1.02354,-4.84078e-06
-0.0184626,-0.0235627,1.02919,-0.0245483
-0.134841,-0.140634,1.02761,-0.00755835
-0.281469,-0.277475,1.02382,-0.0019104
-0.387141,-0.385737,1.0229,0.000939634
-0.445854,-0.44926,1.02234,0.00394032
-0.473064,-0.478957,1.02173,0.00543948
-0.485011,-0.490168,1.02157,0.00551692
-0.490835,-0.493872,1.02182,0.0049867
-0.494275,-0.495513,1.02227,0.00424009
-0.4965,-0.496823,1.0227,0.00344511
-0.497898,-0.497992,1.02303,0.00268873
-0.498713,-0.498878,1.02326,0.00201799
-0.499133,-0.499389,1.03916,0.0017373
-0.500384,-0.497253,1.09792,0.00670046
-0.507317,-0.486055,1.1619,0.0230115
-0.522778,-0.463808,1.21594,0.0533129
-0.545169,-0.433071,1.25504,0.0987448
-0.571771,-0.397037,1.28006,0.157811
-0.599745,-0.358729,1.29415,0.228641
-0.62783,-0.319152,1.30092,0.309394
-0.655985,-0.2789,1.30325,0.397878
-0.684299,-0.238362,1.30314,0.492527
-0.712885,-0.197609,1.30189,0.591815
-0.741588,-0.157034,1.30038,0.694618
-0.770333,-0.116421,1.29906,0.799758
-0.799026,-0.0759629,1.29798,0.906624
-0.827783,-0.0353081,1.29709,1.01479
-0.854388,0.00219528,1.29645,1.11497
-0.885755,0.046249,1.29593,1.23317
-0.914708,0.0868661,1.29555,1.34309
-0.943922,0.128094,1.2952,1.45339
-0.973173,0.169148,1.29488,1.56357
-1.00202,0.209377,1.29461,1.67288
-1.02987,0.248134,1.29432,1.7782
-1.05749,0.287148,1.29386,1.87383
-1.08603,0.327635,1.29326,1.95644
-1.11509,0.368329,1.29261,2.0248
-1.14407,0.40857,1.29206,2.0792
-1.17318,0.449036,1.29158,2.12088
-1.20253,0.489926,1.29117,2.15159
-1.23174,0.530708,1.29082,2.17328
-1.26101,0.571584,1.29054,2.18783
-1.29006,0.612179,1.29026,2.19693
-1.31887,0.652457,1.28996,2.20207
-1.34657,0.691203,1.28966,2.20438
-1.37659,0.733192,1.28934,2.20496
-1.40593,0.774237,1.28902,2.20435
-1.43556,0.815692,1.28873,2.20312
-1.46495,0.856828,1.28843,2.20163
-1.49352,0.896813,1.28815,2.2001
-1.52205,0.936746,1.2879,2.19868
-1.55099,0.977251,1.28761,2.19744
-1.58032,1.0183,1.28731,2.19642
-1.60877,1.0581,1.28699,2.1956
-1.63701,1.09761,1.28671,2.19498
-1.66598,1.1381,1.28644,2.19452
-1.69492,1.17851,1.28618,2.19419
-1.72379,1.21882,1.28595,2.19398
-1.75272,1.25919,1.28575,2.19384
-1.7816,1.29949,1.28553,2.19377
-1.80947,1.33839,1.28527,2.19373
-1.83986,1.3808,1.28501,2.19372
-1.86919,1.42172,1.28475,2.19373
-1.89884,1.4631,1.28447,2.19375
-1.92847,1.50443,1.28418,2.19378
-1.95754,1.545,1.28389,2.1938
-1.98655,1.58549,1.28362,2.19382
-2.01572,1.6262,1.28334,2.19384
-2.04313,1.66445,1.28307,2.19386
-2.07268,1.70569,1.2828,2.19387
-2.10128,1.7456,1.28254,2.19388
-2.13045,1.78631,1.28228,2.19388
-2.16016,1.82777,1.28203,2.19389
-2.18938,1.86854,1.2818,2.19389
-2.21853,1.9092,1.28157,2.19389
-2.24779,1.95001,1.28131,2.19387
-2.27677,1.99044,1.28107,2.19386
-2.30451,2.02914,1.28085,2.19383
-2.33464,2.07116,1.28056,2.1938
-2.36382,2.11185,1.28028,2.19376
-2.39275,2.1522,1.28,2.19372
-2.42155,2.19236,1.27978,2.19367
-2.45038,2.23257,1.27953,2.19363
-2.47938,2.27302,1.27925,2.19358
-2.50854,2.31368,1.279,2.19353
-2.53653,2.35272,1.27876,2.19348
-2.56715,2.39541,1.2785,2.19343
-2.5968,2.43675,1.27823,2.19337
-2.62624,2.47781,1.27794,2.19332
-2.65489,2.51776,1.27766,2.19327
-2.68338,2.55749,1.27742,2.19322
-2.71225,2.59776,1.27716,2.19317
-2.7405,2.63717,1.27688,2.19312
-2.76924,2.67725,1.27651,2.19307
-2.78953,2.70556,1.27616,2.19303
-2.80138,2.72216,1.27581,2.19299
-2.80732,2.73059,1.27551,2.19296
-2.81007,2.73461,1.2753,2.19294
-2.81139,2.73662,1.27518,2.19292
-2.81209,2.73773,1.27512,2.19291
-2.81248,2.73836,1.2751,2.1929
-2.81276,2.73881,1.27509,2.1929
-2.81291,2.73905,1.2751,2.19289
-2.813,2.73918,1.2751,2.19289
-2.81304,2.73926,1.27511,2.19289
-2.81307,2.7393,1.27512,2.19289
-2.81308,2.73932,1.27512,2.19289
-2.81309,2.73933,1.27512,2.19289
-2.81309,2.73934,1.27512,2.19289
-2.81309,2.73934,1.27512,2.19289
-2.81309,2.73934,1.27512,2.19289
-2.81309,2.73934,1.27512,2.19289
-2.81309,2.73935,1.27512,2.19289
-2.81309,2.73935,1.27512,2.19289
-2.81309,2.73935,1.27512,2.1929
-2.81309,2.73935,1.27512,2.1929
-2.81309,2.73935,1.27512,2.1929
-2.81309,2.73935,1.27512,2.1929
-2.81309,2.73935,1.27512,2.1929
-2.81309,2.73935,1.27512,2.1929
-2.81309,2.73935,1.27512,2.1929
-2.81309,2.73935,1.27512,2.1929
-2.81309,2.73935,1.27512,2.1929
-2.81309,2.73935,1.27512,2.1929
-2.81309,2.73935,1.27512,2.1929
-2.81309,2.73935,1.27512,2.1929
-2.81309,2.73935,1.27512,2.1929
-2.81309,2.73935,1.27512,2.1929
-2.81309,2.73935,1.27512,2.1929
-2.81309,2.73935,1.27512,2.1929
-2.81309,2.73935,1.27512,2.1929
-2.81309,2.73935,1.27512,2.1929
-2.81309,2.73935,1.27512,2.1929
-2.81309,2.73935,1.27512,2.1929
-2.81309,2.73935,1.27512,2.1929
-2.81309,2.73935,1.27512,2.1929
-2.81309,2.73935,1.27512,2.1929
-2.81309,2.73935,1.27512,2.1929
-2.81309,2.73935,1.27512,2.1929
-2.81309,2.73935,1.27512,2.1929
-2.81309,2.73935,1.27512,2.1929
-2.81309,2.73935,1.27512,2.1929
-2.81309,2.73935,1.27512,2.1929
-2.81309,2.73935,1.27512,2.1929
-2.81309,2.73935,1.27512,2.1929
-2.81309,2.73935,1.27512,2.1929
-2.81309,2.73935,1.27512,2.1929
-2.81309,2.73935,1.27512,2.1929
-2.81309,2.73935,1.27512,2.1929
-2.81309,2.73935,1.27512,2.1929
-2.81309,2.73935,1.27512,2.1929
-2.81309,2.73935,1.27512,2.1929
-2.81309,2.73935,1.27512,2.1929
-2.81309,2.73935,1.27512,2.1929
-2.81309,2.73935,1.27512,2.1929
-2.81309,2.73935,1.27512,2.1929
-2.81309,2.73935,1.27512,2.1929
-2.81309,2.73935,1.27512,2.1929
-2.81309,2.73935,1.27512,2.1929
-2.81309,2.73935,1.27512,2.1929
-2.81309,2.73935,1.27512,2.1929
-2.81309,2.73935,1.27512,2.1929
-2.81309,2.73935,1.27512,2.1929
-2.81309,2.73935,1.27512,2.1929
-2.81309,2.73935,1.27512,2.1929
-2.81309,2.73935,1.27512,2.1929
-2.81309,2.73935,1.27512,2.1929
-2.81309,2.73935,1.27512,2.1929
-2.81309,2.73935,1.27512,2.1929
-2.81309,2.73935,1.27512,2.1929
-2.81309,2.73935,1.27512,2.1929
-2.81309,2.73935,1.27512,2.1929
-2.81309,2.73935,1.27512,2.1929
-2.81309,2.73935,1.27512,2.1929
-2.81309,2.73935,1.27512,2.1929
-2.81309,2.73935,1.27512,2.1929
-2.81309,2.73935,1.27512,2.1929
-2.81309,2.73935,1.27512,2.1929
-2.81309,2.73935,1.27512,2.1929
-2.81309,2.73935,1.27512,2.1929
-2.81309,2.73935,1.27512,2.1929
-2.81309,2.73935,1.27512,2.1929
-2.81309,2.73935,1.27512,2.1929
-2.81309,2.73935,1.27512,2.1929
-2.81309,2.73935,1.27512,2.1929
-2.81309,2.73935,1.27512,2.1929
-2.81309,2.73935,1.27512,2.1929
-2.81309,2.73935,1.27512,2.1929
-2.81309,2.73935,1.27512,2.1929
-2.81309,2.73935,1.27512,2.1929
-2.81309,2.73935,1.27512,2.1929
-2.81309,2.73935,1.27512,2.1929
-2.81309,2.73935,1.27512,2.1929
-2.81309,2.73935,1.27512,2.1929
-2.81309,2.73935,1.27512,2.1929
-2.81309,2.73935,1.27512,2.1929
-2.81309,2.73935,1.27512,2.1929
-2.81309,2.73935,1.27512,2.1929
-2.81309,2.73935,1.27512,2.1929
-2.81309,2.73935,1.27512,2.1929
-2.81309,2.73935,1.27512,2.1929
-2.81309,2.73935,1.27512,2.1929
-2.81309,2.73935,1.27512,2.1929
-2.81309,2.73935,1.27512,2.1929
-2.81309,2.73935,1.27512,2.1929
-2.81309,2.73935,1.27512,2.1929
-2.81309,2.73935,1.27512,2.1929
-2.81309,2.73935,1.27512,2.1929
-2.81309,2.73935,1.27512,2.1929
-2.81309,2.73935,1.27512,2.1929
-2.81309,2.73935,1.27512,2.1929
-2.81309,2.73935,1.27512,2.1929
-2.81309,2.73935,1.27512,2.1929
-2.81309,2.73935,1.27512,2.1929
-2.81309,2.73935,1.27512,2.1929
-2.81309,2.73935,1.27512,2.1929
-2.81309,2.73935,1.27512,2.1929
-2.81309,2.73935,1.27512,2.1929
-2.81309,2.73935,1.27512,2.1929
-2.81309,2.73935,1.27512,2.1929
-2.81309,2.73935,1.27512,2.1929
-2.81309,2.73935,1.27512,2.1929
-2.81309,2.73935,1.27512,2.1929
-2.81309,2.73935,1.27512,2.1929
-2.81309,2.73935,1.27512,2.1929
-2.81309,2.73935,1.27512,2.1929
-2.81309,2.73935,1.27512,2.1929
-2.81309,2.73935,1.27512,2.1929
-2.81309,2.73935,1.27512,2.1929
-2.81309,2.73935,1.27512,2.1929
-2.81309,2.73935,1.27512,2.1929
-2.81309,2.73935,1.27512,2.1929
-2.81309,2.73935,1.27512,2.1929
-2.81309,2.73935,1.27512,2.1929
-2.81309,2.73935,1.27512,2.1929
-2.81309,2.73935,1.27512,2.1929
-2.81309,2.73935,1.27512,2.1929
-2.81309,2.73935,1.27512,2.1929
-2.81309,2.73935,1.27512,2.1929
-2.81309,2.73935,1.27512,2.1929
-2.81309,2.73935,1.27512,2.1929
-2.81309,2.73935,1.27512,2.1929
-2.81309,2.73935,1.27512,2.1929
-2.81309,2.73935,1.27512,2.1929
-2.81309,2.73935,1.27512,2.1929
-2.81309,2.73935,1.27512,2.1929
-2.81309,2.73935,1.27512,2.1929
-2.81309,2.73935,1.27512,2.1929
-2.81309,2.73935,1.27512,2.1929
-2.81309,2.73935,1.27512,2.1929
-2.81309,2.73935,1.27512,2.1929
-2.81309,2.73935,1.27512,2.1929
-2.81309,2.73935,1.27512,2.1929
-2.81309,2.73935,1.27512,2.1929
-2.81309,2.73935,1.27512,2.1929
-2.81309,2.73935,1.27512,2.1929
-2.81309,2.73935,1.27512,2.1929
-2.81309,2.73935,1.27512,2.1929
-2.81309,2.73935,1.27512,2.1929
-2.81309,2.73935,1.27512,2.1929
-2.81309,2.73935,1.27512,2.1929
-2.81309,2.73935,1.27512,2.1929
-2.81309,2.73935,1.27512,2.1929
-2.81309,2.73935,1.27512,2.1929
-2.81309,2.73935,1.27512,2.1929
-2.81309,2.73935,1.27512,2.1929
-2.81309,2.73935,1.27512,2.1929
-2.81309,2.73935,1.27512,2.1929
-2.81309,2.73935,1.27512,2.1929
-2.81309,2.73935,1.27512,2.1929
-2.81309,2.73935,1.27512,2.1929
-2.81309,2.73935,1.27512,2.1929
-2.81309,2.73935,1.27512,2.1929
-2.81309,2.73935,1.27512,2.1929
-2.81309,2.73935,1.27512,2.1929
-2.81309,2.73935,1.27512,2.1929
-2.81309,2.73935,1.27512,2.1929
-2.81309,2.73935,1.27512,2.1929
-2.81309,2.73935,1.27512,2.1929
-2.81309,2.73935,1.27512,2.1929
-2.81309,2.73935,1.27512,2.1929
-2.81309,2.73935,1.27512,2.1929
-2.81309,2.73935,1.27512,2.1929
-2.81309,2.73935,1.27512,2.1929
-2.81309,2.73935,1.27512,2.1929
-2.81309,2.73935,1.27512,2.1929
-2.81309,2.73935,1.27512,2.1929
-2.81309,2.73935,1.27512,2.1929
-2.81309,2.73935,1.27512,2.1929
-2.81309,2.73935,1.27512,2.1929
-2.81309,2.73935,1.27512,2.1929
-2.81309,2.73935,1.27512,2.1929
-2.81309,2.73935,1.27512,2.1929
-2.81309,2.73935,1.27512,2.1929
-2.81309,2.73935,1.27512,2.1929
-2.81309,2.73935,1.27512,2.1929
-2.81309,2.73935,1.27512,2.1929
-2.81309,2.73935,1.27512,2.1929
-2.81309,2.73935,1.27512,2.1929
-2.81309,2.73935,1.27512,2.1929
-2.81309,2.73935,1.27512,2.1929
-2.81309,2.73935,1.27512,2.1929
-2.81309,2.73935,1.27512,2.1929
-2.81309,2.73935,1.27512,2.1929
-2.81309,2.73935,1.27512,2.1929
-2.81309,2.73935,1.27512,2.1929
-2.81309,2.73935,1.27512,2.1929
-2.81309,2.73935,1.27512,2.1929
-2.81309,2.73935,1.27512,2.1929
-2.81309,2.73935,1.27512,2.1929
-2.81309,2.73935,1.27512,2.1929
-2.81309,2.73935,1.27512,2.1929
-2.81309,2.73935,1.27512,2.1929
-2.81309,2.73935,1.27512,2.1929
-2.81309,2.73935,1.27512,2.1929
-2.81309,2.73935,1.27512,2.1929
-2.81309,2.73935,1.27512,2.1929
-2.81309,2.73935,1.27512,2.1929
-2.81309,2.73935,1.27512,2.1929
-2.81309,2.73935,1.27512,2.1929
-2.81309,2.73935,1.27512,2.1929
-2.81309,2.73935,1.27512,2.1929
-2.81309,2.73935,1.27512,2.1929
-2.81309,2.73935,1.27512,2.1929
-2.81309,2.73935,1.27512,2.1929
-2.81309,2.73935,1.27512,2.1929
-2.81309,2.73935,1.27512,2.1929
-2.81309,2.73935,1.27512,2.1929
-2.81309,2.73935,1.27512,2.1929
-2.81309,2.73935,1.27512,2.1929
-2.81309,2.73935,1.27512,2.1929
-2.81309,2.73935,1.27512,2.1929
-2.81309,2.73935,1.27512,2.1929
-2.81309,2.73935,1.27512,2.1929
-2.81309,2.73935,1.27512,2.1929
-2.81309,2.73935,1.27512,2.1929
-2.81309,2.73935,1.27512,2.1929
-2.81309,2.73935,1.27512,2.1929
-2.81309,2.73935,1.27512,2.1929
-2.81309,2.73935,1.27512,2.1929
-2.81309,2.73935,1.27512,2.1929
-2.81309,2.73935,1.27512,2.1929
-2.81309,2.73935,1.27512,2.1929
-2.81309,2.73935,1.27512,2.1929
-2.81309,2.73935,1.27512,2.1929
-2.81309,2.73935,1.27512,2.1929
-2.81309,2.73935,1.27512,2.1929
-2.81309,2.73935,1.27512,2.1929
-2.81309,2.73935,1.27512,2.1929
-2.81309,2.73935,1.27512,2.1929
-2.81309,2.73935,1.27512,2.1929
-2.81309,2.73935,1.27512,2.1929
-2.81309,2.73935,1.27512,2.1929
-2.81309,2.73935,1.27512,2.1929
-2.81309,2.73935,1.27512,2.1929
-2.81309,2.73935,1.27512,2.1929
-2.81309,2.73935,1.27512,2.1929
-2.81309,2.73935,1.27512,2.1929
-2.81309,2.73935,1.27512,2.1929
-2.81309,2.73935,1.27512,2.1929
-2.81309,2.73935,1.27512,2.1929
-2.81309,2.73935,1.27512,2.1929
-2.81309,2.73935,1.27512,2.1929
-2.81309,2.73935,1.27512,2.1929
-2.81309,2.73935,1.27512,2.1929
-2.81309,2.73935,1.27512,2.1929
-2.81309,2.73935,1.27512,2.1929
-2.81309,2.73935,1.27512,2.1929
-2.81309,2.73935,1.27512,2.1929
-2.81309,2.73935,1.27512,2.1929
-2.81309,2.73935,1.27512,2.1929
-2.81309,2.73935,1.27512,2.1929
-2.81309,2.73935,1.27512,2.1929
-2.81309,2.73935,1.27512,2.1929
-2.81309,2.73935,1.27512,2.1929
-2.81309,2.73935,1.27512,2.1929
-2.81309,2.73935,1.27512,2.1929
-2.81309,2.73935,1.27512,2.1929
-2.81309,2.73935,1.27512,2.1929
-2.81309,2.73935,1.27512,2.1929
-2.81309,2.73935,1.27512,2.1929
-2.81309,2.73935,1.27512,2.1929
-2.81309,2.73935,1.27512,2.1929
-2.81309,2.73935,1.27512,2.1929
-2.81309,2.73935,1.27512,2.1929
-2.81309,2.73935,1.27512,2.1929
-2.81309,2.73935,1.27512,2.1929
-2.81309,2.73935,1.27512,2.1929
-2.81309,2.73935,1.27512,2.1929
-2.81309,2.73935,1.27512,2.1929
-2.81309,2.73935,1.27512,2.1929
-2.81309,2.73935,1.27512,2.1929
-2.81309,2.73935,1.27512,2.1929
-2.81309,2.73935,1.27512,2.1929
-2.81309,2.73935,1.27512,2.1929
-2.81309,2.73935,1.27512,2.1929
-2.81309,2.73935,1.27512,2.1929
-2.81309,2.73935,1.27512,2.1929
-2.81309,2.73935,1.27512,2.1929
-2.81309,2.73935,1.27512,2.1929
-2.81309,2.73935,1.27512,2.1929
-2.81309,2.73935,1.27512,2.1929
-2.81309,2.73935,1.27512,2.1929
-2.81309,2.73935,1.27512,2.1929
-2.81309,2.73935,1.27512,2.1929
-2.81309,2.73935,1.27512,2.1929
-2.81309,2.73935,1.27512,2.1929
-2.81309,2.73935,1.27512,2.1929
-2.81309,2.73935,1.27512,2.1929
-2.81309,2.73935,1.27512,2.1929
-2.81309,2.73935,1.27512,2.1929
-2.81309,2.73935,1.27512,2.1929
-2.81309,2.73935,1.27512,2.1929
-2.81309,2.73935,1.27512,2.1929
-2.81309,2.73935,1.27512,2.1929
-2.81309,2.73935,1.27512,2.1929
-2.81309,2.73935,1.27512,2.1929
-2.81309,2.73935,1.27512,2.1929
-2.81309,2.73935,1.27512,2.1929
-2.81309,2.73935,1.27512,2.1929
-2.81309,2.73935,1.27512,2.1929
-2.81309,2.73935,1.27512,2.1929
-2.81309,2.73935,1.27512,2.1929
-2.81309,2.73935,1.27512,2.1929
-2.81309,2.73935,1.27512,2.1929
-2.81309,2.73935,1.27512,2.1929
-2.81309,2.73935,1.27512,2.1929
-2.81309,2.73935,1.27512,2.1929
-2.81309,2.73935,1.27512,2.1929
-2.81309,2.73935,1.27512,2.1929
-2.81309,2.73935,1.27512,2.1929
-2.81309,2.73935,1.27512,2.1929
-2.81309,2.73935,1.27512,2.1929
-2.81309,2.73935,1.27512,2.1929
-2.81309,2.73935,1.27512,2.1929
-2.81309,2.73935,1.27512,2.1929
-2.81309,2.73935,1.27512,2.1929
-2.81309,2.73935,1.27512,2.1929
-2.81309,2.73935,1.27512,2.1929
-2.81309,2.73935,1.27512,2.1929
-2.81309,2.73935,1.27512,2.1929
-2.81309,2.73935,1.27512,2.1929
-2.81309,2.73935,1.27512,2.1929
-2.81309,2.73935,1.27512,2.1929
-2.81309,2.73935,1.27512,2.1929
-2.81309,2.73935,1.27512,2.1929
-2.81309,2.73935,1.27512,2.1929
-2.81309,2.73935,1.27512,2.1929
-2.81309,2.73935,1.27512,2.1929
-2.81309,2.73935,1.27512,2.1929
-2.81309,2.73935,1.27512,2.1929
-2.81309,2.73935,1.27512,2.1929
-2.81309,2.73935,1.27512,2.1929
-2.81309,2.73935,1.27512,2.1929
-2.81309,2.73935,1.27512,2.1929
-2.81309,2.73935,1.27512,2.1929
-2.81309,2.73935,1.27512,2.1929
-2.81309,2.73935,1.27512,2.1929
-2.81309,2.73935,1.27512,2.1929
-2.81309,2.73935,1.27512,2.1929
-2.81309,2.73935,1.27512,2.1929
-2.81309,2.73935,1.27512,2.1929
-2.81309,2.73935,1.27512,2.1929
-2.81309,2.73935,1.27512,2.1929
-2.81309,2.73935,1.27512,2.1929
-2.81309,2.73935,1.27512,2.1929
-2.81309,2.73935,1.27512,2.1929
-2.81309,2.73935,1.27512,2.1929
-2.81309,2.73935,1.27512,2.1929
-2.81309,2.73935,1.27512,2.1929
-2.81309,2.73935,1.27512,2.1929
-2.81309,2.73935,1.27512,2.1929
-2.81309,2.73935,1.27512,2.1929
-2.81309,2.73935,1.27512,2.1929
-2.81309,2.73935,1.27512,2.1929
-2.81309,2.73935,1.27512,2.1929
-2.81309,2.73935,1.27512,2.1929
-2.81309,2.73935,1.27512,2.1929
-2.81309,2.73935,1.27512,2.1929
-2.81309,2.73935,1.27512,2.1929
-2.81309,2.73935,1.27512,2.1929
-2.81309,2.73935,1.27512,2.1929
-2.81309,2.73935,1.27512,2.1929
-2.81309,2.73935,1.27512,2.1929
-2.81309,2.73935,1.27512,2.1929
-2.81309,2.73935,1.27512,2.1929
-2.81309,2.73935,1.27512,2.1929
-2.81309,2.73935,1.27512,2.1929
-2.81309,2.73935,1.27512,2.1929
-2.81309,2.73935,1.27512,2.1929
-2.81309,2.73935,1.27512,2.1929
-2.81309,2.73935,1.27512,2.1929
-2.81309,2.73935,1.27512,2.1929
-2.81309,2.73935,1.27512,2.1929
-2.81309,2.73935,1.27512,2.1929
-2.81309,2.73935,1.27512,2.1929
-2.81309,2.73935,1.27512,2.1929
-2.81309,2.73935,1.27512,2.1929
-2.81309,2.73935,1.27512,2.1929
-2.81309,2.73935,1.27512,2.1929
-2.81309,2.73935,1.27512,2.1929
-2.81309,2.73935,1.27512,2.1929
-2.81309,2.73935,1.27512,2.1929
-2.81309,2.73935,1.27512,2.1929
-2.81309,2.73935,1.27512,2.1929
-2.81309,2.73935,1.27512,2.1929
-2.81309,2.73935,1.27512,2.1929
-2.81309,2.73935,1.27512,2.1929
-2.81309,2.73935,1.27512,2.1929
-2.81309,2.73935,1.27512,2.1929
-2.81309,2.73935,1.27512,2.1929
-2.81309,2.73935,1.27512,2.1929
-2.81309,2.73935,1.27512,2.1929
-2.81309,2.73935,1.27512,2.1929
-2.81309,2.73935,1.27512,2.1929
-2.81309,2.73935,1.27512,2.1929
-2.81309,2.73935,1.27512,2.1929
-2.81309,2.73935,1.27512,2.1929
-2.81309,2.73935,1.27512,2.1929
-2.81309,2.73935,1.27512,2.1929
-2.81309,2.73935,1.27512,2.1929
-2.81309,2.73935,1.27512,2.1929
-2.81309,2.73935,1.27512,2.1929
-2.81309,2.73935,1.27512,2.1929
-2.81309,2.73935,1.27512,2.1929
-2.81309,2.73935,1.27512,2.1929
-2.81309,2.73935,1.27512,2.1929
-2.81309,2.73935,1.27512,2.1929
-2.81309,2.73935,1.27512,2.1929
-2.81309,2.73935,1.27512,2.1929
-2.81309,2.73935,1.27512,2.1929
-2.81309,2.73935,1.27512,2.1929
-2.81309,2.73935,1.27512,2.1929
-2.81309,2.73935,1.27512,2.1929
-2.81309,2.73935,1.27512,2.1929
-2.81309,2.73935,1.27512,2.1929
-2.81309,2.73935,1.27512,2.1929
-2.81309,2.73935,1.27512,2.1929
-2.81309,2.73935,1.27512,2.1929
-2.81309,2.73935,1.27512,2.1929
-2.81309,2.73935,1.27512,2.1929
-2.81309,2.73935,1.27512,2.1929
-2.81309,2.73935,1.27512,2.1929
-2.81309,2.73935,1.27512,2.1929
-2.81309,2.73935,1.27512,2.1929
-2.81309,2.73935,1.27512,2.1929
-2.81309,2.73935,1.27512,2.1929
-2.81309,2.73935,1.27512,2.1929
-2.81309,2.73935,1.27512,2.1929
-2.81309,2.73935,1.27512,2.1929
-2.81309,2.73935,1.27512,2.1929
-2.81309,2.73935,1.27512,2.1929
-2.81309,2.73935,1.27512,2.1929
-2.81309,2.73935,1.27512,2.1929
-2.81309,2.73935,1.27512,2.1929
-2.81309,2.73935,1.27512,2.1929
-2.81309,2.73935,1.27512,2.1929
-2.81309,2.73935,1.27512,2.1929
-2.81309,2.73935,1.27512,2.1929
-2.81309,2.73935,1.27512,2.1929
-2.81309,2.73935,1.27512,2.1929
-2.81309,2.73935,1.27512,2.1929
-2.81309,2.73935,1.27512,2.1929
-2.81309,2.73935,1.27512,2.1929
-2.81309,2.73935,1.27512,2.1929
-2.81309,2.73935,1.27512,2.1929
-2.81309,2.73935,1.27512,2.1929
-2.81309,2.73935,1.27512,2.1929
-2.81309,2.73935,1.27512,2.1929
-2.81309,2.73935,1.27512,2.1929
-2.81309,2.73935,1.27512,2.1929
-2.81309,2.73935,1.27512,2.1929
-2.81309,2.73935,1.27512,2.1929
-2.81309,2.73935,1.27512,2.1929
-2.81309,2.73935,1.27512,2.1929
-2.81309,2.73935,1.27512,2.1929
-2.81309,2.73935,1.27512,2.1929
-2.81309,2.73935,1.27512,2.1929
-2.81309,2.73935,1.27512,2.1929
-2.81309,2.73935,1.27512,2.1929
-2.81309,2.73935,1.27512,2.1929
-2.81309,2.73935,1.27512,2.1929
-2.81309,2.73935,1.27512,2.1929
-2.81309,2.73935,1.27512,2.1929
-2.81309,2.73935,1.27512,2.1929
-2.81309,2.73935,1.27512,2.1929
-2.81309,2.73935,1.27512,2.1929
-2.81309,2.73935,1.27512,2.1929
-2.81309,2.73935,1.27512,2.1929
-2.81309,2.73935,1.27512,2.1929
-2.81309,2.73935,1.27512,2.1929
-2.81309,2.73935,1.27512,2.1929
-2.81309,2.73935,1.27512,2.1929
-2.81309,2.73935,1.27512,2.1929
-2.81309,2.73935,1.27512,2.1929
-2.81309,2.73935,1.27512,2.1929
-2.81309,2.73935,1.27512,2.1929
-2.81309,2.73935,1.27512,2.1929
-2.81309,2.73935,1.27512,2.1929
-2.81309,2.73935,1.27512,2.1929
-2.81309,2.73935,1.27512,2.1929
-2.81309,2.73935,1.27512,2.1929
-2.81309,2.73935,1.27512,2.1929
-2.81309,2.73935,1.27512,2.1929
-2.81309,2.73935,1.27512,2.1929
-2.81309,2.73935,1.27512,2.1929
-2.81309,2.73935,1.27512,2.1929
-2.81309,2.73935,1.27512,2.1929
-2.81309,2.73935,1.27512,2.1929
-2.81309,2.73935,1.27512,2.1929
-2.81309,2.73935,1.27512,2.1929
-2.81309,2.73935,1.27512,2.1929
-2.81309,2.73935,1.27512,2.1929
-2.81309,2.73935,1.27512,2.1929
-2.81309,2.73935,1.27512,2.1929
-2.81309,2.73935,1.27512,2.1929
-2.81309,2.73935,1.27512,2.1929
-2.81309,2.73935,1.27512,2.1929
-2.81309,2.73935,1.27512,2.1929
-2.81309,2.73935,1.27512,2.1929
-2.81309,2.73935,1.27512,2.1929
-2.81309,2.73935,1.27512,2.1929
-2.81309,2.73935,1.27512,2.1929
-2.81309,2.73935,1.27512,2.1929
-2.81309,2.73935,1.27512,2.1929
-2.81309,2.73935,1.27512,2.1929
-2.81309,2.73935,1.27512,2.1929
-2.81309,2.73935,1.27512,2.1929
-2.81309,2.73935,1.27512,2.1929
-2.81309,2.73935,1.27512,2.1929
-2.81309,2.73935,1.27512,2.1929
-2.81309,2.73935,1.27512,2.1929
-2.81309,2.73935,1.27512,2.1929
-2.81309,2.73935,1.27512,2.1929
-2.81309,2.73935,1.27512,2.1929
-2.81309,2.73935,1.27512,2.1929
-2.81309,2.73935,1.27512,2.1929
-2.81309,2.73935,1.27512,2.1929
-2.81309,2.73935,1.27512,2.1929
-2.81309,2.73935,1.27512,2.1929
-2.81309,2.73935,1.27512,2.1929
-2.81309,2.73935,1.27512,2.1929
-2.81309,2.73935,1.27512,2.1929
-2.81309,2.73935,1.27512,2.1929
-2.81309,2.73935,1.27512,2.1929
-2.81309,2.73935,1.27512,2.1929
-2.81309,2.73935,1.27512,2.1929
-2.81309,2.73935,1.27512,2.1929
-2.81309,2.73935,1.27512,2.1929
-2.81309,2.73935,1.27512,2.1929
-2.81309,2.73935,1.27512,2.1929
-2.81309,2.73935,1.27512,2.1929
-2.81309,2.73935,1.27512,2.1929
-2.81309,2.73935,1.27512,2.1929
-2.81309,2.73935,1.27512,2.1929
-2.81309,2.73935,1.27512,2.1929
-2.81309,2.73935,1.27512,2.1929
-2.81309,2.73935,1.27512,2.1929
-2.81309,2.73935,1.27512,2.1929
-2.81309,2.73935,1.27512,2.1929
-2.81309,2.73935,1.27512,2.1929
-2.81309,2.73935,1.27512,2.1929
-2.81309,2.73935,1.27512,2.1929
-2.81309,2.73935,1.27512,2.1929
-2.81309,2.73935,1.27512,2.1929
-2.81309,2.73935,1.27512,2.1929
-2.81309,2.73935,1.27512,2.1929
-2.81309,2.73935,1.27512,2.1929
-2.81309,2.73935,1.27512,2.1929
-2.81309,2.73935,1.27512,2.1929
-2.81309,2.73935,1.27512,2.1929
-2.81309,2.73935,1.27512,2.1929
-2.81309,2.73935,1.27512,2.1929
-2.81309,2.73935,1.27512,2.1929
-2.81309,2.73935,1.27512,2.1929
-2.81309,2.73935,1.27512,2.1929
-2.81309,2.73935,1.27512,2.1929
-2.81309,2.73935,1.27512,2.1929
-2.81309,2.73935,1.27512,2.1929
-2.81309,2.73935,1.27512,2.1929
-2.81309,2.73935,1.27512,2.1929
-2.81309,2.73935,1.27512,2.1929
-2.81309,2.73935,1.27512,2.1929
-2.81309,2.73935,1.27512,2.1929
-2.81309,2.73935,1.27512,2.1929
-2.81309,2.73935,1.27512,2.1929
-2.81309,2.73935,1.27512,2.1929
-2.81309,2.73935,1.27512,2.1929
-2.81309,2.73935,1.27512,2.1929
-2.81309,2.73935,1.27512,2.1929
-2.81309,2.73935,1.27512,2.1929
-2.81309,2.73935,1.27512,2.1929
-2.81309,2.73935,1.27512,2.1929
-2.81309,2.73935,1.27512,2.1929
-2.81309,2.73935,1.27512,2.1929
-2.81309,2.73935,1.27512,2.1929
-2.81309,2.73935,1.27512,2.1929
-2.81309,2.73935,1.27512,2.1929
-2.81309,2.73935,1.27512,2.1929
-2.81309,2.73935,1.27512,2.1929
-2.81309,2.73935,1.27512,2.1929
-2.81309,2.73935,1.27512,2.1929
-2.81309,2.73935,1.27512,2.1929
-2.81309,2.73935,1.27512,2.1929
-2.81309,2.73935,1.27512,2.1929
-2.81309,2.73935,1.27512,2.1929
-2.81309,2.73935,1.27512,2.1929
-2.81309,2.73935,1.27512,2.1929
-2.81309,2.73935,1.27512,2.1929
-2.81309,2.73935,1.27512,2.1929
-2.81309,2.73935,1.27512,2.1929
-2.81309,2.73935,1.27512,2.1929
-2.81309,2.73935,1.27512,2.1929
-2.81309,2.73935,1.27512,2.1929
-2.81309,2.73935,1.27512,2.1929
-2.81309,2.73935,1.27512,2.1929
-2.81309,2.73935,1.27512,2.1929
-2.81309,2.73935,1.27512,2.1929
-2.81309,2.73935,1.27512,2.1929
-2.81309,2.73935,1.27512,2.1929
-2.81309,2.73935,1.27512,2.1929
-2.81309,2.73935,1.27512,2.1929
-2.81309,2.73935,1.27512,2.1929
-2.81309,2.73935,1.27512,2.1929
-2.81309,2.73935,1.27512,2.1929
-2.81309,2.73935,1.27512,2.1929
-2.81309,2.73935,1.27512,2.1929
-2.81309,2.73935,1.27512,2.1929
-2.81309,2.73935,1.27512,2.1929
-2.81309,2.73935,1.27512,2.1929
-2.81309,2.73935,1.27512,2.1929
-2.81309,2.73935,1.27512,2.1929
-2.81309,2.73935,1.27512,2.1929
-2.81309,2.73935,1.27512,2.1929
-2.81309,2.73935,1.27512,2.1929
-2.81309,2.73935,1.27512,2.1929
-2.81309,2.73935,1.27512,2.1929
-2.81309,2.73935,1.27512,2.1929
-2.81309,2.73935,1.27512,2.1929
-2.81309,2.73935,1.27512,2.1929
-2.81309,2.73935,1.27512,2.1929
-2.81309,2.73935,1.27512,2.1929
-2.81309,2.73935,1.27512,2.1929
-2.81309,2.73935,1.27512,2.1929
-2.81309,2.73935,1.27512,2.1929
-2.81309,2.73935,1.27512,2.1929
-2.81309,2.73935,1.27512,2.1929
-2.81309,2.73935,1.27512,2.1929
-2.81309,2.73935,1.27512,2.1929
-2.81309,2.73935,1.27512,2.1929
-2.81309,2.73935,1.27512,2.1929
-2.81309,2.73935,1.27512,2.1929
-2.81309,2.73935,1.27512,2.1929
-2.81309,2.73935,1.27512,2.1929
-2.81309,2.73935,1.27512,2.1929
-2.81309,2.73935,1.27512,2.1929
-2.81309,2.73935,1.27512,2.1929
-2.81309,2.73935,1.27512,2.1929
-2.81309,2.73935,1.27512,2.1929
-2.81309,2.73935,1.27512,2.1929
-2.81309,2.73935,1.27512,2.1929
-2.81309,2.73935,1.27512,2.1929
-2.81309,2.73935,1.27512,2.1929
-2.81309,2.73935,1.27512,2.1929
-2.81309,2.73935,1.27512,2.1929
-2.81309,2.73935,1.27512,2.1929
-2.81309,2.73935,1.27512,2.1929
-2.81309,2.73935,1.27512,2.1929
-2.81309,2.73935,1.27512,2.1929
-2.81309,2.73935,1.27512,2.1929
-2.81309,2.73935,1.27512,2.1929
-2.81309,2.73935,1.27512,2.1929
-2.81309,2.73935,1.27512,2.1929
-2.81309,2.73935,1.27512,2.1929
-2.81309,2.73935,1.27512,2.1929
-2.81309,2.73935,1.27512,2.1929
-2.81309,2.73935,1.27512,2.1929
-2.81309,2.73935,1.27512,2.1929
-2.81309,2.73935,1.27512,2.1929
-2.81309,2.73935,1.27512,2.1929
-2.81309,2.73935,1.27512,2.1929
-2.81309,2.73935,1.27512,2.1929
-2.81309,2.73935,1.27512,2.1929
-2.81309,2.73935,1.27512,2.1929
-2.81309,2.73935,1.27512,2.1929
-2.81309,2.73935,1.27512,2.1929
-2.81309,2.73935,1.27512,2.1929
-2.81309,2.73935,1.27512,2.1929
-2.81309,2.73935,1.27512,2.1929
-2.81309,2.73935,1.27512,2.1929
-2.81309,2.73935,1.27512,2.1929
-2.81309,2.73935,1.27512,2.1929
-2.81309,2.73935,1.27512,2.1929
-2.81309,2.73935,1.27512,2.1929
-2.81309,2.73935,1.27512,2.1929
-2.81309,2.73935,1.27512,2.1929
-2.81309,2.73935,1.27512,2.1929
-2.81309,2.73935,1.27512,2.1929
-2.81309,2.73935,1.27512,2.1929
-2.81309,2.73935,1.27512,2.1929
-2.81309,2.73935,1.27512,2.1929
-2.81309,2.73935,1.27512,2.1929
-2.81309,2.73935,1.27512,2.1929
-2.81309,2.73935,1.27512,2.1929
-2.81309,2.73935,1.27512,2.1929
-2.81309,2.73935,1.27512,2.1929
-2.81309,2.73935,1.27512,2.1929
-2.81309,2.73935,1.27512,2.1929
-2.81309,2.73935,1.27512,2.1929
-2.81309,2.73935,1.27512,2.1929
-2.81309,2.73935,1.27512,2.1929
-2.81309,2.73935,1.27512,2.1929
-2.81309,2.73935,1.27512,2.1929
-2.81309,2.73935,1.27512,2.1929
-2.81309,2.73935,1.27512,2.1929
-2.81309,2.73935,1.27512,2.1929
-2.81309,2.73935,1.27512,2.1929
-2.81309,2.73935,1.27512,2.1929
-2.81309,2.73935,1.27512,2.1929
-2.81309,2.73935,1.27512,2.1929
-2.81309,2.73935,1.27512,2.1929
-2.81309,2.73935,1.27512,2.1929
-2.81309,2.73935,1.27512,2.1929
-2.81309,2.73935,1.27512,2.1929
-2.81309,2.73935,1.27512,2.1929
-2.81309,2.73935,1.27512,2.1929
-2.81309,2.73935,1.27512,2.1929
-2.81309,2.73935,1.27512,2.1929
-2.81309,2.73935,1.27512,2.1929
-2.81309,2.73935,1.27512,2.1929
-2.81309,2.73935,1.27512,2.1929
-2.81309,2.73935,1.27512,2.1929
-2.81309,2.73935,1.27512,2.1929
-2.81309,2.73935,1.27512,2.1929
-2.81309,2.73935,1.27512,2.1929
-2.81309,2.73935,1.27512,2.1929
-2.81309,2.73935,1.27512,2.1929
-2.81309,2.73935,1.27512,2.1929
-2.81309,2.73935,1.27512,2.1929
-2.81309,2.73935,1.27512,2.1929
-2.81309,2.73935,1.27512,2.1929
-2.81309,2.73935,1.27512,2.1929
-2.81309,2.73935,1.27512,2.1929
-2.81309,2.73935,1.27512,2.1929
-2.81309,2.73935,1.27512,2.1929
-2.81309,2.73935,1.27512,2.1929
-2.81309,2.73935,1.27512,2.1929
-2.81309,2.73935,1.27512,2.1929
-2.81309,2.73935,1.27512,2.1929
-2.81309,2.73935,1.27512,2.1929
-2.81309,2.73935,1.27512,2.1929
-2.81309,2.73935,1.27512,2.1929
-2.81309,2.73935,1.27512,2.1929
-2.81309,2.73935,1.27512,2.1929
-2.81309,2.73935,1.27512,2.1929
-2.81309,2.73935,1.27512,2.1929
-2.81309,2.73935,1.27512,2.1929
-2.81309,2.73935,1.27512,2.1929
-2.81309,2.73935,1.27512,2.1929
-2.81309,2.73935,1.27512,2.1929
-2.81309,2.73935,1.27512,2.1929
-2.81309,2.73935,1.27512,2.1929
-2.81309,2.73935,1.27512,2.1929
-2.81309,2.73935,1.27512,2.1929
-2.81309,2.73935,1.27512,2.1929
-2.81309,2.73935,1.27512,2.1929
-2.81309,2.73935,1.27512,2.1929
-2.81309,2.73935,1.27512,2.1929
-2.81309,2.73935,1.27512,2.1929
-2.81309,2.73935,1.27512,2.1929
-2.81309,2.73935,1.27512,2.1929
-2.81309,2.73935,1.27512,2.1929
-2.81309,2.73935,1.27512,2.1929
-2.81309,2.73935,1.27512,2.1929
-2.81309,2.73935,1.27512,2.1929
-2.81309,2.73935,1.27512,2.1929
-2.81309,2.73935,1.27512,2.1929
-2.81309,2.73935,1.27512,2.1929
-2.81309,2.73935,1.27512,2.1929
-2.81309,2.73935,1.27512,2.1929
-2.81309,2.73935,1.27512,2.1929
-2.81309,2.73935,1.27512,2.1929
-2.81309,2.73935,1.27512,2.1929
-2.81309,2.73935,1.27512,2.1929
-2.81309,2.73935,1.27512,2.1929
-2.81309,2.73935,1.27512,2.1929
-2.81309,2.73935,1.27512,2.1929
-2.81309,2.73935,1.27512,2.1929
-2.81309,2.73935,1.27512,2.1929
-2.81309,2.73935,1.27512,2.1929
-2.81309,2.73935,1.27512,2.1929
-2.81309,2.73935,1.27512,2.1929
-2.81309,2.73935,1.27512,2.1929
-2.81309,2.73935,1.27512,2.1929
-2.81309,2.73935,1.27512,2.1929
-2.81309,2.73935,1.27512,2.1929
-2.81309,2.73935,1.27512,2.1929
-2.81309,2.73935,1.27512,2.1929
-2.81309,2.73935,1.27512,2.1929
-2.81309,2.73935,1.27512,2.1929
-2.81309,2.73935,1.27512,2.1929
-2.81309,2.73935,1.27512,2.1929
-2.81309,2.73935,1.27512,2.1929
-2.81309,2.73935,1.27512,2.1929
-2.81309,2.73935,1.27512,2.1929
-2.81309,2.73935,1.27512,2.1929
-2.81309,2.73935,1.27512,2.1929
-2.81309,2.73935,1.27512,2.1929
-2.81309,2.73935,1.27512,2.1929
-2.81309,2.73935,1.27512,2.1929
-2.81309,2.73935,1.27512,2.1929
-2.81309,2.73935,1.27512,2.1929
-2.81309,2.73935,1.27512,2.1929
-2.81309,2.73935,1.27512,2.1929
-2.81309,2.73935,1.27512,2.1929
-2.81309,2.73935,1.27512,2.1929
-2.81309,2.73935,1.27512,2.1929
-2.81309,2.73935,1.27512,2.1929
-2.81309,2.73935,1.27512,2.1929
-2.81309,2.73935,1.27512,2.1929
-2.81309,2.73935,1.27512,2.1929
-2.81309,2.73935,1.27512,2.1929
-2.81309,2.73935,1.27512,2.1929
-2.81309,2.73935,1.27512,2.1929
-2.81309,2.73935,1.27512,2.1929
-2.81309,2.73935,1.27512,2.1929
-2.81309,2.73935,1.27512,2.1929
-2.81309,2.73935,1.27512,2.1929
-2.81309,2.73935,1.27512,2.1929
-2.81309,2.73935,1.27512,2.1929
-2.81309,2.73935,1.27512,2.1929
-2.81309,2.73935,1.27512,2.1929
-2.81309,2.73935,1.27512,2.1929
-2.81309,2.73935,1.27512,2.1929
-2.81309,2.73935,1.27512,2.1929
-2.81309,2.73935,1.27512,2.1929
-2.81309,2.73935,1.27512,2.1929
-2.81309,2.73935,1.27512,2.1929
-2.81309,2.73935,1.27512,2.1929
-2.81309,2.73935,1.27512,2.1929
-2.81309,2.73935,1.27512,2.1929
-2.81309,2.73935,1.27512,2.1929
-2.81309,2.73935,1.27512,2.1929
-2.81309,2.73935,1.27512,2.1929
-2.81309,2.73935,1.27512,2.1929
-2.81309,2.73935,1.27512,2.1929
-2.81309,2.73935,1.27512,2.1929
-2.81309,2.73935,1.27512,2.1929
-2.81309,2.73935,1.27512,2.1929
-2.81309,2.73935,1.27512,2.1929
-2.81309,2.73935,1.27512,2.1929
-2.81309,2.73935,1.27512,2.1929
-2.81309,2.73935,1.27512,2.1929
-2.81309,2.73935,1.27512,2.1929
-2.81309,2.73935,1.27512,2.1929
-2.81309,2.73935,1.27512,2.1929
-2.81309,2.73935,1.27512,2.1929
-2.81309,2.73935,1.27512,2.1929
-2.81309,2.73935,1.27512,2.1929
-2.81309,2.73935,1.27512,2.1929
-2.81309,2.73935,1.27512,2.1929
-2.81309,2.73935,1.27512,2.1929
-2.81309,2.73935,1.27512,2.1929
-2.81309,2.73935,1.27512,2.1929
-2.81309,2.73935,1.27512,2.1929
-2.81309,2.73935,1.27512,2.1929
-2.81309,2.73935,1.27512,2.1929
-2.81309,2.73935,1.27512,2.1929
-2.81309,2.73935,1.27512,2.1929
-2.81309,2.73935,1.27512,2.1929
-2.81309,2.73935,1.27512,2.1929
-2.81309,2.73935,1.27512,2.1929
-2.81309,2.73935,1.27512,2.1929
-2.81309,2.73935,1.27512,2.1929
-2.81309,2.73935,1.27512,2.1929
-2.81309,2.73935,1.27512,2.1929
-2.81309,2.73935,1.27512,2.1929
-2.81309,2.73935,1.27512,2.1929
-2.81309,2.73935,1.27512,2.1929
-2.81309,2.73935,1.27512,2.1929
-2.81309,2.73935,1.27512,2.1929
-2.81309,2.73935,1.27512,2.1929
-2.81309,2.73935,1.27512,2.1929
-2.81309,2.73935,1.27512,2.1929
-2.81309,2.73935,1.27512,2.1929
-2.81309,2.73935,1.27512,2.1929
-2.81309,2.73935,1.27512,2.1929
-2.81309,2.73935,1.27512,2.1929
-2.81309,2.73935,1.27512,2.1929
-2.81309,2.73935,1.27512,2.1929
-2.81309,2.73935,1.27512,2.1929
-2.81309,2.73935,1.27512,2.1929
-2.81309,2.73935,1.27512,2.1929
-2.81309,2.73935,1.27512,2.1929
-2.81309,2.73935,1.27512,2.1929
-2.81309,2.73935,1.27512,2.1929
-2.81309,2.73935,1.27512,2.1929
-2.81309,2.73935,1.27512,2.1929
-2.81309,2.73935,1.27512,2.1929
-2.81309,2.73935,1.27512,2.1929
-2.81309,2.73935,1.27512,2.1929
-2.81309,2.73935,1.27512,2.1929
-2.81309,2.73935,1.27512,2.1929
-2.81309,2.73935,1.27512,2.1929
-2.81309,2.73935,1.27512,2.1929
-2.81309,2.73935,1.27512,2.1929
-2.81309,2.73935,1.27512,2.1929
-2.81309,2.73935,1.27512,2.1929
-2.81309,2.73935,1.27512,2.1929
-2.81309,2.73935,1.27512,2.1929
-2.81309,2.73935,1.27512,2.1929
-2.81309,2.73935,1.27512,2.1929
-2.81309,2.73935,1.27512,2.1929
-2.81309,2.73935,1.27512,2.1929
-2.81309,2.73935,1.27512,2.1929
-2.81309,2.73935,1.27512,2.1929
-2.81309,2.73935,1.27512,2.1929
-2.81309,2.73935,1.27512,2.1929
-2.81309,2.73935,1.27512,2.1929
-2.81309,2.73935,1.27512,2.1929
-2.81309,2.73935,1.27512,2.1929
-2.81309,2.73935,1.27512,2.1929
-2.81309,2.73935,1.27512,2.1929
-2.81309,2.73935,1.27512,2.1929
-2.81309,2.73935,1.27512,2.1929
-2.81309,2.73935,1.27512,2.1929
-2.81309,2.73935,1.27512,2.1929
-2.81309,2.73935,1.27512,2.1929
-2.81309,2.73935,1.27512,2.1929
-2.81309,2.73935,1.27512,2.1929
-2.81309,2.73935,1.27512,2.1929
-2.81309,2.73935,1.27512,2.1929
-2.81309,2.73935,1.27512,2.1929
-2.81309,2.73935,1.27512,2.1929
-2.81309,2.73935,1.27512,2.1929
-2.81309,2.73935,1.27512,2.1929
-2.81309,2.73935,1.27512,2.1929
-2.81309,2.73935,1.27512,2.1929
-2.81309,2.73935,1.27512,2.1929
-2.81309,2.73935,1.27512,2.1929
-2.81309,2.73935,1.27512,2.1929
-2.81309,2.73935,1.27512,2.1929
-2.81309,2.73935,1.27512,2.1929
-2.81309,2.73935,1.27512,2.1929
-2.81309,2.73935,1.27512,2.1929
-2.81309,2.73935,1.27512,2.1929
-2.81309,2.73935,1.27512,2.1929
-2.81309,2.73935,1.27512,2.1929
-2.81309,2.73935,1.27512,2.1929
-2.81309,2.73935,1.27512,2.1929
-2.81309,2.73935,1.27512,2.1929
-2.81309,2.73935,1.27512,2.1929
-2.81309,2.73935,1.27512,2.1929
-2.81309,2.73935,1.27512,2.1929
-2.81309,2.73935,1.27512,2.1929
-2.81309,2.73935,1.27512,2.1929
-2.81309,2.73935,1.27512,2.1929
-2.81309,2.73935,1.27512,2.1929
-2.81309,2.73935,1.27512,2.1929
-2.81309,2.73935,1.27512,2.1929
-2.81309,2.73935,1.27512,2.1929
-2.81309,2.73935,1.27512,2.1929
-2.81309,2.73935,1.27512,2.1929
-2.81309,2.73935,1.27512,2.1929
-2.81309,2.73935,1.27512,2.1929
-2.81309,2.73935,1.27512,2.1929
-2.81309,2.73935,1.27512,2.1929
-2.81309,2.73935,1.27512,2.1929
-2.81309,2.73935,1.27512,2.1929
-2.81309,2.73935,1.27512,2.1929
-2.81309,2.73935,1.27512,2.1929
-2.81309,2.73935,1.27512,2.1929
-2.81309,2.73935,1.27512,2.1929
-2.81309,2.73935,1.27512,2.1929
-2.81309,2.73935,1.27512,2.1929
-2.81309,2.73935,1.27512,2.1929
-2.81309,2.73935,1.27512,2.1929
-2.81309,2.73935,1.27512,2.1929
-2.81309,2.73935,1.27512,2.1929
-2.81309,2.73935,1.27512,2.1929
-2.81309,2.73935,1.27512,2.1929
-2.81309,2.73935,1.27512,2.1929
-2.81309,2.73935,1.27512,2.1929
-2.81309,2.73935,1.27512,2.1929
-2.81309,2.73935,1.27512,2.1929
-2.81309,2.73935,1.27512,2.1929
-2.81309,2.73935,1.27512,2.1929
-2.81309,2.73935,1.27512,2.1929
-2.81309,2.73935,1.27512,2.1929
-2.81309,2.73935,1.27512,2.1929
-2.81309,2.73935,1.27512,2.1929
-2.81309,2.73935,1.27512,2.1929
-2.81309,2.73935,1.27512,2.1929
-2.81309,2.73935,1.27512,2.1929
-2.81309,2.73935,1.27512,2.1929
-2.81309,2.73935,1.27512,2.1929
-2.81309,2.73935,1.27512,2.1929
-2.81309,2.73935,1.27512,2.1929
-2.81309,2.73935,1.27512,2.1929
-2.81309,2.73935,1.27512,2.1929
-2.81309,2.73935,1.27512,2.1929
-2.81309,2.73935,1.27512,2.1929
-2.81309,2.73935,1.27512,2.1929
-2.81309,2.73935,1.27512,2.1929
-2.81309,2.73935,1.27512,2.1929
-2.81309,2.73935,1.27512,2.1929
-2.81309,2.73935,1.27512,2.1929
-2.81309,2.73935,1.27512,2.1929
-2.81309,2.73935,1.27512,2.1929
-2.81309,2.73935,1.27512,2.1929
-2.81309,2.73935,1.27512,2.1929
-2.81309,2.73935,1.27512,2.1929
-2.81309,2.73935,1.27512,2.1929
-2.81309,2.73935,1.27512,2.1929
-2.81309,2.73935,1.27512,2.1929
-2.81309,2.73935,1.27512,2.1929
-2.81309,2.73935,1.27512,2.1929
-2.81309,2.73935,1.27512,2.1929
-2.81309,2.73935,1.27512,2.1929
-2.81309,2.73935,1.27512,2.1929
-2.81309,2.73935,1.27512,2.1929
-2.81309,2.73935,1.27512,2.1929
-2.81309,2.73935,1.27512,2.1929
-2.81309,2.73935,1.27512,2.1929
-2.81309,2.73935,1.27512,2.1929
-2.81309,2.73935,1.27512,2.1929
-2.81309,2.73935,1.27512,2.1929
-2.81309,2.73935,1.27512,2.1929
-2.81309,2.73935,1.27512,2.1929
-2.81309,2.73935,1.27512,2.1929
-2.81309,2.73935,1.27512,2.1929
-2.81309,2.73935,1.27512,2.1929
-2.81309,2.73935,1.27512,2.1929
-2.81309,2.73935,1.27512,2.1929
-2.81309,2.73935,1.27512,2.1929
-2.81309,2.73935,1.27512,2.1929
-2.81309,2.73935,1.27512,2.1929
-2.81309,2.73935,1.27512,2.1929
-2.81309,2.73935,1.27512,2.1929
-2.81309,2.73935,1.27512,2.1929
-2.81309,2.73935,1.27512,2.1929
-2.81309,2.73935,1.27512,2.1929
-2.81309,2.73935,1.27512,2.1929
-2.81309,2.73935,1.27512,2.1929
-2.81309,2.73935,1.27512,2.1929
-2.81309,2.73935,1.27512,2.1929
-2.81309,2.73935,1.27512,2.1929
-2.81309,2.73935,1.27512,2.1929
-2.81309,2.73935,1.27512,2.1929
-2.81309,2.73935,1.27512,2.1929
-2.81309,2.73935,1.27512,2.1929
-2.81309,2.73935,1.27512,2.1929
-2.81309,2.73935,1.27512,2.1929
-2.81309,2.73935,1.27512,2.1929
-2.81309,2.73935,1.27512,2.1929
-2.81309,2.73935,1.27512,2.1929
-2.81309,2.73935,1.27512,2.1929
-2.81309,2.73935,1.27512,2.1929
-2.81309,2.73935,1.27512,2.1929
-2.81309,2.73935,1.27512,2.1929
-2.81309,2.73935,1.27512,2.1929
-2.81309,2.73935,1.27512,2.1929
-2.81309,2.73935,1.27512,2.1929
-2.81309,2.73935,1.27512,2.1929
-2.81309,2.73935,1.27512,2.1929
-2.81309,2.73935,1.27512,2.1929
-2.81309,2.73935,1.27512,2.1929
-2.81309,2.73935,1.27512,2.1929
-2.81309,2.73935,1.27512,2.1929
-2.81309,2.73935,1.27512,2.1929
-2.81309,2.73935,1.27512,2.1929
-2.81309,2.73935,1.27512,2.1929
-2.81309,2.73935,1.27512,2.1929
-2.81309,2.73935,1.27512,2.1929
-2.81309,2.73935,1.27512,2.1929
-2.81309,2.73935,1.27512,2.1929
-2.81309,2.73935,1.27512,2.1929
-2.81309,2.73935,1.27512,2.1929
-2.81309,2.73935,1.27512,2.1929
-2.81309,2.73935,1.27512,2.1929
-2.81309,2.73935,1.27512,2.1929
-2.81309,2.73935,1.27512,2.1929
-2.81309,2.73935,1.27512,2.1929
-2.81309,2.73935,1.27512,2.1929
-2.81309,2.73935,1.27512,2.1929
-2.81309,2.73935,1.27512,2.1929
-2.81309,2.73935,1.27512,2.1929
-2.81309,2.73935,1.27512,2.1929
-2.81309,2.73935,1.27512,2.1929
-2.81309,2.73935,1.27512,2.1929
-2.81309,2.73935,1.27512,2.1929
-2.81309,2.73935,1.27512,2.1929
-2.81309,2.73935,1.27512,2.1929
-2.81309,2.73935,1.27512,2.1929
-2.81309,2.73935,1.27512,2.1929
-2.81309,2.73935,1.27512,2.1929
-2.81309,2.73935,1.27512,2.1929
-2.81309,2.73935,1.27512,2.1929
-2.81309,2.73935,1.27512,2.1929
-2.81309,2.73935,1.27512,2.1929
-2.81309,2.73935,1.27512,2.1929
-2.81309,2.73935,1.27512,2.1929
-2.81309,2.73935,1.27512,2.1929
-2.81309,2.73935,1.27512,2.1929
-2.81309,2.73935,1.27512,2.1929
-2.81309,2.73935,1.27512,2.1929
-2.81309,2.73935,1.27512,2.1929
-2.81309,2.73935,1.27512,2.1929
-2.81309,2.73935,1.27512,2.1929
-2.81309,2.73935,1.27512,2.1929
-2.81309,2.73935,1.27512,2.1929
-2.81309,2.73935,1.27512,2.1929
-2.81309,2.73935,1.27512,2.1929
-2.81309,2.73935,1.27512,2.1929
-2.81309,2.73935,1.27512,2.1929
-2.81309,2.73935,1.27512,2.1929
-2.81309,2.73935,1.27512,2.1929
-2.81309,2.73935,1.27512,2.1929
-2.81309,2.73935,1.27512,2.1929
-2.81309,2.73935,1.27512,2.1929
-2.81309,2.73935,1.27512,2.1929
-2.81309,2.73935,1.27512,2.1929
-2.81309,2.73935,1.27512,2.1929
-2.81309,2.73935,1.27512,2.1929
-2.81309,2.73935,1.27512,2.1929
-2.81309,2.73935,1.27512,2.1929
-2.81309,2.73935,1.27512,2.1929
-2.81309,2.73935,1.27512,2.1929
-2.81309,2.73935,1.27512,2.1929
-2.81309,2.73935,1.27512,2.1929
-2.81309,2.73935,1.27512,2.1929
-2.81309,2.73935,1.27512,2.1929
-2.81309,2.73935,1.27512,2.1929
-2.81309,2.73935,1.27512,2.1929
-2.81309,2.73935,1.27512,2.1929
-2.81309,2.73935,1.27512,2.1929
-2.81309,2.73935,1.27512,2.1929
-2.81309,2.73935,1.27512,2.1929
-2.81309,2.73935,1.27512,2.1929
-2.81309,2.73935,1.27512,2.1929
-2.81309,2.73935,1.27512,2.1929
-2.81309,2.73935,1.27512,2.1929
-2.81309,2.73935,1.27512,2.1929
-2.81309,2.73935,1.27512,2.1929
-2.81309,2.73935,1.27512,2.1929
-2.81309,2.73935,1.27512,2.1929
-2.81309,2.73935,1.27512,2.1929
-2.81309,2.73935,1.27512,2.1929
-2.81309,2.73935,1.27512,2.1929
-2.81309,2.73935,1.27512,2.1929
-2.81309,2.73935,1.27512,2.1929
-2.81309,2.73935,1.27512,2.1929
-2.81309,2.73935,1.27512,2.1929
-2.81309,2.73935,1.27512,2.1929
-2.81309,2.73935,1.27512,2.1929
-2.81309,2.73935,1.27512,2.1929
-2.81309,2.73935,1.27512,2.1929
-2.81309,2.73935,1.27512,2.1929
-2.81309,2.73935,1.27512,2.1929
-2.81309,2.73935,1.27512,2.1929
-2.81309,2.73935,1.27512,2.1929
-2.81309,2.73935,1.27512,2.1929
-2.81309,2.73935,1.27512,2.1929
-2.81309,2.73935,1.27512,2.1929
-2.81309,2.73935,1.27512,2.1929
-2.81309,2.73935,1.27512,2.1929
-2.81309,2.73935,1.27512,2.1929
-2.81309,2.73935,1.27512,2.1929
-2.81309,2.73935,1.27512,2.1929
-2.81309,2.73935,1.27512,2.1929
-2.81309,2.73935,1.27512,2.1929
-2.81309,2.73935,1.27512,2.1929
-2.81309,2.73935,1.27512,2.1929
-2.81309,2.73935,1.27512,2.1929
-2.81309,2.73935,1.27512,2.1929
-2.81309,2.73935,1.27512,2.1929
-2.81309,2.73935,1.27512,2.1929
-2.81309,2.73935,1.27512,2.1929
-2.81309,2.73935,1.27512,2.1929
-2.81309,2.73935,1.27512,2.1929
-2.81309,2.73935,1.27512,2.1929
-2.81309,2.73935,1.27512,2.1929
-2.81309,2.73935,1.27512,2.1929
-2.81309,2.73935,1.27512,2.1929
-2.81309,2.73935,1.27512,2.1929
-2.81309,2.73935,1.27512,2.1929
-2.81309,2.73935,1.27512,2.1929
-2.81309,2.73935,1.27512,2.1929
-2.81309,2.73935,1.27512,2.1929
-2.81309,2.73935,1.27512,2.1929
-2.81309,2.73935,1.27512,2.1929
-2.81309,2.73935,1.27512,2.1929
-2.81309,2.73935,1.27512,2.1929
-2.81309,2.73935,1.27512,2.1929
-2.81309,2.73935,1.27512,2.1929
-2.81309,2.73935,1.27512,2.1929
-2.81309,2.73935,1.27512,2.1929
-2.81309,2.73935,1.27512,2.1929
-2.81309,2.73935,1.27512,2.1929
-2.81309,2.73935,1.27512,2.1929
-2.81309,2.73935,1.27512,2.1929
-2.81309,2.73935,1.27512,2.1929
-2.81309,2.73935,1.27512,2.1929
-2.81309,2.73935,1.27512,2.1929
-2.81309,2.73935,1.27512,2.1929
-2.81309,2.73935,1.27512,2.1929
-2.81309,2.73935,1.27512,2.1929
-2.81309,2.73935,1.27512,2.1929
-2.81309,2.73935,1.27512,2.1929
-2.81309,2.73935,1.27512,2.1929
-2.81309,2.73935,1.27512,2.1929
-2.81309,2.73935,1.27512,2.1929
-2.81309,2.73935,1.27512,2.1929
-2.81309,2.73935,1.27512,2.1929
-2.81309,2.73935,1.27512,2.1929
-2.81309,2.73935,1.27512,2.1929
-2.81309,2.73935,1.27512,2.1929
-2.81309,2.73935,1.27512,2.1929
-2.81309,2.73935,1.27512,2.1929
-2.81309,2.73935,1.27512,2.1929
-2.81309,2.73935,1.27512,2.1929
-2.81309,2.73935,1.27512,2.1929
-2.81309,2.73935,1.27512,2.1929
-2.81309,2.73935,1.27512,2.1929
-2.81309,2.73935,1.27512,2.1929
-2.81309,2.73935,1.27512,2.1929
-2.81309,2.73935,1.27512,2.1929
-2.81309,2.73935,1.27512,2.1929
-2.81309,2.73935,1.27512,2.1929
-2.81309,2.73935,1.27512,2.1929
-2.81309,2.73935,1.27512,2.1929
-2.81309,2.73935,1.27512,2.1929
-2.81309,2.73935,1.27512,2.1929
-2.81309,2.73935,1.27512,2.1929
-2.81309,2.73935,1.27512,2.1929
-2.81309,2.73935,1.27512,2.1929
-2.81309,2.73935,1.27512,2.1929
-2.81309,2.73935,1.27512,2.1929
-2.81309,2.73935,1.27512,2.1929
-2.81309,2.73935,1.27512,2.1929
-2.81309,2.73935,1.27512,2.1929
-2.81309,2.73935,1.27512,2.1929
-2.81309,2.73935,1.27512,2.1929
-2.81309,2.73935,1.27512,2.1929
-2.81309,2.73935,1.27512,2.1929
-2.81309,2.73935,1.27512,2.1929
-2.81309,2.73935,1.27512,2.1929
-2.81309,2.73935,1.27512,2.1929
-2.81309,2.73935,1.27512,2.1929
-2.81309,2.73935,1.27512,2.1929
-2.81309,2.73935,1.27512,2.1929
-2.81309,2.73935,1.27512,2.1929
-2.81309,2.73935,1.27512,2.1929
-2.81309,2.73935,1.27512,2.1929
-2.81309,2.73935,1.27512,2.1929
-2.81309,2.73935,1.27512,2.1929
-2.81309,2.73935,1.27512,2.1929
-2.81309,2.73935,1.27512,2.1929
-2.81309,2.73935,1.27512,2.1929
-2.81309,2.73935,1.27512,2.1929
-2.81309,2.73935,1.27512,2.1929
-2.81309,2.73935,1.27512,2.1929
-2.81309,2.73935,1.27512,2.1929
-2.81309,2.73935,1.27512,2.1929
-2.81309,2.73935,1.27512,2.1929
-2.81309,2.73935,1.27512,2.1929
-2.81309,2.73935,1.27512,2.1929
-2.81309,2.73935,1.27512,2.1929
-2.81309,2.73935,1.27512,2.1929
-2.81309,2.73935,1.27512,2.1929
-2.81309,2.73935,1.27512,2.1929
-2.81309,2.73935,1.27512,2.1929
-2.81309,2.73935,1.27512,2.1929
-2.81309,2.73935,1.27512,2.1929
-2.81309,2.73935,1.27512,2.1929
-2.81309,2.73935,1.27512,2.1929
-2.81309,2.73935,1.27512,2.1929
-2.81309,2.73935,1.27512,2.1929
-2.81309,2.73935,1.27512,2.1929
-2.81309,2.73935,1.27512,2.1929
-2.81309,2.73935,1.27512,2.1929
-2.81309,2.73935,1.27512,2.1929
-2.81309,2.73935,1.27512,2.1929
-2.81309,2.73935,1.27512,2.1929
-2.81309,2.73935,1.27512,2.1929
-2.81309,2.73935,1.27512,2.1929
-2.81309,2.73935,1.27512,2.1929
-2.81309,2.73935,1.27512,2.1929
-2.81309,2.73935,1.27512,2.1929
-2.81309,2.73935,1.27512,2.1929
-2.81309,2.73935,1.27512,2.1929