-2,2.00012,0.141769,-0.000106677
-2,2,0.1417,-0.000148005
-2,1.99988,0.140652,-0.000189237
-2,1.99988,0.141769,-0.000228016
-2,2,0.1417,-0.000269227
-2,2.00012,0.140651,-0.000310312
-2,2.00012,0.141769,-0.000348844
-2,2,0.1417,-0.000389648
-2,1.99988,0.140652,-0.00043036
-2,1.99988,0.141769,-0.000468647
-2,2,0.1417,-0.000509333
-2,2.00012,0.140652,-0.000549894
-2,2.00012,0.141769,-0.000587937
-2,2,0.1417,-0.000628224
-2,1.99988,0.140652,-0.000668422
-2,1.99988,0.141769,-0.000706224
-2,2,0.1417,-0.000746394
-2,2.00012,0.140652,-0.000786443
-2,2.00016,0.144884,-0.000812233
-1.99998,2.00138,0.203158,-0.000768174
-1.99997,2.00166,0.291862,-0.000677566
-1.99998,2.0014,0.375277,-0.00056722
-1.99999,2.00082,0.439637,-0.00045374
-1.99999,2.00041,0.483198,-0.000348184
-2,2.00017,0.509494,-0.000256846
-2,2.00007,0.522606,-0.00018692
-2,2.00003,0.531055,-0.00670467
-1.99999,2.00003,0.53586,-0.0526417
-1.99999,2.00002,0.536888,-0.124861
-1.99999,2.00001,0.535651,-0.20754
-1.99999,2.00001,0.533378,-0.290245
-2,2,0.530858,-0.366616
-2,2,0.528549,-0.433234
-2,2,0.526787,-0.484694
-2,2,0.526822,-0.538413
-2,2,0.529192,-0.615399
-2,2,0.530348,-0.710295
-2,2,0.530347,-0.809328
-2,2,0.529546,-0.903614
-2,2,0.52833,-0.987971
-2,2,0.527014,-1.05986
-2,2,0.525802,-1.11859
-2,2,0.5265,-1.16847
-2,2,0.529357,-1.25043
-2,2,0.530596,-1.34636
-2,2,0.530553,-1.44543
-2,2,0.529666,-1.53918
-2,2,0.528377,-1.62267
-2,2,0.527009,-1.69353
-2,2,0.525816,-1.74916
-2,2,0.526259,-1.80087
-2,2,0.528981,-1.87651
-2,2,0.530335,-1.97028
-2,2,0.530421,-2.06836
-2,2,0.52964,-2.1619
-2,2,0.528421,-2.24569
-2,2,0.527086,-2.31714
-2,2,0.525853,-2.37556
-2,2,0.526639,-2.42779
-2,2,0.529185,-2.50701
-2,2,0.530396,-2.60291
-2,2,0.530381,-2.70199
-2,2,0.52954,-2.79575
-2,2,0.528291,-2.87928
-2,2,0.526957,-2.95017
-2,2,0.525787,-3.00582
-2,2,0.526232,-3.05754
-2,2,0.528924,-3.13322
-2,2,0.53028,3.05617
-2,2,0.530377,2.95807
-2,2,0.529609,2.86454
-2,2,0.528392,2.78073
-2,2,0.527121,2.71187
-2,2,0.525843,2.65084
-2,2,0.526666,2.5986
-2,2,0.529384,2.51928
-2,2,0.53063,2.42334
-2,2,0.530577,2.32428
-2,2,0.529684,2.23055
-2,2,0.528387,2.14708
-2,2,0.52701,2.07624
-2,2,0.525813,2.02062
-2,2,0.526609,1.96707
-2,2,0.529363,1.88841
-2,2,0.530608,1.7931
-2,2,0.53057,1.69449
-2,2,0.529681,1.60114
-2,2,0.528391,1.51798
-2,2,0.527015,1.44739
-2,2,0.525774,1.38991
-2,2,0.525928,1.34194
-2,2,0.528622,1.26942
-2,2,0.530078,1.17717
-2,2,0.530276,1.07955
-2,2,0.529602,0.985767
-2,2,0.528445,0.901335
-2,2,0.527249,0.834363
-2,2,0.525919,0.769769
-2,2,0.52638,0.718546
-2,2,0.529082,0.641479
-2,2,0.530414,0.546476
-2,2,0.530468,0.447341
-2,2,0.529663,0.352968
-2,2,0.528428,0.268557
-2,2,0.527132,0.199266
-2,2,0.52584,0.137902
-2,2,0.524902,0.0917471
-2,2,0.52432,0.0568355
-2,2,0.524024,0.0314741
-2,2,0.523911,0.0138593
-2,2,0.523887,0.00228317
-2,2,0.52389,-0.0047567
-2,2,0.52389,-0.0084284
-2,2,0.523869,-0.0100542
-2,2,0.52383,-0.0101205
-2,2,0.523778,-0.00931912
-2,2,0.523718,-0.00806977
-2,2,0.52366,-0.00665985
-2,2,0.523606,-0.00527298
-2,2,0.52356,-0.00401463
-2,2,0.523524,-0.00297604
-2,2,0.523494,-0.00205504
-2,2,0.523475,-0.00136276
-2,2,0.523465,-0.000840061
-2,2,0.52346,-0.000461057
-2,2,0.523459,-0.000198694
-2.00036,1.99952,0.52457,-0.00175679
-2.04532,1.94636,0.530199,-0.0209014
-2.18419,1.81589,0.526882,-0.00464936
-2.3222,1.68224,0.524288,-0.00096188
-2.41212,1.58884,0.52356,0.00195769
-2.45827,1.53758,0.522753,0.00465087
-2.47868,1.51572,0.522087,0.00555405
-2.48772,1.50807,0.521928,0.00535127
-2.5,1.5,0.523455,-4.56264e-05
-2.5,1.5,0.523455,-4.51684e-05
-2.5,1.5,0.523455,-4.47121e-05
-2.5,1.5,0.523455,-4.42578e-05
-2.5,1.5,0.523455,-4.38053e-05
-2.5,1.5,0.523455,-4.33547e-05
-2.5,1.5,0.523455,-4.29062e-05
-2.5,1.5,0.523455,-4.24596e-05
-2.5,1.5,0.523455,-4.2015e-05
-2.5,1.5,0.523455,-4.15726e-05
-2.5,1.5,0.523455,-3.20291e-05
-2.5,1.5,0.523455,-3.16439e-05
-2.5,1.5,0.523455,-3.12614e-05
-2.5,1.5,0.523455,-3.08814e-05
-2.5,1.5,0.523455,-3.0504e-05
-2.5,1.5,0.523455,-3.01294e-05
-2.5,1.5,0.523455,-2.97573e-05
-2.5,1.5,0.523455,-2.93879e-05
-2.5,1.5,0.523455,-2.90211e-05
-2.5,1.5,0.523455,-2.86571e-05
-2.5,1.5,0.523455,-2.68768e-05
-2.5,1.5,0.523455,-1.89897e-05
-2.5,1.5,0.523454,-1.27464e-05
-2.5,1.5,0.523454,2.62447e-07
-2.5,1.5,0.523454,2.58431e-07
-2.5,1.5,0.523454,2.54454e-07
-2.5,1.5,0.523454,2.50516e-07
-2.5,1.5,0.523454,2.46617e-07
-2.5,1.5,0.523454,2.42758e-07
-2.5,1.5,0.523454,2.38937e-07
-2.5,1.5,0.523454,2.35155e-07
-2.5,1.5,0.523454,2.31412e-07
-2.5,1.5,0.523454,2.27707e-07
-2.5,1.5,0.52946,3.42861e-06
-2.5,1.5,0.530601,1.20131e-05
-2.5,1.5,0.531834,2.70095e-05
-2.5,1.5,0.533158,4.91225e-05
-2.5,1.5,0.53457,7.87962e-05
-2.5,1.5,0.536065,0.000116255
-2.50036,1.50018,0.568451,0.00237102
-2.50677,1.50301,0.633999,0.0157754
-2.52598,1.51008,0.697518,0.0453743
-2.55736,1.52066,0.748986,0.0933608
-2.59707,1.53352,0.786531,0.159366
-2.64079,1.54768,0.812161,0.240909
-2.68549,1.56282,0.829062,0.335113
-2.73032,1.57885,0.840489,0.440176
-2.77612,1.59567,0.848703,0.553925
-2.82288,1.61246,0.85533,0.674424
-2.86962,1.62871,0.86136,0.799718
-2.91588,1.64489,0.867304,0.928704
-2.96027,1.66067,0.873129,1.05525
-3.00865,1.67778,0.879685,1.19444
-3.05542,1.69416,0.886328,1.32978
-3.10216,1.71041,0.893163,1.46649
-3.14936,1.727,0.900106,1.60419
-3.19659,1.74343,0.907204,1.74248
-3.24361,1.75974,0.914388,1.88104
-3.29031,1.77602,0.921503,2.01999
-3.33657,1.79264,0.928935,2.15654
-3.37439,1.81121,0.937355,2.28001
-3.39486,1.83673,0.946835,2.38115
-3.39949,1.87129,0.957383,2.45457
-3.39326,1.91228,0.968771,2.4992
-3.38114,1.95631,0.980835,2.5167
-3.36655,2.00129,0.993435,2.5103
-3.35112,2.04653,1.00637,2.48397
-3.33522,2.09239,1.01956,2.44153
-3.31893,2.13843,1.03269,2.38701
-3.30253,2.18363,1.04554,2.32403
-3.28626,2.22802,1.05833,2.25486
-3.27006,2.2726,1.07113,2.18143
-3.25358,2.31775,1.08407,2.10482
-3.23675,2.36363,1.097,2.02636
-3.21965,2.40948,1.11002,1.94673
-3.20259,2.45532,1.1231,1.86665
-3.18573,2.50065,1.13611,1.7866
-3.16901,2.54582,1.1489,1.70693
-3.15248,2.59054,1.16167,1.62763
-3.13624,2.63439,1.17336,1.55116
-3.12262,2.66941,1.18222,1.48212
-3.11391,2.6911,1.18794,1.42295
-3.10986,2.70191,1.19094,1.37795
-3.10791,2.70811,1.19261,1.33628
-3.10721,2.71082,1.19316,1.30734
-3.10679,2.71225,1.19322,1.28625
-3.10645,2.71307,1.19308,1.27157
-3.1062,2.71355,1.19287,1.26189
-3.10603,2.71383,1.19267,1.25599
-3.10594,2.71399,1.19249,1.2528
-3.10589,2.71407,1.19235,1.25154
-3.10587,2.71412,1.19223,1.2514
-3.10585,2.71415,1.19214,1.25204
-3.10585,2.71416,1.19207,1.25305
-3.10584,2.71417,1.19201,1.25421
-3.10584,2.71417,1.19197,1.25534
-3.10584,2.71418,1.19193,1.25638
-3.10584,2.71418,1.1919,1.25727
-3.10584,2.71418,1.19188,1.25797
-3.10584,2.71418,1.19187,1.25857
-3.10584,2.71418,1.19186,1.259
-3.10584,2.71418,1.19186,1.25932
-3.10584,2.71418,1.19186,1.25954
-3.10584,2.71418,1.19186,1.25968
-3.10584,2.71418,1.19186,1.25977
-3.10584,2.71418,1.19186,1.25981
-3.10584,2.71418,1.19186,1.25983
-3.10584,2.71418,1.19186,1.25983
-3.10584,2.71418,1.19186,1.25982
-3.10584,2.71418,1.19186,1.25981
-3.10584,2.71418,1.19186,1.25979
-3.10584,2.71418,1.19186,1.25977
-3.10584,2.71418,1.19186,1.25976
-3.10584,2.71418,1.19186,1.25974
-3.10584,2.71418,1.19186,1.25973
-3.10584,2.71418,1.19186,1.25972
-3.10584,2.71418,1.19186,1.25972
-3.10584,2.71418,1.19186,1.25971
-3.10584,2.71418,1.19186,1.25971
-3.10584,2.71418,1.19186,1.25971
-3.10584,2.71418,1.19186,1.25971
-3.10584,2.71418,1.19186,1.2597
-3.10584,2.71418,1.19186,1.2597
-3.10584,2.71418,1.19186,1.2597
-3.10584,2.71418,1.19186,1.2597
-3.10584,2.71418,1.19186,1.2597
-3.10584,2.71418,1.19186,1.2597
-3.10584,2.71418,1.19186,1.25971
-3.10584,2.71418,1.19186,1.25971
-3.10584,2.71418,1.19186,1.25971
-3.10584,2.71418,1.19186,1.25971
-3.10584,2.71418,1.19186,1.25971
-3.10584,2.71418,1.19186,1.25971
-3.10584,2.71418,1.19186,1.25971
-3.10584,2.71418,1.19186,1.25971
-3.10584,2.71418,1.19186,1.25971
-3.10584,2.71418,1.19186,1.25971
-3.10584,2.71418,1.19186,1.25971
-3.10584,2.71418,1.19186,1.25971
-3.10584,2.71418,1.19186,1.25971
-3.10584,2.71418,1.19186,1.25971
-3.10584,2.71418,1.19186,1.25971
-3.10584,2.71418,1.19186,1.25971
-3.10584,2.71418,1.19186,1.25971
-3.10584,2.71418,1.19186,1.25971
-3.10584,2.71418,1.19186,1.25971
-3.10584,2.71418,1.19186,1.25971
-3.10584,2.71418,1.19186,1.25971
-3.10584,2.71418,1.19186,1.25971
-3.10584,2.71418,1.19186,1.25971
-3.10584,2.71418,1.19186,1.25971
-3.10584,2.71418,1.19186,1.25971
-3.10584,2.71418,1.19186,1.25971
-3.10584,2.71418,1.19186,1.25971
-3.10584,2.71418,1.19186,1.25971
-3.10584,2.71418,1.19186,1.25971
-3.10584,2.71418,1.19186,1.25971
-3.10584,2.71418,1.19186,1.25971
-3.10584,2.71418,1.19186,1.25971
-3.10584,2.71418,1.19186,1.25971
-3.10584,2.71418,1.19186,1.25971
-3.10584,2.71418,1.19186,1.25971
-3.10584,2.71418,1.19186,1.25971
-3.10584,2.71418,1.19186,1.25971
-3.10584,2.71418,1.19186,1.25971
-3.10584,2.71418,1.19186,1.25971
-3.10584,2.71418,1.19186,1.25971
-3.10584,2.71418,1.19186,1.25971
-3.10584,2.71418,1.19186,1.25971
-3.10584,2.71418,1.19186,1.25971
-3.10584,2.71418,1.19186,1.25971
-3.10584,2.71418,1.19186,1.25971
-3.10584,2.71418,1.19186,1.25971
-3.10584,2.71418,1.19186,1.25971
-3.10584,2.71418,1.19186,1.25971
-3.10584,2.71418,1.19186,1.25971
-3.10584,2.71418,1.19186,1.25971
-3.10584,2.71418,1.19186,1.25971
-3.10584,2.71418,1.19186,1.25971
-3.10584,2.71418,1.19186,1.25971
-3.10584,2.71418,1.19186,1.25971
-3.10584,2.71418,1.19186,1.25971
-3.10584,2.71418,1.19186,1.25971
-3.10584,2.71418,1.19186,1.25971
-3.10584,2.71418,1.19186,1.25971
-3.10584,2.71418,1.19186,1.25971
-3.10584,2.71418,1.19186,1.25971
-3.10584,2.71418,1.19186,1.25971
-3.10584,2.71418,1.19186,1.25971
-3.10584,2.71418,1.19186,1.25971
-3.10584,2.71418,1.19186,1.25971
-3.10584,2.71418,1.19186,1.25971
-3.10584,2.71418,1.19186,1.25971
-3.10584,2.71418,1.19186,1.25971
-3.10584,2.71418,1.19186,1.25971
-3.10584,2.71418,1.19186,1.25971
-3.10584,2.71418,1.19186,1.25971
-3.10584,2.71418,1.19186,1.25971
-3.10584,2.71418,1.19186,1.25971
-3.10584,2.71418,1.19186,1.25971
-3.10584,2.71418,1.19186,1.25971
-3.10584,2.71418,1.19186,1.25971
-3.10584,2.71418,1.19186,1.25971
-3.10584,2.71418,1.19186,1.25971
-3.10584,2.71418,1.19186,1.25971
-3.10584,2.71418,1.19186,1.25971
-3.10584,2.71418,1.19186,1.25971
-3.10584,2.71418,1.19186,1.25971
-3.10584,2.71418,1.19186,1.25971
-3.10584,2.71418,1.19186,1.25971
-3.10584,2.71418,1.19186,1.25971
-3.10584,2.71418,1.19186,1.25971
-3.10584,2.71418,1.19186,1.25971
-3.10584,2.71418,1.19186,1.25971
-3.10584,2.71418,1.19186,1.25971
-3.10584,2.71418,1.19186,1.25971
-3.10584,2.71418,1.19186,1.25971
-3.10584,2.71418,1.19186,1.25971
-3.10584,2.71418,1.19186,1.25971
-3.10584,2.71418,1.19186,1.25971
-3.10584,2.71418,1.19186,1.25971
-3.10584,2.71418,1.19186,1.25971
-3.10584,2.71418,1.19186,1.25971
-3.10584,2.71418,1.19186,1.25971
-3.10584,2.71418,1.19186,1.25971
-3.10584,2.71418,1.19186,1.25971
-3.10584,2.71418,1.19186,1.25971
-3.10584,2.71418,1.19186,1.25971
-3.10584,2.71418,1.19186,1.25971
-3.10584,2.71418,1.19186,1.25971
-3.10584,2.71418,1.19186,1.25971
-3.10584,2.71418,1.19186,1.25971
-3.10584,2.71418,1.19186,1.25971
-3.10584,2.71418,1.19186,1.25971
-3.10584,2.71418,1.19186,1.25971
-3.10584,2.71418,1.19186,1.25971
-3.10584,2.71418,1.19186,1.25971
-3.10584,2.71418,1.19186,1.25971
-3.10584,2.71418,1.19186,1.25971
-3.10584,2.71418,1.19186,1.25971
-3.10584,2.71418,1.19186,1.25971
-3.10584,2.71418,1.19186,1.25971
-3.10584,2.71418,1.19186,1.25971
-3.10584,2.71418,1.19186,1.25971
-3.10584,2.71418,1.19186,1.25971
-3.10584,2.71418,1.19186,1.25971
-3.10584,2.71418,1.19186,1.25971
-3.10584,2.71418,1.19186,1.25971
-3.10584,2.71418,1.19186,1.25971
-3.10584,2.71418,1.19186,1.25971
-3.10584,2.71418,1.19186,1.25971
-3.10584,2.71418,1.19186,1.25971
-3.10584,2.71418,1.19186,1.25971
-3.10584,2.71418,1.19186,1.25971
-3.10584,2.71418,1.19186,1.25971
-3.10584,2.71418,1.19186,1.25971
-3.10584,2.71418,1.19186,1.25971
-3.10584,2.71418,1.19186,1.25971
-3.10584,2.71418,1.19186,1.25971
-3.10584,2.71418,1.19186,1.25971
-3.10584,2.71418,1.19186,1.25971
-3.10584,2.71418,1.19186,1.25971
-3.10584,2.71418,1.19186,1.25971
-3.10584,2.71418,1.19186,1.25971
-3.10584,2.71418,1.19186,1.25971
-3.10584,2.71418,1.19186,1.25971
-3.10584,2.71418,1.19186,1.25971
-3.10584,2.71418,1.19186,1.25971
-3.10584,2.71418,1.19186,1.25971
-3.10584,2.71418,1.19186,1.25971
-3.10584,2.71418,1.19186,1.25971
-3.10584,2.71418,1.19186,1.25971
-3.10584,2.71418,1.19186,1.25971
-3.10584,2.71418,1.19186,1.25971
-3.10584,2.71418,1.19186,1.25971
-3.10584,2.71418,1.19186,1.25971
-3.10584,2.71418,1.19186,1.25971
-3.10584,2.71418,1.19186,1.25971
-3.10584,2.71418,1.19186,1.25971
-3.10584,2.71418,1.19186,1.25971
-3.10584,2.71418,1.19186,1.25971
-3.10584,2.71418,1.19186,1.25971
-3.10584,2.71418,1.19186,1.25971
-3.10584,2.71418,1.19186,1.25971
-3.10584,2.71418,1.19186,1.25971
-3.10584,2.71418,1.19186,1.25971
-3.10584,2.71418,1.19186,1.25971
-3.10584,2.71418,1.19186,1.25971
-3.10584,2.71418,1.19186,1.25971
-3.10584,2.71418,1.19186,1.25971
-3.10584,2.71418,1.19186,1.25971
-3.10584,2.71418,1.19186,1.25971
-3.10584,2.71418,1.19186,1.25971
-3.10584,2.71418,1.19186,1.25971
-3.10584,2.71418,1.19186,1.25971
-3.10584,2.71418,1.19186,1.25971
-3.10584,2.71418,1.19186,1.25971
-3.10584,2.71418,1.19186,1.25971
-3.10584,2.71418,1.19186,1.25971
-3.10584,2.71418,1.19186,1.25971
-3.10584,2.71418,1.19186,1.25971
-3.10584,2.71418,1.19186,1.25971
-3.10584,2.71418,1.19186,1.25971
-3.10584,2.71418,1.19186,1.25971
-3.10584,2.71418,1.19186,1.25971
-3.10584,2.71418,1.19186,1.25971
-3.10584,2.71418,1.19186,1.25971
-3.10584,2.71418,1.19186,1.25971
-3.10584,2.71418,1.19186,1.25971
-3.10584,2.71418,1.19186,1.25971
-3.10584,2.71418,1.19186,1.25971
-3.10584,2.71418,1.19186,1.25971
-3.10584,2.71418,1.19186,1.25971
-3.10584,2.71418,1.19186,1.25971
-3.10584,2.71418,1.19186,1.25971
-3.10584,2.71418,1.19186,1.25971
-3.10584,2.71418,1.19186,1.25971
-3.10584,2.71418,1.19186,1.25971
-3.10584,2.71418,1.19186,1.25971
-3.10584,2.71418,1.19186,1.25971
-3.10584,2.71418,1.19186,1.25971
-3.10584,2.71418,1.19186,1.25971
-3.10584,2.71418,1.19186,1.25971
-3.10584,2.71418,1.19186,1.25971
-3.10584,2.71418,1.19186,1.25971
-3.10584,2.71418,1.19186,1.25971
-3.10584,2.71418,1.19186,1.25971
-3.10584,2.71418,1.19186,1.25971
-3.10584,2.71418,1.19186,1.25971
-3.10584,2.71418,1.19186,1.25971
-3.10584,2.71418,1.19186,1.25971
-3.10584,2.71418,1.19186,1.25971
-3.10584,2.71418,1.19186,1.25971
-3.10584,2.71418,1.19186,1.25971
-3.10584,2.71418,1.19186,1.25971
-3.10584,2.71418,1.19186,1.25971
-3.10584,2.71418,1.19186,1.25971
-3.10584,2.71418,1.19186,1.25971
-3.10584,2.71418,1.19186,1.25971
-3.10584,2.71418,1.19186,1.25971
-3.10584,2.71418,1.19186,1.25971
-3.10584,2.71418,1.19186,1.25971
-3.10584,2.71418,1.19186,1.25971
-3.10584,2.71418,1.19186,1.25971
-3.10584,2.71418,1.19186,1.25971
-3.10584,2.71418,1.19186,1.25971
-3.10584,2.71418,1.19186,1.25971
-3.10584,2.71418,1.19186,1.25971
-3.10584,2.71418,1.19186,1.25971
-3.10584,2.71418,1.19186,1.25971
-3.10584,2.71418,1.19186,1.25971
-3.10584,2.71418,1.19186,1.25971
-3.10584,2.71418,1.19186,1.25971
-3.10584,2.71418,1.19186,1.25971
-3.10584,2.71418,1.19186,1.25971
-3.10584,2.71418,1.19186,1.25971
-3.10584,2.71418,1.19186,1.25971
-3.10584,2.71418,1.19186,1.25971
-3.10584,2.71418,1.19186,1.25971
-3.10584,2.71418,1.19186,1.25971
-3.10584,2.71418,1.19186,1.25971
-3.10584,2.71418,1.19186,1.25971
-3.10584,2.71418,1.19186,1.25971
-3.10584,2.71418,1.19186,1.25971
-3.10584,2.71418,1.19186,1.25971
-3.10584,2.71418,1.19186,1.25971
-3.10584,2.71418,1.19186,1.25971
-3.10584,2.71418,1.19186,1.25971
-3.10584,2.71418,1.19186,1.25971
-3.10584,2.71418,1.19186,1.25971
-3.10584,2.71418,1.19186,1.25971
-3.10584,2.71418,1.19186,1.25971
-3.10584,2.71418,1.19186,1.25971
-3.10584,2.71418,1.19186,1.25971
-3.10584,2.71418,1.19186,1.25971
-3.10584,2.71418,1.19186,1.25971
-3.10584,2.71418,1.19186,1.25971
-3.10584,2.71418,1.19186,1.25971
-3.10584,2.71418,1.19186,1.25971
-3.10584,2.71418,1.19186,1.25971
-3.10584,2.71418,1.19186,1.25971
-3.10584,2.71418,1.19186,1.25971
-3.10584,2.71418,1.19186,1.25971
-3.10584,2.71418,1.19186,1.25971
-3.10584,2.71418,1.19186,1.25971
-3.10584,2.71418,1.19186,1.25971
-3.10584,2.71418,1.19186,1.25971
-3.10584,2.71418,1.19186,1.25971
-3.10584,2.71418,1.19186,1.25971
-3.10584,2.71418,1.19186,1.25971
-3.10584,2.71418,1.19186,1.25971
-3.10584,2.71418,1.19186,1.25971
-3.10584,2.71418,1.19186,1.25971
-3.10584,2.71418,1.19186,1.25971
-3.10584,2.71418,1.19186,1.25971
-3.10584,2.71418,1.19186,1.25971
-3.10584,2.71418,1.19186,1.25971
-3.10584,2.71418,1.19186,1.25971
-3.10584,2.71418,1.19186,1.25971
-3.10584,2.71418,1.19186,1.25971
-3.10584,2.71418,1.19186,1.25971
-3.10584,2.71418,1.19186,1.25971
-3.10584,2.71418,1.19186,1.25971
-3.10584,2.71418,1.19186,1.25971
-3.10584,2.71418,1.19186,1.25971
-3.10584,2.71418,1.19186,1.25971
-3.10584,2.71418,1.19186,1.25971
-3.10584,2.71418,1.19186,1.25971
-3.10584,2.71418,1.19186,1.25971
-3.10584,2.71418,1.19186,1.25971
-3.10584,2.71418,1.19186,1.25971
-3.10584,2.71418,1.19186,1.25971
-3.10584,2.71418,1.19186,1.25971
-3.10584,2.71418,1.19186,1.25971
-3.10584,2.71418,1.19186,1.25971
-3.10584,2.71418,1.19186,1.25971
-3.10584,2.71418,1.19186,1.25971
-3.10584,2.71418,1.19186,1.25971
-3.10584,2.71418,1.19186,1.25971
-3.10584,2.71418,1.19186,1.25971
-3.10584,2.71418,1.19186,1.25971
-3.10584,2.71418,1.19186,1.25971
-3.10584,2.71418,1.19186,1.25971
-3.10584,2.71418,1.19186,1.25971
-3.10584,2.71418,1.19186,1.25971
-3.10584,2.71418,1.19186,1.25971
-3.10584,2.71418,1.19186,1.25971
-3.10584,2.71418,1.19186,1.25971
-3.10584,2.71418,1.19186,1.25971
-3.10584,2.71418,1.19186,1.25971
-3.10584,2.71418,1.19186,1.25971
-3.10584,2.71418,1.19186,1.25971
-3.10584,2.71418,1.19186,1.25971
-3.10584,2.71418,1.19186,1.25971
-3.10584,2.71418,1.19186,1.25971
-3.10584,2.71418,1.19186,1.25971
-3.10584,2.71418,1.19186,1.25971
-3.10584,2.71418,1.19186,1.25971
-3.10584,2.71418,1.19186,1.25971
-3.10584,2.71418,1.19186,1.25971
-3.10584,2.71418,1.19186,1.25971
-3.10584,2.71418,1.19186,1.25971
-3.10584,2.71418,1.19186,1.25971
-3.10584,2.71418,1.19186,1.25971
-3.10584,2.71418,1.19186,1.25971
-3.10584,2.71418,1.19186,1.25971
-3.10584,2.71418,1.19186,1.25971
-3.10584,2.71418,1.19186,1.25971
-3.10584,2.71418,1.19186,1.25971
-3.10584,2.71418,1.19186,1.25971
-3.10584,2.71418,1.19186,1.25971
-3.10584,2.71418,1.19186,1.25971
-3.10584,2.71418,1.19186,1.25971
-3.10584,2.71418,1.19186,1.25971
-3.10584,2.71418,1.19186,1.25971
-3.10584,2.71418,1.19186,1.25971
-3.10584,2.71418,1.19186,1.25971
-3.10584,2.71418,1.19186,1.25971
-3.10584,2.71418,1.19186,1.25971
-3.10584,2.71418,1.19186,1.25971
-3.10584,2.71418,1.19186,1.25971
-3.10584,2.71418,1.19186,1.25971
-3.10584,2.71418,1.19186,1.25971
-3.10584,2.71418,1.19186,1.25971
-3.10584,2.71418,1.19186,1.25971
-3.10584,2.71418,1.19186,1.25971
-3.10584,2.71418,1.19186,1.25971
-3.10584,2.71418,1.19186,1.25971
-3.10584,2.71418,1.19186,1.25971
-3.10584,2.71418,1.19186,1.25971
-3.10584,2.71418,1.19186,1.25971
-3.10584,2.71418,1.19186,1.25971
-3.10584,2.71418,1.19186,1.25971
-3.10584,2.71418,1.19186,1.25971
-3.10584,2.71418,1.19186,1.25971
-3.10584,2.71418,1.19186,1.25971
-3.10584,2.71418,1.19186,1.25971
-3.10584,2.71418,1.19186,1.25971
-3.10584,2.71418,1.19186,1.25971
-3.10584,2.71418,1.19186,1.25971
-3.10584,2.71418,1.19186,1.25971
-3.10584,2.71418,1.19186,1.25971
-3.10584,2.71418,1.19186,1.25971
-3.10584,2.71418,1.19186,1.25971
-3.10584,2.71418,1.19186,1.25971
-3.10584,2.71418,1.19186,1.25971
-3.10584,2.71418,1.19186,1.25971
-3.10584,2.71418,1.19186,1.25971
-3.10584,2.71418,1.19186,1.25971
-3.10584,2.71418,1.19186,1.25971
-3.10584,2.71418,1.19186,1.25971
-3.10584,2.71418,1.19186,1.25971
-3.10584,2.71418,1.19186,1.25971
-3.10584,2.71418,1.19186,1.25971
-3.10584,2.71418,1.19186,1.25971
-3.10584,2.71418,1.19186,1.25971
-3.10584,2.71418,1.19186,1.25971
-3.10584,2.71418,1.19186,1.25971
-3.10584,2.71418,1.19186,1.25971
-3.10584,2.71418,1.19186,1.25971
-3.10584,2.71418,1.19186,1.25971
-3.10584,2.71418,1.19186,1.25971
-3.10584,2.71418,1.19186,1.25971
-3.10584,2.71418,1.19186,1.25971
-3.10584,2.71418,1.19186,1.25971
-3.10584,2.71418,1.19186,1.25971
-3.10584,2.71418,1.19186,1.25971
-3.10584,2.71418,1.19186,1.25971
-3.10584,2.71418,1.19186,1.25971
-3.10584,2.71418,1.19186,1.25971
-3.10584,2.71418,1.19186,1.25971
-3.10584,2.71418,1.19186,1.25971
-3.10584,2.71418,1.19186,1.25971
-3.10584,2.71418,1.19186,1.25971
-3.10584,2.71418,1.19186,1.25971
-3.10584,2.71418,1.19186,1.25971
-3.10584,2.71418,1.19186,1.25971
-3.10584,2.71418,1.19186,1.25971
-3.10584,2.71418,1.19186,1.25971
-3.10584,2.71418,1.19186,1.25971
-3.10584,2.71418,1.19186,1.25971
-3.10584,2.71418,1.19186,1.25971
-3.10584,2.71418,1.19186,1.25971
-3.10584,2.71418,1.19186,1.25971
-3.10584,2.71418,1.19186,1.25971
-3.10584,2.71418,1.19186,1.25971
-3.10584,2.71418,1.19186,1.25971
-3.10584,2.71418,1.19186,1.25971
-3.10584,2.71418,1.19186,1.25971
-3.10584,2.71418,1.19186,1.25971
-3.10584,2.71418,1.19186,1.25971
-3.10584,2.71418,1.19186,1.25971
-3.10584,2.71418,1.19186,1.25971
-3.10584,2.71418,1.19186,1.25971
-3.10584,2.71418,1.19186,1.25971
-3.10584,2.71418,1.19186,1.25971
-3.10584,2.71418,1.19186,1.25971
-3.10584,2.71418,1.19186,1.25971
-3.10584,2.71418,1.19186,1.25971
-3.10584,2.71418,1.19186,1.25971
-3.10584,2.71418,1.19186,1.25971
-3.10584,2.71418,1.19186,1.25971
-3.10584,2.71418,1.19186,1.25971
-3.10584,2.71418,1.19186,1.25971
-3.10584,2.71418,1.19186,1.25971
-3.10584,2.71418,1.19186,1.25971
-3.10584,2.71418,1.19186,1.25971
-3.10584,2.71418,1.19186,1.25971
-3.10584,2.71418,1.19186,1.25971
-3.10584,2.71418,1.19186,1.25971
-3.10584,2.71418,1.19186,1.25971
-3.10584,2.71418,1.19186,1.25971
-3.10584,2.71418,1.19186,1.25971
-3.10584,2.71418,1.19186,1.25971
-3.10584,2.71418,1.19186,1.25971
-3.10584,2.71418,1.19186,1.25971
-3.10584,2.71418,1.19186,1.25971
-3.10584,2.71418,1.19186,1.25971
-3.10584,2.71418,1.19186,1.25971
-3.10584,2.71418,1.19186,1.25971
-3.10584,2.71418,1.19186,1.25971
-3.10584,2.71418,1.19186,1.25971
-3.10584,2.71418,1.19186,1.25971
-3.10584,2.71418,1.19186,1.25971
-3.10584,2.71418,1.19186,1.25971
-3.10584,2.71418,1.19186,1.25971
-3.10584,2.71418,1.19186,1.25971
-3.10584,2.71418,1.19186,1.25971
-3.10584,2.71418,1.19186,1.25971
-3.10584,2.71418,1.19186,1.25971
-3.10584,2.71418,1.19186,1.25971
-3.10584,2.71418,1.19186,1.25971
-3.10584,2.71418,1.19186,1.25971
-3.10584,2.71418,1.19186,1.25971
-3.10584,2.71418,1.19186,1.25971
-3.10584,2.71418,1.19186,1.25971
-3.10584,2.71418,1.19186,1.25971
-3.10584,2.71418,1.19186,1.25971
-3.10584,2.71418,1.19186,1.25971
-3.10584,2.71418,1.19186,1.25971
-3.10584,2.71418,1.19186,1.25971
-3.10584,2.71418,1.19186,1.25971
-3.10584,2.71418,1.19186,1.25971
-3.10584,2.71418,1.19186,1.25971
-3.10584,2.71418,1.19186,1.25971
-3.10584,2.71418,1.19186,1.25971
-3.10584,2.71418,1.19186,1.25971
-3.10584,2.71418,1.19186,1.25971
-3.10584,2.71418,1.19186,1.25971
-3.10584,2.71418,1.19186,1.25971
-3.10584,2.71418,1.19186,1.25971
-3.10584,2.71418,1.19186,1.25971
-3.10584,2.71418,1.19186,1.25971
-3.10584,2.71418,1.19186,1.25971
-3.10584,2.71418,1.19186,1.25971
-3.10584,2.71418,1.19186,1.25971
-3.10584,2.71418,1.19186,1.25971
-3.10584,2.71418,1.19186,1.25971
-3.10584,2.71418,1.19186,1.25971
-3.10584,2.71418,1.19186,1.25971
-3.10584,2.71418,1.19186,1.25971
-3.10584,2.71418,1.19186,1.25971
-3.10584,2.71418,1.19186,1.25971
-3.10584,2.71418,1.19186,1.25971
-3.10584,2.71418,1.19186,1.25971
-3.10584,2.71418,1.19186,1.25971
-3.10584,2.71418,1.19186,1.25971
-3.10584,2.71418,1.19186,1.25971
-3.10584,2.71418,1.19186,1.25971
-3.10584,2.71418,1.19186,1.25971
-3.10584,2.71418,1.19186,1.25971
-3.10584,2.71418,1.19186,1.25971
-3.10584,2.71418,1.19186,1.25971
-3.10584,2.71418,1.19186,1.25971
-3.10584,2.71418,1.19186,1.25971
-3.10584,2.71418,1.19186,1.25971
-3.10584,2.71418,1.19186,1.25971
-3.10584,2.71418,1.19186,1.25971
-3.10584,2.71418,1.19186,1.25971
-3.10584,2.71418,1.19186,1.25971
-3.10584,2.71418,1.19186,1.25971
-3.10584,2.71418,1.19186,1.25971
-3.10584,2.71418,1.19186,1.25971
-3.10584,2.71418,1.19186,1.25971
-3.10584,2.71418,1.19186,1.25971
-3.10584,2.71418,1.19186,1.25971
-3.10584,2.71418,1.19186,1.25971
-3.10584,2.71418,1.19186,1.25971
-3.10584,2.71418,1.19186,1.25971
-3.10584,2.71418,1.19186,1.25971
-3.10584,2.71418,1.19186,1.25971
-3.10584,2.71418,1.19186,1.25971
-3.10584,2.71418,1.19186,1.25971
-3.10584,2.71418,1.19186,1.25971
-3.10584,2.71418,1.19186,1.25971
-3.10584,2.71418,1.19186,1.25971
-3.10584,2.71418,1.19186,1.25971
-3.10584,2.71418,1.19186,1.25971
-3.10584,2.71418,1.19186,1.25971
-3.10584,2.71418,1.19186,1.25971
-3.10584,2.71418,1.19186,1.25971
-3.10584,2.71418,1.19186,1.25971
-3.10584,2.71418,1.19186,1.25971
-3.10584,2.71418,1.19186,1.25971
-3.10584,2.71418,1.19186,1.25971
-3.10584,2.71418,1.19186,1.25971
-3.10584,2.71418,1.19186,1.25971
-3.10584,2.71418,1.19186,1.25971
-3.10584,2.71418,1.19186,1.25971
-3.10584,2.71418,1.19186,1.25971
-3.10584,2.71418,1.19186,1.25971
-3.10584,2.71418,1.19186,1.25971
-3.10584,2.71418,1.19186,1.25971
-3.10584,2.71418,1.19186,1.25971
-3.10584,2.71418,1.19186,1.25971
-3.10584,2.71418,1.19186,1.25971
-3.10584,2.71418,1.19186,1.25971
-3.10584,2.71418,1.19186,1.25971
-3.10584,2.71418,1.19186,1.25971
-3.10584,2.71418,1.19186,1.25971
-3.10584,2.71418,1.19186,1.25971
-3.10584,2.71418,1.19186,1.25971
-3.10584,2.71418,1.19186,1.25971
-3.10584,2.71418,1.19186,1.25971
-3.10584,2.71418,1.19186,1.25971
-3.10584,2.71418,1.19186,1.25971
-3.10584,2.71418,1.19186,1.25971
-3.10584,2.71418,1.19186,1.25971
-3.10584,2.71418,1.19186,1.25971
-3.10584,2.71418,1.19186,1.25971
-3.10584,2.71418,1.19186,1.25971
-3.10584,2.71418,1.19186,1.25971
-3.10584,2.71418,1.19186,1.25971
-3.10584,2.71418,1.19186,1.25971
-3.10584,2.71418,1.19186,1.25971
-3.10584,2.71418,1.19186,1.25971
-3.10584,2.71418,1.19186,1.25971
-3.10584,2.71418,1.19186,1.25971
-3.10584,2.71418,1.19186,1.25971
-3.10584,2.71418,1.19186,1.25971
-3.10584,2.71418,1.19186,1.25971
-3.10584,2.71418,1.19186,1.25971
-3.10584,2.71418,1.19186,1.25971
-3.10584,2.71418,1.19186,1.25971
-3.10584,2.71418,1.19186,1.25971
-3.10584,2.71418,1.19186,1.25971
-3.10584,2.71418,1.19186,1.25971
-3.10584,2.71418,1.19186,1.25971
-3.10584,2.71418,1.19186,1.25971
-3.10584,2.71418,1.19186,1.25971
-3.10584,2.71418,1.19186,1.25971
-3.10584,2.71418,1.19186,1.25971
-3.10584,2.71418,1.19186,1.25971
-3.10584,2.71418,1.19186,1.25971
-3.10584,2.71418,1.19186,1.25971
-3.10584,2.71418,1.19186,1.25971
-3.10584,2.71418,1.19186,1.25971
-3.10584,2.71418,1.19186,1.25971
-3.10584,2.71418,1.19186,1.25971
-3.10584,2.71418,1.19186,1.25971
-3.10584,2.71418,1.19186,1.25971
-3.10584,2.71418,1.19186,1.25971
-3.10584,2.71418,1.19186,1.25971
-3.10584,2.71418,1.19186,1.25971
-3.10584,2.71418,1.19186,1.25971
-3.10584,2.71418,1.19186,1.25971
-3.10584,2.71418,1.19186,1.25971
-3.10584,2.71418,1.19186,1.25971
-3.10584,2.71418,1.19186,1.25971
-3.10584,2.71418,1.19186,1.25971
-3.10584,2.71418,1.19186,1.25971
-3.10584,2.71418,1.19186,1.25971
-3.10584,2.71418,1.19186,1.25971
-3.10584,2.71418,1.19186,1.25971
-3.10584,2.71418,1.19186,1.25971
-3.10584,2.71418,1.19186,1.25971
-3.10584,2.71418,1.19186,1.25971
-3.10584,2.71418,1.19186,1.25971
-3.10584,2.71418,1.19186,1.25971
-3.10584,2.71418,1.19186,1.25971
-3.10584,2.71418,1.19186,1.25971
-3.10584,2.71418,1.19186,1.25971
-3.10584,2.71418,1.19186,1.25971
-3.10584,2.71418,1.19186,1.25971
-3.10584,2.71418,1.19186,1.25971
-3.10584,2.71418,1.19186,1.25971
-3.10584,2.71418,1.19186,1.25971
-3.10584,2.71418,1.19186,1.25971
-3.10584,2.71418,1.19186,1.25971
-3.10584,2.71418,1.19186,1.25971
-3.10584,2.71418,1.19186,1.25971
-3.10584,2.71418,1.19186,1.25971
-3.10584,2.71418,1.19186,1.25971
-3.10584,2.71418,1.19186,1.25971
-3.10584,2.71418,1.19186,1.25971
-3.10584,2.71418,1.19186,1.25971
-3.10584,2.71418,1.19186,1.25971
-3.10584,2.71418,1.19186,1.25971
-3.10584,2.71418,1.19186,1.25971
-3.10584,2.71418,1.19186,1.25971
-3.10584,2.71418,1.19186,1.25971
-3.10584,2.71418,1.19186,1.25971
-3.10584,2.71418,1.19186,1.25971
-3.10584,2.71418,1.19186,1.25971
-3.10584,2.71418,1.19186,1.25971
-3.10584,2.71418,1.19186,1.25971
-3.10584,2.71418,1.19186,1.25971
-3.10584,2.71418,1.19186,1.25971
-3.10584,2.71418,1.19186,1.25971
-3.10584,2.71418,1.19186,1.25971
-3.10584,2.71418,1.19186,1.25971
-3.10584,2.71418,1.19186,1.25971
-3.10584,2.71418,1.19186,1.25971
-3.10584,2.71418,1.19186,1.25971
-3.10584,2.71418,1.19186,1.25971
-3.10584,2.71418,1.19186,1.25971
-3.10584,2.71418,1.19186,1.25971
-3.10584,2.71418,1.19186,1.25971
-3.10584,2.71418,1.19186,1.25971
-3.10584,2.71418,1.19186,1.25971
-3.10584,2.71418,1.19186,1.25971
-3.10584,2.71418,1.19186,1.25971
-3.10584,2.71418,1.19186,1.25971
-3.10584,2.71418,1.19186,1.25971
-3.10584,2.71418,1.19186,1.25971
-3.10584,2.71418,1.19186,1.25971
-3.10584,2.71418,1.19186,1.25971
-3.10584,2.71418,1.19186,1.25971
-3.10584,2.71418,1.19186,1.25971
-3.10584,2.71418,1.19186,1.25971
-3.10584,2.71418,1.19186,1.25971
-3.10584,2.71418,1.19186,1.25971
-3.10584,2.71418,1.19186,1.25971
-3.10584,2.71418,1.19186,1.25971
-3.10584,2.71418,1.19186,1.25971
-3.10584,2.71418,1.19186,1.25971
-3.10584,2.71418,1.19186,1.25971
-3.10584,2.71418,1.19186,1.25971
-3.10584,2.71418,1.19186,1.25971
-3.10584,2.71418,1.19186,1.25971
-3.10584,2.71418,1.19186,1.25971
-3.10584,2.71418,1.19186,1.25971
-3.10584,2.71418,1.19186,1.25971
-3.10584,2.71418,1.19186,1.25971
-3.10584,2.71418,1.19186,1.25971
-3.10584,2.71418,1.19186,1.25971
-3.10584,2.71418,1.19186,1.25971
-3.10584,2.71418,1.19186,1.25971
-3.10584,2.71418,1.19186,1.25971
-3.10584,2.71418,1.19186,1.25971
-3.10584,2.71418,1.19186,1.25971
-3.10584,2.71418,1.19186,1.25971
-3.10584,2.71418,1.19186,1.25971
-3.10584,2.71418,1.19186,1.25971
-3.10584,2.71418,1.19186,1.25971
-3.10584,2.71418,1.19186,1.25971
-3.10584,2.71418,1.19186,1.25971
-3.10584,2.71418,1.19186,1.25971
-3.10584,2.71418,1.19186,1.25971
-3.10584,2.71418,1.19186,1.25971
-3.10584,2.71418,1.19186,1.25971
-3.10584,2.71418,1.19186,1.25971
-3.10584,2.71418,1.19186,1.25971
-3.10584,2.71418,1.19186,1.25971
-3.10584,2.71418,1.19186,1.25971
-3.10584,2.71418,1.19186,1.25971
-3.10584,2.71418,1.19186,1.25971
-3.10584,2.71418,1.19186,1.25971
-3.10584,2.71418,1.19186,1.25971
-3.10584,2.71418,1.19186,1.25971
-3.10584,2.71418,1.19186,1.25971
-3.10584,2.71418,1.19186,1.25971
-3.10584,2.71418,1.19186,1.25971
-3.10584,2.71418,1.19186,1.25971
-3.10584,2.71418,1.19186,1.25971
-3.10584,2.71418,1.19186,1.25971
-3.10584,2.71418,1.19186,1.25971
-3.10584,2.71418,1.19186,1.25971
-3.10584,2.71418,1.19186,1.25971
-3.10584,2.71418,1.19186,1.25971
-3.10584,2.71418,1.19186,1.25971
-3.10584,2.71418,1.19186,1.25971
-3.10584,2.71418,1.19186,1.25971
-3.10584,2.71418,1.19186,1.25971
-3.10584,2.71418,1.19186,1.25971
-3.10584,2.71418,1.19186,1.25971
-3.10584,2.71418,1.19186,1.25971
-3.10584,2.71418,1.19186,1.25971
-3.10584,2.71418,1.19186,1.25971
-3.10584,2.71418,1.19186,1.25971
-3.10584,2.71418,1.19186,1.25971
-3.10584,2.71418,1.19186,1.25971
-3.10584,2.71418,1.19186,1.25971
-3.10584,2.71418,1.19186,1.25971
-3.10584,2.71418,1.19186,1.25971
-3.10584,2.71418,1.19186,1.25971
-3.10584,2.71418,1.19186,1.25971
-3.10584,2.71418,1.19186,1.25971
-3.10584,2.71418,1.19186,1.25971
-3.10584,2.71418,1.19186,1.25971
-3.10584,2.71418,1.19186,1.25971
-3.10584,2.71418,1.19186,1.25971
-3.10584,2.71418,1.19186,1.25971
-3.10584,2.71418,1.19186,1.25971
-3.10584,2.71418,1.19186,1.25971
-3.10584,2.71418,1.19186,1.25971
-3.10584,2.71418,1.19186,1.25971
-3.10584,2.71418,1.19186,1.25971
-3.10584,2.71418,1.19186,1.25971
-3.10584,2.71418,1.19186,1.25971
-3.10584,2.71418,1.19186,1.25971
-3.10584,2.71418,1.19186,1.25971
-3.10584,2.71418,1.19186,1.25971
-3.10584,2.71418,1.19186,1.25971
-3.10584,2.71418,1.19186,1.25971
-3.10584,2.71418,1.19186,1.25971
-3.10584,2.71418,1.19186,1.25971
-3.10584,2.71418,1.19186,1.25971
-3.10584,2.71418,1.19186,1.25971
-3.10584,2.71418,1.19186,1.25971
-3.10584,2.71418,1.19186,1.25971
-3.10584,2.71418,1.19186,1.25971
-3.10584,2.71418,1.19186,1.25971
-3.10584,2.71418,1.19186,1.25971
-3.10584,2.71418,1.19186,1.25971
-3.10584,2.71418,1.19186,1.25971
-3.10584,2.71418,1.19186,1.25971
-3.10584,2.71418,1.19186,1.25971
-3.10584,2.71418,1.19186,1.25971
-3.10584,2.71418,1.19186,1.25971
-3.10584,2.71418,1.19186,1.25971
-3.10584,2.71418,1.19186,1.25971
-3.10584,2.71418,1.19186,1.25971
-3.10584,2.71418,1.19186,1.25971
-3.10584,2.71418,1.19186,1.25971
-3.10584,2.71418,1.19186,1.25971
-3.10584,2.71418,1.19186,1.25971
-3.10584,2.71418,1.19186,1.25971
-3.10584,2.71418,1.19186,1.25971
-3.10584,2.71418,1.19186,1.25971
-3.10584,2.71418,1.19186,1.25971
-3.10584,2.71418,1.19186,1.25971
-3.10584,2.71418,1.19186,1.25971
-3.10584,2.71418,1.19186,1.25971
-3.10584,2.71418,1.19186,1.25971
-3.10584,2.71418,1.19186,1.25971
-3.10584,2.71418,1.19186,1.25971
-3.10584,2.71418,1.19186,1.25971
-3.10584,2.71418,1.19186,1.25971
-3.10584,2.71418,1.19186,1.25971
-3.10584,2.71418,1.19186,1.25971
-3.10584,2.71418,1.19186,1.25971
-3.10584,2.71418,1.19186,1.25971
-3.10584,2.71418,1.19186,1.25971
-3.10584,2.71418,1.19186,1.25971
-3.10584,2.71418,1.19186,1.25971
-3.10584,2.71418,1.19186,1.25971
-3.10584,2.71418,1.19186,1.25971
-3.10584,2.71418,1.19186,1.25971
-3.10584,2.71418,1.19186,1.25971
-3.10584,2.71418,1.19186,1.25971
-3.10584,2.71418,1.19186,1.25971
-3.10584,2.71418,1.19186,1.25971
-3.10584,2.71418,1.19186,1.25971
-3.10584,2.71418,1.19186,1.25971
-3.10584,2.71418,1.19186,1.25971
-3.10584,2.71418,1.19186,1.25971
-3.10584,2.71418,1.19186,1.25971
-3.10584,2.71418,1.19186,1.25971
-3.10584,2.71418,1.19186,1.25971
-3.10584,2.71418,1.19186,1.25971
-3.10584,2.71418,1.19186,1.25971
-3.10584,2.71418,1.19186,1.25971
-3.10584,2.71418,1.19186,1.25971
-3.10584,2.71418,1.19186,1.25971
-3.10584,2.71418,1.19186,1.25971
-3.10584,2.71418,1.19186,1.25971
-3.10584,2.71418,1.19186,1.25971
-3.10584,2.71418,1.19186,1.25971
-3.10584,2.71418,1.19186,1.25971
-3.10584,2.71418,1.19186,1.25971
-3.10584,2.71418,1.19186,1.25971
-3.10584,2.71418,1.19186,1.25971
-3.10584,2.71418,1.19186,1.25971
-3.10584,2.71418,1.19186,1.25971
-3.10584,2.71418,1.19186,1.25971
-3.10584,2.71418,1.19186,1.25971
-3.10584,2.71418,1.19186,1.25971
-3.10584,2.71418,1.19186,1.25971
-3.10584,2.71418,1.19186,1.25971
-3.10584,2.71418,1.19186,1.25971
-3.10584,2.71418,1.19186,1.25971
-3.10584,2.71418,1.19186,1.25971
-3.10584,2.71418,1.19186,1.25971
-3.10584,2.71418,1.19186,1.25971
-3.10584,2.71418,1.19186,1.25971
-3.10584,2.71418,1.19186,1.25971
-3.10584,2.71418,1.19186,1.25971
-3.10584,2.71418,1.19186,1.25971
-3.10584,2.71418,1.19186,1.25971
-3.10584,2.71418,1.19186,1.25971
-3.10584,2.71418,1.19186,1.25971
-3.10584,2.71418,1.19186,1.25971
-3.10584,2.71418,1.19186,1.25971
-3.10584,2.71418,1.19186,1.25971
-3.10584,2.71418,1.19186,1.25971
-3.10584,2.71418,1.19186,1.25971
-3.10584,2.71418,1.19186,1.25971
-3.10584,2.71418,1.19186,1.25971
-3.10584,2.71418,1.19186,1.25971
-3.10584,2.71418,1.19186,1.25971
-3.10584,2.71418,1.19186,1.25971
-3.10584,2.71418,1.19186,1.25971
-3.10584,2.71418,1.19186,1.25971
-3.10584,2.71418,1.19186,1.25971
-3.10584,2.71418,1.19186,1.25971
-3.10584,2.71418,1.19186,1.25971
-3.10584,2.71418,1.19186,1.25971
-3.10584,2.71418,1.19186,1.25971
-3.10584,2.71418,1.19186,1.25971
-3.10584,2.71418,1.19186,1.25971
-3.10584,2.71418,1.19186,1.25971
-3.10584,2.71418,1.19186,1.25971
-3.10584,2.71418,1.19186,1.25971
-3.10584,2.71418,1.19186,1.25971
-3.10584,2.71418,1.19186,1.25971
-3.10584,2.71418,1.19186,1.25971
-3.10584,2.71418,1.19186,1.25971
-3.10584,2.71418,1.19186,1.25971
-3.10584,2.71418,1.19186,1.25971
-3.10584,2.71418,1.19186,1.25971
-3.10584,2.71418,1.19186,1.25971
-3.10584,2.71418,1.19186,1.25971
-3.10584,2.71418,1.19186,1.25971
-3.10584,2.71418,1.19186,1.25971
-3.10584,2.71418,1.19186,1.25971
-3.10584,2.71418,1.19186,1.25971
-3.10584,2.71418,1.19186,1.25971
-3.10584,2.71418,1.19186,1.25971
-3.10584,2.71418,1.19186,1.25971
-3.10584,2.71418,1.19186,1.25971
-3.10584,2.71418,1.19186,1.25971
-3.10584,2.71418,1.19186,1.25971
-3.10584,2.71418,1.19186,1.25971
-3.10584,2.71418,1.19186,1.25971
-3.10584,2.71418,1.19186,1.25971
-3.10584,2.71418,1.19186,1.25971
-3.10584,2.71418,1.19186,1.25971
-3.10584,2.71418,1.19186,1.25971
-3.10584,2.71418,1.19186,1.25971
-3.10584,2.71418,1.19186,1.25971
-3.10584,2.71418,1.19186,1.25971
-3.10584,2.71418,1.19186,1.25971
-3.10584,2.71418,1.19186,1.25971
-3.10584,2.71418,1.19186,1.25971
-3.10584,2.71418,1.19186,1.25971
-3.10584,2.71418,1.19186,1.25971
-3.10584,2.71418,1.19186,1.25971
-3.10584,2.71418,1.19186,1.25971
-3.10584,2.71418,1.19186,1.25971
-3.10584,2.71418,1.19186,1.25971
-3.10584,2.71418,1.19186,1.25971
-3.10584,2.71418,1.19186,1.25971
-3.10584,2.71418,1.19186,1.25971
-3.10584,2.71418,1.19186,1.25971
-3.10584,2.71418,1.19186,1.25971
-3.10584,2.71418,1.19186,1.25971
-3.10584,2.71418,1.19186,1.25971
-3.10584,2.71418,1.19186,1.25971
-3.10584,2.71418,1.19186,1.25971
-3.10584,2.71418,1.19186,1.25971
-3.10584,2.71418,1.19186,1.25971
-3.10584,2.71418,1.19186,1.25971
-3.10584,2.71418,1.19186,1.25971
-3.10584,2.71418,1.19186,1.25971
-3.10584,2.71418,1.19186,1.25971
-3.10584,2.71418,1.19186,1.25971
-3.10584,2.71418,1.19186,1.25971
-3.10584,2.71418,1.19186,1.25971
-3.10584,2.71418,1.19186,1.25971
-3.10584,2.71418,1.19186,1.25971
-3.10584,2.71418,1.19186,1.25971
-3.10584,2.71418,1.19186,1.25971
-3.10584,2.71418,1.19186,1.25971
-3.10584,2.71418,1.19186,1.25971
-3.10584,2.71418,1.19186,1.25971
-3.10584,2.71418,1.19186,1.25971
-3.10584,2.71418,1.19186,1.25971
-3.10584,2.71418,1.19186,1.25971
-3.10584,2.71418,1.19186,1.25971
-3.10584,2.71418,1.19186,1.25971
-3.10584,2.71418,1.19186,1.25971
-3.10584,2.71418,1.19186,1.25971
-3.10584,2.71418,1.19186,1.25971
-3.10584,2.71418,1.19186,1.25971
-3.10584,2.71418,1.19186,1.25971
-3.10584,2.71418,1.19186,1.25971
-3.10584,2.71418,1.19186,1.25971
-3.10584,2.71418,1.19186,1.25971
-3.10584,2.71418,1.19186,1.25971
-3.10584,2.71418,1.19186,1.25971
-3.10584,2.71418,1.19186,1.25971
-3.10584,2.71418,1.19186,1.25971
-3.10584,2.71418,1.19186,1.25971
-3.10584,2.71418,1.19186,1.25971
-3.10584,2.71418,1.19186,1.25971
-3.10584,2.71418,1.19186,1.25971
-3.10584,2.71418,1.19186,1.25971
-3.10584,2.71418,1.19186,1.25971
-3.10584,2.71418,1.19186,1.25971
-3.10584,2.71418,1.19186,1.25971
-3.10584,2.71418,1.19186,1.25971
-3.10584,2.71418,1.19186,1.25971
-3.10584,2.71418,1.19186,1.25971
-3.10584,2.71418,1.19186,1.25971
-3.10584,2.71418,1.19186,1.25971
-3.10584,2.71418,1.19186,1.25971
-3.10584,2.71418,1.19186,1.25971
-3.10584,2.71418,1.19186,1.25971
-3.10584,2.71418,1.19186,1.25971
-3.10584,2.71418,1.19186,1.25971
-3.10584,2.71418,1.19186,1.25971
-3.10584,2.71418,1.19186,1.25971
-3.10584,2.71418,1.19186,1.25971
-3.10584,2.71418,1.19186,1.25971
-3.10584,2.71418,1.19186,1.25971
-3.10584,2.71418,1.19186,1.25971
-3.10584,2.71418,1.19186,1.25971
-3.10584,2.71418,1.19186,1.25971
-3.10584,2.71418,1.19186,1.25971
-3.10584,2.71418,1.19186,1.25971
-3.10584,2.71418,1.19186,1.25971
-3.10584,2.71418,1.19186,1.25971
-3.10584,2.71418,1.19186,1.25971
-3.10584,2.71418,1.19186,1.25971
-3.10584,2.71418,1.19186,1.25971
-3.10584,2.71418,1.19186,1.25971
-3.10584,2.71418,1.19186,1.25971
-3.10584,2.71418,1.19186,1.25971
-3.10584,2.71418,1.19186,1.25971
-3.10584,2.71418,1.19186,1.25971
-3.10584,2.71418,1.19186,1.25971
-3.10584,2.71418,1.19186,1.25971
-3.10584,2.71418,1.19186,1.25971
-3.10584,2.71418,1.19186,1.25971
-3.10584,2.71418,1.19186,1.25971
-3.10584,2.71418,1.19186,1.25971
-3.10584,2.71418,1.19186,1.25971
-3.10584,2.71418,1.19186,1.25971
-3.10584,2.71418,1.19186,1.25971
-3.10584,2.71418,1.19186,1.25971
-3.10584,2.71418,1.19186,1.25971
-3.10584,2.71418,1.19186,1.25971
-3.10584,2.71418,1.19186,1.25971
-3.10584,2.71418,1.19186,1.25971
-3.10584,2.71418,1.19186,1.25971
-3.10584,2.71418,1.19186,1.25971
-3.10584,2.71418,1.19186,1.25971
-3.10584,2.71418,1.19186,1.25971
-3.10584,2.71418,1.19186,1.25971
-3.10584,2.71418,1.19186,1.25971
-3.10584,2.71418,1.19186,1.25971
-3.10584,2.71418,1.19186,1.25971
-3.10584,2.71418,1.19186,1.25971
-3.10584,2.71418,1.19186,1.25971
-3.10584,2.71418,1.19186,1.25971
-3.10584,2.71418,1.19186,1.25971
-3.10584,2.71418,1.19186,1.25971
-3.10584,2.71418,1.19186,1.25971
-3.10584,2.71418,1.19186,1.25971
-3.10584,2.71418,1.19186,1.25971
-3.10584,2.71418,1.19186,1.25971
-3.10584,2.71418,1.19186,1.25971
-3.10584,2.71418,1.19186,1.25971
-3.10584,2.71418,1.19186,1.25971
-3.10584,2.71418,1.19186,1.25971
-3.10584,2.71418,1.19186,1.25971
-3.10584,2.71418,1.19186,1.25971
-3.10584,2.71418,1.19186,1.25971
-3.10584,2.71418,1.19186,1.25971
-3.10584,2.71418,1.19186,1.25971
-3.10584,2.71418,1.19186,1.25971
-3.10584,2.71418,1.19186,1.25971
-3.10584,2.71418,1.19186,1.25971
-3.10584,2.71418,1.19186,1.25971
-3.10584,2.71418,1.19186,1.25971
-3.10584,2.71418,1.19186,1.25971
-3.10584,2.71418,1.19186,1.25971
-3.10584,2.71418,1.19186,1.25971
-3.10584,2.71418,1.19186,1.25971
-3.10584,2.71418,1.19186,1.25971
-3.10584,2.71418,1.19186,1.25971
-3.10584,2.71418,1.19186,1.25971
-3.10584,2.71418,1.19186,1.25971
-3.10584,2.71418,1.19186,1.25971
-3.10584,2.71418,1.19186,1.25971
-3.10584,2.71418,1.19186,1.25971
-3.10584,2.71418,1.19186,1.25971
-3.10584,2.71418,1.19186,1.25971
-3.10584,2.71418,1.19186,1.25971
-3.10584,2.71418,1.19186,1.25971
-3.10584,2.71418,1.19186,1.25971
-3.10584,2.71418,1.19186,1.25971
-3.10584,2.71418,1.19186,1.25971
-3.10584,2.71418,1.19186,1.25971
-3.10584,2.71418,1.19186,1.25971
-3.10584,2.71418,1.19186,1.25971
-3.10584,2.71418,1.19186,1.25971
-3.10584,2.71418,1.19186,1.25971
-3.10584,2.71418,1.19186,1.25971
-3.10584,2.71418,1.19186,1.25971
-3.10584,2.71418,1.19186,1.25971
-3.10584,2.71418,1.19186,1.25971
-3.10584,2.71418,1.19186,1.25971
-3.10584,2.71418,1.19186,1.25971
-3.10584,2.71418,1.19186,1.25971
-3.10584,2.71418,1.19186,1.25971
-3.10584,2.71418,1.19186,1.25971
-3.10584,2.71418,1.19186,1.25971
-3.10584,2.71418,1.19186,1.25971
-3.10584,2.71418,1.19186,1.25971
-3.10584,2.71418,1.19186,1.25971
-3.10584,2.71418,1.19186,1.25971
-3.10584,2.71418,1.19186,1.25971
-3.10584,2.71418,1.19186,1.25971
-3.10584,2.71418,1.19186,1.25971
-3.10584,2.71418,1.19186,1.25971
-3.10584,2.71418,1.19186,1.25971
-3.10584,2.71418,1.19186,1.25971
-3.10584,2.71418,1.19186,1.25971
-3.10584,2.71418,1.19186,1.25971
-3.10584,2.71418,1.19186,1.25971
-3.10584,2.71418,1.19186,1.25971
-3.10584,2.71418,1.19186,1.25971
-3.10584,2.71418,1.19186,1.25971
-3.10584,2.71418,1.19186,1.25971
-3.10584,2.71418,1.19186,1.25971
-3.10584,2.71418,1.19186,1.25971
-3.10584,2.71418,1.19186,1.25971
-3.10584,2.71418,1.19186,1.25971
-3.10584,2.71418,1.19186,1.25971
-3.10584,2.71418,1.19186,1.25971
-3.10584,2.71418,1.19186,1.25971
-3.10584,2.71418,1.19186,1.25971
-3.10584,2.71418,1.19186,1.25971
-3.10584,2.71418,1.19186,1.25971
-3.10584,2.71418,1.19186,1.25971
-3.10584,2.71418,1.19186,1.25971
-3.10584,2.71418,1.19186,1.25971
-3.10584,2.71418,1.19186,1.25971
-3.10584,2.71418,1.19186,1.25971
-3.10584,2.71418,1.19186,1.25971
-3.10584,2.71418,1.19186,1.25971
-3.10584,2.71418,1.19186,1.25971
-3.10584,2.71418,1.19186,1.25971
-3.10584,2.71418,1.19186,1.25971
-3.10584,2.71418,1.19186,1.25971
-3.10584,2.71418,1.19186,1.25971
-3.10584,2.71418,1.19186,1.25971
-3.10584,2.71418,1.19186,1.25971
-3.10584,2.71418,1.19186,1.25971
-3.10584,2.71418,1.19186,1.25971
-3.10584,2.71418,1.19186,1.25971
-3.10584,2.71418,1.19186,1.25971
-3.10584,2.71418,1.19186,1.25971
-3.10584,2.71418,1.19186,1.25971
-3.10584,2.71418,1.19186,1.25971
-3.10584,2.71418,1.19186,1.25971
-3.10584,2.71418,1.19186,1.25971
-3.10584,2.71418,1.19186,1.25971
-3.10584,2.71418,1.19186,1.25971
-3.10584,2.71418,1.19186,1.25971
-3.10584,2.71418,1.19186,1.25971
-3.10584,2.71418,1.19186,1.25971
-3.10584,2.71418,1.19186,1.25971
-3.10584,2.71418,1.19186,1.25971
-3.10584,2.71418,1.19186,1.25971
-3.10584,2.71418,1.19186,1.25971
-3.10584,2.71418,1.19186,1.25971
-3.10584,2.71418,1.19186,1.25971
-3.10584,2.71418,1.19186,1.25971
-3.10584,2.71418,1.19186,1.25971
-3.10584,2.71418,1.19186,1.25971
-3.10584,2.71418,1.19186,1.25971
-3.10584,2.71418,1.19186,1.25971
-3.10584,2.71418,1.19186,1.25971
-3.10584,2.71418,1.19186,1.25971
-3.10584,2.71418,1.19186,1.25971
-3.10584,2.71418,1.19186,1.25971
-3.10584,2.71418,1.19186,1.25971
-3.10584,2.71418,1.19186,1.25971
-3.10584,2.71418,1.19186,1.25971
-3.10584,2.71418,1.19186,1.25971
-3.10584,2.71418,1.19186,1.25971
-3.10584,2.71418,1.19186,1.25971
-3.10584,2.71418,1.19186,1.25971
-3.10584,2.71418,1.19186,1.25971
-3.10584,2.71418,1.19186,1.25971
-3.10584,2.71418,1.19186,1.25971
-3.10584,2.71418,1.19186,1.25971
-3.10584,2.71418,1.19186,1.25971
-3.10584,2.71418,1.19186,1.25971
-3.10584,2.71418,1.19186,1.25971
-3.10584,2.71418,1.19186,1.25971
-3.10584,2.71418,1.19186,1.25971
-3.10584,2.71418,1.19186,1.25971
-3.10584,2.71418,1.19186,1.25971
-3.10584,2.71418,1.19186,1.25971
-3.10584,2.71418,1.19186,1.25971
-3.10584,2.71418,1.19186,1.25971
-3.10584,2.71418,1.19186,1.25971
-3.10584,2.71418,1.19186,1.25971
-3.10584,2.71418,1.19186,1.25971
-3.10584,2.71418,1.19186,1.25971
-3.10584,2.71418,1.19186,1.25971
-3.10584,2.71418,1.19186,1.25971
-3.10584,2.71418,1.19186,1.25971
-3.10584,2.71418,1.19186,1.25971
-3.10584,2.71418,1.19186,1.25971
-3.10584,2.71418,1.19186,1.25971
-3.10584,2.71418,1.19186,1.25971
-3.10584,2.71418,1.19186,1.25971
-3.10584,2.71418,1.19186,1.25971
-3.10584,2.71418,1.19186,1.25971
-3.10584,2.71418,1.19186,1.25971
-3.10584,2.71418,1.19186,1.25971
-3.10584,2.71418,1.19186,1.25971
-3.10584,2.71418,1.19186,1.25971
-3.10584,2.71418,1.19186,1.25971
-3.10584,2.71418,1.19186,1.25971
-3.10584,2.71418,1.19186,1.25971
-3.10584,2.71418,1.19186,1.25971
-3.10584,2.71418,1.19186,1.25971
-3.10584,2.71418,1.19186,1.25971
-3.10584,2.71418,1.19186,1.25971
-3.10584,2.71418,1.19186,1.25971
-3.10584,2.71418,1.19186,1.25971
-3.10584,2.71418,1.19186,1.25971
-3.10584,2.71418,1.19186,1.25971
-3.10584,2.71418,1.19186,1.25971
-3.10584,2.71418,1.19186,1.25971
-3.10584,2.71418,1.19186,1.25971
-3.10584,2.71418,1.19186,1.25971
-3.10584,2.71418,1.19186,1.25971
-3.10584,2.71418,1.19186,1.25971
-3.10584,2.71418,1.19186,1.25971
-3.10584,2.71418,1.19186,1.25971
-3.10584,2.71418,1.19186,1.25971
-3.10584,2.71418,1.19186,1.25971
-3.10584,2.71418,1.19186,1.25971
-3.10584,2.71418,1.19186,1.25971
-3.10584,2.71418,1.19186,1.25971
-3.10584,2.71418,1.19186,1.25971
-3.10584,2.71418,1.19186,1.25971
-3.10584,2.71418,1.19186,1.25971
-3.10584,2.71418,1.19186,1.25971
-3.10584,2.71418,1.19186,1.25971
-3.10584,2.71418,1.19186,1.25971
-3.10584,2.71418,1.19186,1.25971
-3.10584,2.71418,1.19186,1.25971
-3.10584,2.71418,1.19186,1.25971
-3.10584,2.71418,1.19186,1.25971
-3.10584,2.71418,1.19186,1.25971
-3.10584,2.71418,1.19186,1.25971
-3.10584,2.71418,1.19186,1.25971
-3.10584,2.71418,1.19186,1.25971
-3.10584,2.71418,1.19186,1.25971
-3.10584,2.71418,1.19186,1.25971
-3.10584,2.71418,1.19186,1.25971
-3.10584,2.71418,1.19186,1.25971
-3.10584,2.71418,1.19186,1.25971
-3.10584,2.71418,1.19186,1.25971
-3.10584,2.71418,1.19186,1.25971
-3.10584,2.71418,1.19186,1.25971
-3.10584,2.71418,1.19186,1.25971
-3.10584,2.71418,1.19186,1.25971
-3.10584,2.71418,1.19186,1.25971
-3.10584,2.71418,1.19186,1.25971
-3.10584,2.71418,1.19186,1.25971
-3.10584,2.71418,1.19186,1.25971
-3.10584,2.71418,1.19186,1.25971
-3.10584,2.71418,1.19186,1.25971
-3.10584,2.71418,1.19186,1.25971
-3.10584,2.71418,1.19186,1.25971
-3.10584,2.71418,1.19186,1.25971
-3.10584,2.71418,1.19186,1.25971
-3.10584,2.71418,1.19186,1.25971
-3.10584,2.71418,1.19186,1.25971
-3.10584,2.71418,1.19186,1.25971
-3.10584,2.71418,1.19186,1.25971
-3.10584,2.71418,1.19186,1.25971
-3.10584,2.71418,1.19186,1.25971
-3.10584,2.71418,1.19186,1.25971
-3.10584,2.71418,1.19186,1.25971
-3.10584,2.71418,1.19186,1.25971
-3.10584,2.71418,1.19186,1.25971
-3.10584,2.71418,1.19186,1.25971
-3.10584,2.71418,1.19186,1.25971
-3.10584,2.71418,1.19186,1.25971
-3.10584,2.71418,1.19186,1.25971
-3.10584,2.71418,1.19186,1.25971
-3.10584,2.71418,1.19186,1.25971
-3.10584,2.71418,1.19186,1.25971
-3.10584,2.71418,1.19186,1.25971
-3.10584,2.71418,1.19186,1.25971
-3.10584,2.71418,1.19186,1.25971
-3.10584,2.71418,1.19186,1.25971
-3.10584,2.71418,1.19186,1.25971
-3.10584,2.71418,1.19186,1.25971
-3.10584,2.71418,1.19186,1.25971
-3.10584,2.71418,1.19186,1.25971
-3.10584,2.71418,1.19186,1.25971
-3.10584,2.71418,1.19186,1.25971
-3.10584,2.71418,1.19186,1.25971
-3.10584,2.71418,1.19186,1.25971
-3.10584,2.71418,1.19186,1.25971
-3.10584,2.71418,1.19186,1.25971
-3.10584,2.71418,1.19186,1.25971
-3.10584,2.71418,1.19186,1.25971
-3.10584,2.71418,1.19186,1.25971
-3.10584,2.71418,1.19186,1.25971
-3.10584,2.71418,1.19186,1.25971
-3.10584,2.71418,1.19186,1.25971
-3.10584,2.71418,1.19186,1.25971
-3.10584,2.71418,1.19186,1.25971
-3.10584,2.71418,1.19186,1.25971
-3.10584,2.71418,1.19186,1.25971
-3.10584,2.71418,1.19186,1.25971
-3.10584,2.71418,1.19186,1.25971
-3.10584,2.71418,1.19186,1.25971
-3.10584,2.71418,1.19186,1.25971
-3.10584,2.71418,1.19186,1.25971
-3.10584,2.71418,1.19186,1.25971
-3.10584,2.71418,1.19186,1.25971
-3.10584,2.71418,1.19186,1.25971
-3.10584,2.71418,1.19186,1.25971
-3.10584,2.71418,1.19186,1.25971
-3.10584,2.71418,1.19186,1.25971
-3.10584,2.71418,1.19186,1.25971
-3.10584,2.71418,1.19186,1.25971
-3.10584,2.71418,1.19186,1.25971
-3.10584,2.71418,1.19186,1.25971
-3.10584,2.71418,1.19186,1.25971
-3.10584,2.71418,1.19186,1.25971
-3.10584,2.71418,1.19186,1.25971
-3.10584,2.71418,1.19186,1.25971
-3.10584,2.71418,1.19186,1.25971
-3.10584,2.71418,1.19186,1.25971
-3.10584,2.71418,1.19186,1.25971
-3.10584,2.71418,1.19186,1.25971
-3.10584,2.71418,1.19186,1.25971
-3.10584,2.71418,1.19186,1.25971
-3.10584,2.71418,1.19186,1.25971
-3.10584,2.71418,1.19186,1.25971
-3.10584,2.71418,1.19186,1.25971
-3.10584,2.71418,1.19186,1.25971
-3.10584,2.71418,1.19186,1.25971
-3.10584,2.71418,1.19186,1.25971
-3.10584,2.71418,1.19186,1.25971
-3.10584,2.71418,1.19186,1.25971
-3.10584,2.71418,1.19186,1.25971
-3.10584,2.71418,1.19186,1.25971
-3.10584,2.71418,1.19186,1.25971
-3.10584,2.71418,1.19186,1.25971
-3.10584,2.71418,1.19186,1.25971
-3.10584,2.71418,1.19186,1.25971
-3.10584,2.71418,1.19186,1.25971
-3.10584,2.71418,1.19186,1.25971
-3.10584,2.71418,1.19186,1.25971
-3.10584,2.71418,1.19186,1.25971
-3.10584,2.71418,1.19186,1.25971
-3.10584,2.71418,1.19186,1.25971
-3.10584,2.71418,1.19186,1.25971
-3.10584,2.71418,1.19186,1.25971
-3.10584,2.71418,1.19186,1.25971
-3.10584,2.71418,1.19186,1.25971
-3.10584,2.71418,1.19186,1.25971
-3.10584,2.71418,1.19186,1.25971
-3.10584,2.71418,1.19186,1.25971
-3.10584,2.71418,1.19186,1.25971
-3.10584,2.71418,1.19186,1.25971
-3.10584,2.71418,1.19186,1.25971
-3.10584,2.71418,1.19186,1.25971
-3.10584,2.71418,1.19186,1.25971
-3.10584,2.71418,1.19186,1.25971
-3.10584,2.71418,1.19186,1.25971
-3.10584,2.71418,1.19186,1.25971
-3.10584,2.71418,1.19186,1.25971
-3.10584,2.71418,1.19186,1.25971
-3.10584,2.71418,1.19186,1.25971
-3.10584,2.71418,1.19186,1.25971
-3.10584,2.71418,1.19186,1.25971
-3.10584,2.71418,1.19186,1.25971
-3.10584,2.71418,1.19186,1.25971
-3.10584,2.71418,1.19186,1.25971
-3.10584,2.71418,1.19186,1.25971
-3.10584,2.71418,1.19186,1.25971
-3.10584,2.71418,1.19186,1.25971
-3.10584,2.71418,1.19186,1.25971
-3.10584,2.71418,1.19186,1.25971
-3.10584,2.71418,1.19186,1.25971
-3.10584,2.71418,1.19186,1.25971
-3.10584,2.71418,1.19186,1.25971
-3.10584,2.71418,1.19186,1.25971
-3.10584,2.71418,1.19186,1.25971
-3.10584,2.71418,1.19186,1.25971
-3.10584,2.71418,1.19186,1.25971
-3.10584,2.71418,1.19186,1.25971
-3.10584,2.71418,1.19186,1.25971
-3.10584,2.71418,1.19186,1.25971
-3.10584,2.71418,1.19186,1.25971
-3.10584,2.71418,1.19186,1.25971
-3.10584,2.71418,1.19186,1.25971
-3.10584,2.71418,1.19186,1.25971
-3.10584,2.71418,1.19186,1.25971
-3.10584,2.71418,1.19186,1.25971
-3.10584,2.71418,1.19186,1.25971
-3.10584,2.71418,1.19186,1.25971
-3.10584,2.71418,1.19186,1.25971
-3.10584,2.71418,1.19186,1.25971
-3.10584,2.71418,1.19186,1.25971
-3.10584,2.71418,1.19186,1.25971
-3.10584,2.71418,1.19186,1.25971
-3.10584,2.71418,1.19186,1.25971
-3.10584,2.71418,1.19186,1.25971
-3.10584,2.71418,1.19186,1.25971
-3.10584,2.71418,1.19186,1.25971
-3.10584,2.71418,1.19186,1.25971
-3.10584,2.71418,1.19186,1.25971
-3.10584,2.71418,1.19186,1.25971
-3.10584,2.71418,1.19186,1.25971
-3.10584,2.71418,1.19186,1.25971
-3.10584,2.71418,1.19186,1.25971
-3.10584,2.71418,1.19186,1.25971
-3.10584,2.71418,1.19186,1.25971
-3.10584,2.71418,1.19186,1.25971
-3.10584,2.71418,1.19186,1.25971
-3.10584,2.71418,1.19186,1.25971
-3.10584,2.71418,1.19186,1.25971
-3.10584,2.71418,1.19186,1.25971
-3.10584,2.71418,1.19186,1.25971
-3.10584,2.71418,1.19186,1.25971
-3.10584,2.71418,1.19186,1.25971
-3.10584,2.71418,1.19186,1.25971
-3.10584,2.71418,1.19186,1.25971
-3.10584,2.71418,1.19186,1.25971
-3.10584,2.71418,1.19186,1.25971
-3.10584,2.71418,1.19186,1.25971
-3.10584,2.71418,1.19186,1.25971
-3.10584,2.71418,1.19186,1.25971
-3.10584,2.71418,1.19186,1.25971
-3.10584,2.71418,1.19186,1.25971
-3.10584,2.71418,1.19186,1.25971
-3.10584,2.71418,1.19186,1.25971
-3.10584,2.71418,1.19186,1.25971
-3.10584,2.71418,1.19186,1.25971
-3.10584,2.71418,1.19186,1.25971
-3.10584,2.71418,1.19186,1.25971
-3.10584,2.71418,1.19186,1.25971
-3.10584,2.71418,1.19186,1.25971
-3.10584,2.71418,1.19186,1.25971
-3.10584,2.71418,1.19186,1.25971
-3.10584,2.71418,1.19186,1.25971
-3.10584,2.71418,1.19186,1.25971
-3.10584,2.71418,1.19186,1.25971
-3.10584,2.71418,1.19186,1.25971
-3.10584,2.71418,1.19186,1.25971
-3.10584,2.71418,1.19186,1.25971
-3.10584,2.71418,1.19186,1.25971
-3.10584,2.71418,1.19186,1.25971
-3.10584,2.71418,1.19186,1.25971
-3.10584,2.71418,1.19186,1.25971
-3.10584,2.71418,1.19186,1.25971
-3.10584,2.71418,1.19186,1.25971
-3.10584,2.71418,1.19186,1.25971
-3.10584,2.71418,1.19186,1.25971
-3.10584,2.71418,1.19186,1.25971
-3.10584,2.71418,1.19186,1.25971
-3.10584,2.71418,1.19186,1.25971
-3.10584,2.71418,1.19186,1.25971
-3.10584,2.71418,1.19186,1.25971
-3.10584,2.71418,1.19186,1.25971
-3.10584,2.71418,1.19186,1.25971
-3.10584,2.71418,1.19186,1.25971
-3.10584,2.71418,1.19186,1.25971
-3.10584,2.71418,1.19186,1.25971
-3.10584,2.71418,1.19186,1.25971
-3.10584,2.71418,1.19186,1.25971
-3.10584,2.71418,1.19186,1.25971
-3.10584,2.71418,1.19186,1.25971
-3.10584,2.71418,1.19186,1.25971
-3.10584,2.71418,1.19186,1.25971
-3.10584,2.71418,1.19186,1.25971
-3.10584,2.71418,1.19186,1.25971
-3.10584,2.71418,1.19186,1.25971
-3.10584,2.71418,1.19186,1.25971
-3.10584,2.71418,1.19186,1.25971
-3.10584,2.71418,1.19186,1.25971
-3.10584,2.71418,1.19186,1.25971
-3.10584,2.71418,1.19186,1.25971
-3.10584,2.71418,1.19186,1.25971
-3.10584,2.71418,1.19186,1.25971
-3.10584,2.71418,1.19186,1.25971
-3.10584,2.71418,1.19186,1.25971
-3.10584,2.71418,1.19186,1.25971
-3.10584,2.71418,1.19186,1.25971
-3.10584,2.71418,1.19186,1.25971
-3.10584,2.71418,1.19186,1.25971
-3.10584,2.71418,1.19186,1.25971
-3.10584,2.71418,1.19186,1.25971
-3.10584,2.71418,1.19186,1.25971
-3.10584,2.71418,1.19186,1.25971
-3.10584,2.71418,1.19186,1.25971
-3.10584,2.71418,1.19186,1.25971
-3.10584,2.71418,1.19186,1.25971
-3.10584,2.71418,1.19186,1.25971
-3.10584,2.71418,1.19186,1.25971
-3.10584,2.71418,1.19186,1.25971
-3.10584,2.71418,1.19186,1.25971
-3.10584,2.71418,1.19186,1.25971
-3.10584,2.71418,1.19186,1.25971
-3.10584,2.71418,1.19186,1.25971
-3.10584,2.71418,1.19186,1.25971
-3.10584,2.71418,1.19186,1.25971
-3.10584,2.71418,1.19186,1.25971
-3.10584,2.71418,1.19186,1.25971
-3.10584,2.71418,1.19186,1.25971
-3.10584,2.71418,1.19186,1.25971
-3.10584,2.71418,1.19186,1.25971
-3.10584,2.71418,1.19186,1.25971
-3.10584,2.71418,1.19186,1.25971
-3.10584,2.71418,1.19186,1.25971
-3.10584,2.71418,1.19186,1.25971
-3.10584,2.71418,1.19186,1.25971
-3.10584,2.71418,1.19186,1.25971
-3.10584,2.71418,1.19186,1.25971
-3.10584,2.71418,1.19186,1.25971
-3.10584,2.71418,1.19186,1.25971
-3.10584,2.71418,1.19186,1.25971
-3.10584,2.71418,1.19186,1.25971
-3.10584,2.71418,1.19186,1.25971
-3.10584,2.71418,1.19186,1.25971
-3.10584,2.71418,1.19186,1.25971
-3.10584,2.71418,1.19186,1.25971
-3.10584,2.71418,1.19186,1.25971
-3.10584,2.71418,1.19186,1.25971
-3.10584,2.71418,1.19186,1.25971
-3.10584,2.71418,1.19186,1.25971
-3.10584,2.71418,1.19186,1.25971
-3.10584,2.71418,1.19186,1.25971
-3.10584,2.71418,1.19186,1.25971
-3.10584,2.71418,1.19186,1.25971
-3.10584,2.71418,1.19186,1.25971
-3.10584,2.71418,1.19186,1.25971
-3.10584,2.71418,1.19186,1.25971
-3.10584,2.71418,1.19186,1.25971
-3.10584,2.71418,1.19186,1.25971
-3.10584,2.71418,1.19186,1.25971
-3.10584,2.71418,1.19186,1.25971
-3.10584,2.71418,1.19186,1.25971
-3.10584,2.71418,1.19186,1.25971
-3.10584,2.71418,1.19186,1.25971
-3.10584,2.71418,1.19186,1.25971
-3.10584,2.71418,1.19186,1.25971
-3.10584,2.71418,1.19186,1.25971
-3.10584,2.71418,1.19186,1.25971
-3.10584,2.71418,1.19186,1.25971
-3.10584,2.71418,1.19186,1.25971
-3.10584,2.71418,1.19186,1.25971
-3.10584,2.71418,1.19186,1.25971
-3.10584,2.71418,1.19186,1.25971
-3.10584,2.71418,1.19186,1.25971
-3.10584,2.71418,1.19186,1.25971
-3.10584,2.71418,1.19186,1.25971
-3.10584,2.71418,1.19186,1.25971
-3.10584,2.71418,1.19186,1.25971
-3.10584,2.71418,1.19186,1.25971
-3.10584,2.71418,1.19186,1.25971
-3.10584,2.71418,1.19186,1.25971
-3.10584,2.71418,1.19186,1.25971
-3.10584,2.71418,1.19186,1.25971
-3.10584,2.71418,1.19186,1.25971
-3.10584,2.71418,1.19186,1.25971
-3.10584,2.71418,1.19186,1.25971
-3.10584,2.71418,1.19186,1.25971
-3.10584,2.71418,1.19186,1.25971
-3.10584,2.71418,1.19186,1.25971
-3.10584,2.71418,1.19186,1.25971
-3.10584,2.71418,1.19186,1.25971
-3.10584,2.71418,1.19186,1.25971
-3.10584,2.71418,1.19186,1.25971
-3.10584,2.71418,1.19186,1.25971
-3.10584,2.71418,1.19186,1.25971
-3.10584,2.71418,1.19186,1.25971