-0.499065,-0.498894,1.02325,0.00203703
-0.51065,-0.482592,1.02313,0.0458713
-0.522236,-0.46629,1.02301,0.0897055
-0.533821,-0.449987,1.02289,0.13354
-0.545406,-0.433685,1.02277,0.177374
-0.556991,-0.417382,1.02265,0.221208
-0.568576,-0.40108,1.02253,0.265043
-0.580161,-0.384777,1.02241,0.308877
-0.591746,-0.368475,1.02229,0.352711
-0.603332,-0.352172,1.02217,0.396545
-0.614917,-0.33587,1.02205,0.44038
-0.626502,-0.319567,1.02193,0.484214
-0.638087,-0.303265,1.02181,0.528048
-0.649672,-0.286962,1.02169,0.571882
-0.661257,-0.27066,1.02157,0.615717
-0.672842,-0.254358,1.02145,0.659551
-0.684428,-0.238055,1.02133,0.703385
-0.696013,-0.221753,1.02121,0.747219
-0.707598,-0.20545,1.02109,0.791054
-0.719183,-0.189148,1.02097,0.834888
-0.730768,-0.172845,1.02085,0.878722
-0.742353,-0.156543,1.02073,0.922556
-0.753938,-0.14024,1.02061,0.966391
-0.765523,-0.123938,1.02049,1.01022
-0.777109,-0.107635,1.02037,1.05406
-0.788694,-0.0913329,1.02025,1.09789
-0.800279,-0.0750305,1.02013,1.14173
-0.811864,-0.058728,1.02001,1.18556
-0.823449,-0.0424256,1.01989,1.2294
-0.835034,-0.0261231,1.01977,1.27323
-0.846619,-0.00982063,1.01965,1.31706
-0.858205,0.00648183,1.01953,1.3609
-0.86979,0.0227843,1.01941,1.40473
-0.881375,0.0390868,1.01929,1.44857
-0.89296,0.0553892,1.01917,1.4924
-0.904545,0.0716917,1.01905,1.53624
-0.91613,0.0879941,1.01893,1.58007
-0.927715,0.104297,1.01881,1.6239
-0.939301,0.120599,1.01869,1.66774
-0.950886,0.136902,1.01857,1.71157
-0.962471,0.153204,1.01845,1.75541
-0.974056,0.169506,1.01833,1.79924
-0.985641,0.185809,1.01821,1.84308
-0.997226,0.202111,1.0181,1.88691
-1.00881,0.218414,1.01798,1.93074
-1.0204,0.234716,1.01786,1.97458
-1.03198,0.251019,1.01774,2.01841
-1.04357,0.267321,1.01762,2.06225
-1.05515,0.283624,1.0175,2.10608
-1.06674,0.299926,1.01738,2.14992
-1.07832,0.316229,1.01726,2.19375
-1.08995,0.332501,1.01715,2.19375
-1.10158,0.348774,1.01704,2.19375
-1.1132,0.365047,1.01693,2.19375
-1.12483,0.381319,1.01682,2.19375
-1.13646,0.397592,1.01671,2.19375
-1.14808,0.413865,1.0166,2.19375
-1.15971,0.430138,1.01649,2.19375
-1.17134,0.44641,1.01638,2.19375
-1.18296,0.462683,1.01628,2.19375
-1.19459,0.478956,1.01617,2.19375
-1.20622,0.495229,1.01606,2.19375
-1.21785,0.511501,1.01595,2.19375
-1.22947,0.527774,1.01584,2.19375
-1.2411,0.544047,1.01573,2.19375
-1.25273,0.560319,1.01562,2.19375
-1.26435,0.576592,1.01551,2.19375
-1.27598,0.592865,1.0154,2.19375
-1.28761,0.609138,1.0153,2.19375
-1.29923,0.62541,1.01519,2.19375
-1.31086,0.641683,1.01508,2.19375
-1.32249,0.657956,1.01497,2.19375
-1.33412,0.674228,1.01486,2.19375
-1.34574,0.690501,1.01475,2.19375
-1.35737,0.706774,1.01464,2.19375
-1.369,0.723047,1.01453,2.19375
-1.38062,0.739319,1.01442,2.19375
-1.39225,0.755592,1.01432,2.19375
-1.40388,0.771865,1.01421,2.19375
-1.4155,0.788138,1.0141,2.19375
-1.42713,0.80441,1.01399,2.19375
-1.43876,0.820683,1.01388,2.19375
-1.45039,0.836956,1.01377,2.19375
-1.46201,0.853228,1.01366,2.19375
-1.47364,0.869501,1.01355,2.19375
-1.48527,0.885774,1.01344,2.19375
-1.49689,0.902047,1.01334,2.19375
-1.50852,0.918319,1.01323,2.19375
-1.52015,0.934592,1.01312,2.19375
-1.53177,0.950865,1.01301,2.19375
-1.5434,0.967137,1.0129,2.19375
-1.55503,0.98341,1.01279,2.19375
-1.56666,0.999683,1.01268,2.19375
-1.57828,1.01596,1.01257,2.19375
-1.58991,1.03223,1.01246,2.19375
-1.60154,1.0485,1.01236,2.19375
-1.61316,1.06477,1.01225,2.19375
-1.62479,1.08105,1.01214,2.19375
-1.63642,1.09732,1.01203,2.19375
-1.64804,1.11359,1.01192,2.19375
-1.65967,1.12986,1.01181,2.19375
-1.67132,1.14612,1.01171,2.19375
-1.68297,1.16238,1.0116,2.19375
-1.69461,1.17864,1.0115,2.19375
-1.70626,1.1949,1.0114,2.19375
-1.71791,1.21115,1.01129,2.19375
-1.72956,1.22741,1.01119,2.19375
-1.74121,1.24367,1.01109,2.19375
-1.75285,1.25993,1.01098,2.19375
-1.7645,1.27619,1.01088,2.19375
-1.77615,1.29244,1.01078,2.19375
-1.7878,1.3087,1.01067,2.19375
-1.79945,1.32496,1.01057,2.19375
-1.81109,1.34122,1.01047,2.19375
-1.82274,1.35747,1.01036,2.19375
-1.83439,1.37373,1.01026,2.19375
-1.84604,1.38999,1.01016,2.19375
-1.85768,1.40625,1.01005,2.19375
-1.86933,1.42251,1.00995,2.19375
-1.88098,1.43876,1.00985,2.19375
-1.89263,1.45502,1.00974,2.19375
-1.90428,1.47128,1.00964,2.19375
-1.91592,1.48754,1.00954,2.19375
-1.92757,1.50379,1.00943,2.19375
-1.93922,1.52005,1.00933,2.19375
-1.95087,1.53631,1.00923,2.19375
-1.96252,1.55257,1.00912,2.19375
-1.97416,1.56883,1.00902,2.19375
-1.98581,1.58508,1.00892,2.19375
-1.99746,1.60134,1.00881,2.19375
-2.00911,1.6176,1.00871,2.19375
-2.02076,1.63386,1.00861,2.19375
-2.0324,1.65011,1.0085,2.19375
-2.04405,1.66637,1.0084,2.19375
-2.0557,1.68263,1.0083,2.19375
-2.06735,1.69889,1.00819,2.19375
-2.07899,1.71515,1.00809,2.19375
-2.09064,1.7314,1.00799,2.19375
-2.10229,1.74766,1.00788,2.19375
-2.11394,1.76392,1.00778,2.19375
-2.12559,1.78018,1.00768,2.19375
-2.13723,1.79644,1.00757,2.19375
-2.14888,1.81269,1.00747,2.19375
-2.16053,1.82895,1.00737,2.19375
-2.17218,1.84521,1.00726,2.19375
-2.18383,1.86147,1.00716,2.19375
-2.19547,1.87772,1.00706,2.19375
-2.20712,1.89398,1.00695,2.19375
-2.21877,1.91024,1.00685,2.19375
-2.23042,1.9265,1.00675,2.19375
-2.24206,1.94276,1.00664,2.19375
-2.25372,1.95901,1.00654,2.19373
-2.26537,1.97526,1.00644,2.19371
-2.27702,1.99152,1.00634,2.19369
-2.28868,2.00777,1.00623,2.19367
-2.30033,2.02403,1.00613,2.19365
-2.31198,2.04028,1.00603,2.19363
-2.32363,2.05654,1.00593,2.19361
-2.33529,2.07279,1.00583,2.19359
-2.34694,2.08904,1.00572,2.19357
-2.35859,2.1053,1.00562,2.19355
-2.37024,2.12155,1.00552,2.19353
-2.3819,2.13781,1.00542,2.19351
-2.39355,2.15406,1.00531,2.19349
-2.4052,2.17032,1.00521,2.19347
-2.41685,2.18657,1.00511,2.19345
-2.42851,2.20283,1.00501,2.19343
-2.44016,2.21908,1.00491,2.19341
-2.45181,2.23533,1.0048,2.19339
-2.46347,2.25159,1.0047,2.19337
-2.47512,2.26784,1.0046,2.19336
-2.48677,2.2841,1.0045,2.19334
-2.49842,2.30035,1.0044,2.19332
-2.51008,2.31661,1.00429,2.1933
-2.52173,2.33286,1.00419,2.19328
-2.53338,2.34911,1.00409,2.19326
-2.54503,2.36537,1.00399,2.19324
-2.55669,2.38162,1.00388,2.19322
-2.56834,2.39788,1.00378,2.1932
-2.57999,2.41413,1.00368,2.19318
-2.59165,2.43039,1.00358,2.19316
-2.6033,2.44664,1.00348,2.19314
-2.61495,2.46289,1.00337,2.19312
-2.6266,2.47915,1.00327,2.1931
-2.63826,2.4954,1.00317,2.19308
-2.64991,2.51166,1.00307,2.19306
-2.66156,2.52791,1.00297,2.19304
-2.67321,2.54417,1.00286,2.19302
-2.68487,2.56042,1.00276,2.193
-2.69652,2.57668,1.00266,2.19298
-2.70817,2.59293,1.00256,2.19296
-2.71983,2.60918,1.00246,2.19294
-2.73148,2.62544,1.00235,2.19292
-2.74313,2.64169,1.00225,2.1929
-2.75478,2.65795,1.00215,2.19288
-2.76644,2.6742,1.00205,2.19286
-2.77809,2.69046,1.00194,2.19284
-2.78974,2.70671,1.00184,2.19282
-2.80139,2.72296,1.00174,2.1928
-2.81305,2.73922,1.00164,2.19278
-2.8247,2.75547,1.00154,2.19276
-2.81164,2.74033,1.00153,2.13172
-2.79858,2.72518,1.00153,2.07068
-2.78552,2.71003,1.00153,2.00964
-2.77246,2.69488,1.00152,1.9486
-2.7594,2.67974,1.00152,1.88756
-2.74634,2.66459,1.00152,1.82652
-2.73328,2.64944,1.00151,1.76548
-2.72022,2.6343,1.00151,1.70444
-2.70716,2.61915,1.00151,1.6434
-2.6941,2.604,1.0015,1.58236
-2.68104,2.58886,1.0015,1.52132
-2.66798,2.57371,1.00149,1.46028
-2.65492,2.55856,1.00149,1.39924
-2.64186,2.54341,1.00149,1.3382
-2.6288,2.52827,1.00148,1.27716
-2.61574,2.51312,1.00148,1.21612
-2.60268,2.49797,1.00148,1.15508
-2.58962,2.48283,1.00147,1.09404
-2.57656,2.46768,1.00147,1.033
-2.5635,2.45253,1.00147,0.971958
-2.55044,2.43738,1.00146,0.910917
-2.53738,2.42224,1.00146,0.849877
-2.52432,2.40709,1.00146,0.788837
-2.51126,2.39194,1.00145,0.727797
-2.4982,2.3768,1.00145,0.666756
-2.48514,2.36165,1.00145,0.605716
-2.47208,2.3465,1.00144,0.544676
-2.45902,2.33136,1.00144,0.483635
-2.44596,2.31621,1.00144,0.422595
-2.4329,2.30106,1.00143,0.361555
-2.41984,2.28591,1.00143,0.300515
-2.40678,2.27077,1.00143,0.239474
-2.39372,2.25562,1.00142,0.178434
-2.38066,2.24047,1.00142,0.117394
-2.3676,2.22533,1.00142,0.0563534
-2.35454,2.21018,1.00141,-0.00468694
-2.34148,2.19503,1.00141,-0.0657272
-2.32842,2.17988,1.00141,-0.126768
-2.31536,2.16474,1.0014,-0.187808
-2.3023,2.14959,1.0014,-0.248848
-2.28924,2.13444,1.00139,-0.309888
-2.27618,2.1193,1.00139,-0.370929
-2.26312,2.10415,1.00139,-0.431969
-2.25006,2.089,1.00138,-0.493009
-2.237,2.07385,1.00138,-0.55405
-2.22393,2.05871,1.00138,-0.61509
-2.21087,2.04356,1.00137,-0.67613
-2.19781,2.02841,1.00137,-0.73717
-2.18475,2.01327,1.00137,-0.798211
-2.17169,1.99812,1.00136,-0.859251
-2.15863,1.98297,1.00136,-0.859251
-2.14557,1.96783,1.00136,-0.859251
-2.13251,1.95268,1.00135,-0.859251
-2.11945,1.93753,1.00135,-0.859251
-2.10639,1.92238,1.00135,-0.859251
-2.09333,1.90724,1.00134,-0.859251
-2.08027,1.89209,1.00134,-0.859251
-2.06721,1.87694,1.00134,-0.859251
-2.05415,1.8618,1.00133,-0.859251
-2.04109,1.84665,1.00133,-0.859251
-2.02803,1.8315,1.00133,-0.859251
-2.01497,1.81635,1.00132,-0.859251
-2.00191,1.80121,1.00132,-0.859251
-1.98885,1.78606,1.00132,-0.859251
-1.97579,1.77091,1.00131,-0.859251
-1.96273,1.75577,1.00131,-0.859251
-1.94967,1.74062,1.00131,-0.859251
-1.93661,1.72547,1.0013,-0.859251
-1.92355,1.71033,1.0013,-0.859251
-1.91049,1.69518,1.0013,-0.859251
-1.89743,1.68003,1.00129,-0.859251
-1.88437,1.66488,1.00129,-0.859251
-1.87131,1.64974,1.00128,-0.859251
-1.85825,1.63459,1.00128,-0.859251
-1.84519,1.61944,1.00128,-0.859251
-1.83213,1.6043,1.00127,-0.859251
-1.81907,1.58915,1.00127,-0.859251
-1.80601,1.574,1.00127,-0.859251
-1.79295,1.55885,1.00126,-0.859251
-1.77989,1.54371,1.00126,-0.859251
-1.76683,1.52856,1.00126,-0.859251
-1.75377,1.51341,1.00125,-0.859251
-1.74071,1.49827,1.00125,-0.859251
-1.72765,1.48312,1.00125,-0.859251
-1.71459,1.46797,1.00124,-0.859251
-1.70153,1.45283,1.00124,-0.859251
-1.68847,1.43768,1.00124,-0.859251
-1.67541,1.42253,1.00123,-0.859251
-1.66235,1.40738,1.00123,-0.859251
-1.64929,1.39224,1.00123,-0.859251
-1.63623,1.37709,1.00122,-0.859251
-1.62317,1.36194,1.00122,-0.859251
-1.61011,1.3468,1.00122,-0.859251
-1.59705,1.33165,1.00121,-0.859251
-1.58399,1.3165,1.00121,-0.859251
-1.57093,1.30135,1.00121,-0.859251
-1.55787,1.28621,1.0012,-0.859251
-1.54481,1.27106,1.0012,-0.859251
-1.53175,1.25591,1.0012,-0.859251
-1.51869,1.24077,1.00119,-0.859251
-1.50563,1.22562,1.00119,-0.859251
-1.49257,1.21047,1.00118,-0.859251
-1.47951,1.19532,1.00118,-0.859251
-1.46645,1.18018,1.00118,-0.859251
-1.45339,1.16503,1.00117,-0.859251
-1.44033,1.14988,1.00117,-0.859251
-1.42727,1.13474,1.00117,-0.859251
-1.41421,1.11959,1.00116,-0.859251
-1.40115,1.10444,1.00116,-0.859251
-1.38809,1.0893,1.00116,-0.859251
-1.37503,1.07415,1.00115,-0.859251
-1.36197,1.059,1.00115,-0.859251
-1.34891,1.04385,1.00115,-0.859251
-1.33585,1.02871,1.00114,-0.859251
-1.32279,1.01356,1.00114,-0.859251
-1.30973,0.998413,1.00114,-0.859251
-1.29667,0.983266,1.00113,-0.859251
-1.28361,0.968119,1.00113,-0.859251
-1.27055,0.952972,1.00113,-0.859251
-1.25749,0.937825,1.00112,-0.859251
-1.24443,0.922677,1.00112,-0.859251
-1.23137,0.90753,1.00112,-0.859251
-1.21831,0.892383,1.00111,-0.859251
-1.20525,0.877236,1.00111,-0.859251
-1.19219,0.862089,1.00111,-0.859251
-1.17913,0.846942,1.0011,-0.859251
-1.16607,0.831795,1.0011,-0.859251
-1.15301,0.816648,1.0011,-0.859251
-1.13995,0.801501,1.00109,-0.859251
-1.12689,0.786354,1.00109,-0.859251
-1.11383,0.771207,1.00108,-0.859251
-1.10077,0.75606,1.00108,-0.859251
-1.08771,0.740913,1.00108,-0.859251
-1.07465,0.725766,1.00107,-0.859251
-1.06159,0.710618,1.00107,-0.859251
-1.04853,0.695471,1.00107,-0.859251
-1.03547,0.680324,1.00106,-0.859251
-1.02241,0.665177,1.00106,-0.859251
-1.00935,0.65003,1.00106,-0.859251
-0.996286,0.634883,1.00105,-0.859251
-0.983226,0.619736,1.00105,-0.859251
-0.970166,0.604589,1.00105,-0.859251
-0.957105,0.589442,1.00104,-0.859251
-0.944045,0.574295,1.00104,-0.859251
-0.930985,0.559148,1.00104,-0.859251
-0.917925,0.544001,1.00103,-0.859251
-0.904865,0.528854,1.00103,-0.859251
-0.891805,0.513707,1.00103,-0.859251
-0.878745,0.498559,1.00102,-0.859251
-0.865685,0.483412,1.00102,-0.859251
-0.852625,0.468265,1.00102,-0.859251
-0.839565,0.453118,1.00101,-0.859251
-0.826504,0.437971,1.00101,-0.859251
-0.813444,0.422824,1.00101,-0.859251
-0.800384,0.407677,1.001,-0.859251
-0.787324,0.39253,1.001,-0.859251
-0.774264,0.377383,1.001,-0.859251
-0.761204,0.362236,1.00099,-0.859251
-0.748144,0.347089,1.00099,-0.859251
-0.735084,0.331942,1.00099,-0.859251
-0.722024,0.316795,1.00098,-0.859251
-0.708964,0.301647,1.00098,-0.859251
-0.695903,0.2865,1.00097,-0.859251
-0.682843,0.271353,1.00097,-0.859251
-0.669783,0.256206,1.00097,-0.859251
-0.656723,0.241059,1.00096,-0.859251
-0.643663,0.225912,1.00096,-0.859251
-0.630603,0.210765,1.00096,-0.859251
-0.617543,0.195618,1.00095,-0.859251
-0.604483,0.180471,1.00095,-0.859251
-0.591423,0.165324,1.00095,-0.859251
-0.578363,0.150177,1.00094,-0.859251
-0.565302,0.13503,1.00094,-0.859251
-0.552242,0.119883,1.00094,-0.859251
-0.539182,0.104736,1.00093,-0.859251
-0.526122,0.0895885,1.00093,-0.859251
-0.513062,0.0744414,1.00093,-0.859251
-0.500002,0.0592943,1.00092,-0.859251
-0.486942,0.0441472,1.00092,-0.859251
-0.473882,0.0290002,1.00092,-0.859251
-0.460822,0.0138531,1.00091,-0.859251
-0.447762,-0.00129397,1.00091,-0.859251
-0.434701,-0.016441,1.00091,-0.859251
-0.421641,-0.0315881,1.0009,-0.859251
-0.408581,-0.0467352,1.0009,-0.859251
-0.395521,-0.0618823,1.0009,-0.859251
-0.382461,-0.0770293,1.00089,-0.859251
-0.369401,-0.0921764,1.00089,-0.859251
-0.356341,-0.107323,1.00089,-0.859251
-0.343281,-0.122471,1.00088,-0.859251
-0.330221,-0.137618,1.00088,-0.859251
-0.317161,-0.152765,1.00087,-0.859251
-0.3041,-0.167912,1.00087,-0.859251
-0.29104,-0.183059,1.00087,-0.859251
-0.27798,-0.198206,1.00086,-0.859251
-0.26492,-0.213353,1.00086,-0.859251
-0.25186,-0.2285,1.00086,-0.859251
-0.2388,-0.243647,1.00085,-0.859251
-0.22574,-0.258794,1.00085,-0.859251
-0.21268,-0.273941,1.00085,-0.859251
-0.215539,-0.292608,1.00743,-0.876351
-0.218398,-0.311274,1.01402,-0.893451
-0.221258,-0.32994,1.02061,-0.910551
-0.224117,-0.348606,1.0272,-0.927651
-0.226976,-0.367273,1.03378,-0.944751
-0.229835,-0.385939,1.04037,-0.961851
-0.232695,-0.404605,1.04696,-0.978951
-0.235554,-0.423272,1.05355,-0.996051
-0.238413,-0.441938,1.06013,-1.01315
-0.241272,-0.460604,1.06672,-1.03025
-0.244132,-0.479271,1.07331,-1.04735
-0.246991,-0.497937,1.0799,-1.06445
-0.24985,-0.516603,1.08648,-1.08155
-0.252709,-0.535269,1.09307,-1.09865
-0.255569,-0.553936,1.09966,-1.11575
-0.258428,-0.572602,1.10625,-1.13285
-0.261287,-0.591268,1.11283,-1.14995
-0.264146,-0.609935,1.11942,-1.16705
-0.267006,-0.628601,1.12601,-1.18415
-0.269865,-0.647267,1.1326,-1.20125
-0.272724,-0.665934,1.13918,-1.21835
-0.275583,-0.6846,1.14577,-1.23545
-0.278443,-0.703266,1.15236,-1.25255
-0.281302,-0.721932,1.15895,-1.26965
-0.284161,-0.740599,1.16553,-1.28675
-0.287021,-0.759265,1.17212,-1.30385
-0.28988,-0.777931,1.17871,-1.32095
-0.292739,-0.796598,1.18529,-1.33805
-0.295598,-0.815264,1.19188,-1.35515
-0.298458,-0.83393,1.19847,-1.37225
-0.301317,-0.852597,1.20506,-1.38935
-0.304176,-0.871263,1.21164,-1.40645
-0.307035,-0.889929,1.21823,-1.42355
-0.309895,-0.908595,1.22482,-1.44065
-0.312754,-0.927262,1.23141,-1.45775
-0.315613,-0.945928,1.23799,-1.47485
-0.318472,-0.964594,1.24458,-1.49195
-0.321332,-0.983261,1.25117,-1.50905
-0.324191,-1.00193,1.25776,-1.52615
-0.32705,-1.02059,1.26434,-1.54325
-0.329909,-1.03926,1.27093,-1.56035
-0.332769,-1.05793,1.27752,-1.57745
-0.335628,-1.07659,1.28411,-1.59455
-0.338487,-1.09526,1.29069,-1.61165
-0.341346,-1.11392,1.29728,-1.62875
-0.344206,-1.13259,1.30387,-1.64585
-0.347065,-1.15126,1.31046,-1.66295
-0.349924,-1.16992,1.31704,-1.68005
-0.352783,-1.18859,1.32363,-1.69715
-0.355643,-1.20726,1.33022,-1.71425
-0.349801,-1.22609,1.3269,-1.70545
-0.34396,-1.24493,1.32358,-1.69666
-0.338119,-1.26377,1.32026,-1.68786
-0.332277,-1.28261,1.31694,-1.67906
-0.326436,-1.30144,1.31362,-1.67027
-0.320595,-1.32028,1.3103,-1.66147
-0.314754,-1.33912,1.30698,-1.65267
-0.308912,-1.35796,1.30366,-1.64388
-0.303071,-1.3768,1.30034,-1.63508
-0.29723,-1.39563,1.29702,-1.62628
-0.291388,-1.41447,1.2937,-1.61749
-0.285547,-1.43331,1.29038,-1.60869
-0.279706,-1.45215,1.28706,-1.59989
-0.273864,-1.47098,1.28374,-1.5911
-0.268023,-1.48982,1.28042,-1.5823
-0.262182,-1.50866,1.2771,-1.5735
-0.256341,-1.5275,1.27378,-1.56471
-0.250499,-1.54633,1.27046,-1.55591
-0.244658,-1.56517,1.26714,-1.54711
-0.238817,-1.58401,1.26382,-1.53831
-0.232975,-1.60285,1.2605,-1.52952
-0.227134,-1.62168,1.25718,-1.52072
-0.221293,-1.64052,1.25386,-1.51192
-0.215451,-1.65936,1.25054,-1.50313
-0.20961,-1.6782,1.24722,-1.49433
-0.203769,-1.69704,1.2439,-1.48553
-0.197928,-1.71587,1.24058,-1.47674
-0.192086,-1.73471,1.23726,-1.46794
-0.186245,-1.75355,1.23394,-1.45914
-0.180404,-1.77239,1.23062,-1.45035
-0.174562,-1.79122,1.2273,-1.44155
-0.168721,-1.81006,1.22398,-1.43275
-0.16288,-1.8289,1.22066,-1.42396
-0.157038,-1.84774,1.21734,-1.41516
-0.151197,-1.86657,1.21402,-1.40636
-0.145356,-1.88541,1.2107,-1.39757
-0.139515,-1.90425,1.20738,-1.38877
-0.133673,-1.92309,1.20406,-1.37997
-0.127832,-1.94192,1.20074,-1.37118
-0.121991,-1.96076,1.19742,-1.36238
-0.116149,-1.9796,1.1941,-1.35358
-0.110308,-1.99844,1.19078,-1.34479
-0.104467,-2.01728,1.18746,-1.33599
-0.0986254,-2.03611,1.18414,-1.32719
-0.0927841,-2.05495,1.18082,-1.31839
-0.0869428,-2.07379,1.1775,-1.3096
-0.0811015,-2.09263,1.17418,-1.3008
-0.0752602,-2.11146,1.17086,-1.292
-0.0694189,-2.1303,1.16754,-1.28321
-0.0635776,-2.14914,1.16422,-1.27441
-0.0648868,-2.16904,1.16569,-1.28165
-0.066196,-2.18894,1.16716,-1.28889
-0.0675052,-2.20885,1.16863,-1.29612
-0.0688144,-2.22875,1.17009,-1.30336
-0.0701236,-2.24865,1.17156,-1.3106
-0.0714329,-2.26856,1.17303,-1.31784
-0.0727421,-2.28846,1.1745,-1.32508
-0.0740513,-2.30836,1.17597,-1.33231
-0.0753605,-2.32827,1.17744,-1.33955
-0.0766697,-2.34817,1.17891,-1.34679
-0.0779789,-2.36807,1.18037,-1.35403
-0.0792882,-2.38797,1.18184,-1.36127
-0.0805974,-2.40788,1.18331,-1.3685
-0.0819066,-2.42778,1.18478,-1.37574
-0.0832158,-2.44768,1.18625,-1.38298
-0.084525,-2.46759,1.18772,-1.39022
-0.0858342,-2.48749,1.18919,-1.39745
-0.0871435,-2.50739,1.19066,-1.40469
-0.0884527,-2.5273,1.19212,-1.41193
-0.0897619,-2.5472,1.19359,-1.41917
-0.0910711,-2.5671,1.19506,-1.42641
-0.0923803,-2.587,1.19653,-1.43364
-0.0936895,-2.60691,1.198,-1.44088
-0.0949988,-2.62681,1.19947,-1.44812
-0.096308,-2.64671,1.20094,-1.45536
-0.0976172,-2.66662,1.2024,-1.4626
-0.0989264,-2.68652,1.20387,-1.46983
-0.100236,-2.70642,1.20534,-1.47707
-0.101545,-2.72633,1.20681,-1.48431
-0.102854,-2.74623,1.20828,-1.49155
-0.104163,-2.76613,1.20975,-1.49878
-0.105472,-2.78603,1.21122,-1.50602
-0.106782,-2.80594,1.21268,-1.51326
-0.108091,-2.82584,1.21415,-1.5205
-0.1094,-2.84574,1.21562,-1.52774
-0.110709,-2.86565,1.21709,-1.53497
-0.112019,-2.88555,1.21856,-1.54221
-0.113328,-2.90545,1.22003,-1.54945
-0.114637,-2.92536,1.2215,-1.55669
-0.115946,-2.94526,1.22296,-1.56393
-0.117255,-2.96516,1.22443,-1.57116
-0.118565,-2.98506,1.2259,-1.5784
-0.119874,-3.00497,1.22737,-1.58564
-0.121183,-3.02487,1.22884,-1.59288
-0.122492,-3.04477,1.23031,-1.60011
-0.123802,-3.06468,1.23178,-1.60735
-0.125111,-3.08458,1.23324,-1.61459
-0.12642,-3.10448,1.23471,-1.62183
-0.127729,-3.12439,1.23618,-1.62907
-0.129038,-3.14429,1.23765,-1.6363
-0.134675,-3.16073,1.24755,-1.64599
-0.140311,-3.17717,1.25744,-1.65567
-0.145948,-3.19361,1.26734,-1.66536
-0.151585,-3.21005,1.27724,-1.67504
-0.157221,-3.22649,1.28713,-1.68472
-0.162858,-3.24293,1.29703,-1.69441
-0.168494,-3.25937,1.30693,-1.70409
-0.174131,-3.27581,1.31682,-1.71377
-0.179767,-3.29225,1.32672,-1.72346
-0.185404,-3.30869,1.33662,-1.73314
-0.19104,-3.32513,1.34651,-1.74283
-0.196677,-3.34157,1.35641,-1.75251
-0.202313,-3.35801,1.3663,-1.76219
-0.20795,-3.37445,1.3762,-1.77188
-0.213587,-3.3909,1.3861,-1.78156
-0.219223,-3.40734,1.39599,-1.79124
-0.22486,-3.42378,1.40589,-1.80093
-0.230496,-3.44022,1.41579,-1.81061
-0.236133,-3.45666,1.42568,-1.8203
-0.241769,-3.4731,1.43558,-1.82998
-0.247406,-3.48954,1.44548,-1.83966
-0.253042,-3.50598,1.45537,-1.84935
-0.257203,-3.51811,1.46268,-1.85649
-0.258965,-3.53706,1.45651,-1.85254
-0.260728,-3.556,1.45034,-1.8486
-0.26249,-3.57494,1.44417,-1.84465
-0.264252,-3.59389,1.43801,-1.8407
-0.266015,-3.61283,1.43184,-1.83675
-0.267777,-3.63177,1.42567,-1.8328
-0.269539,-3.65072,1.4195,-1.82885
-0.271302,-3.66966,1.41334,-1.8249
-0.273064,-3.6886,1.40717,-1.82095
-0.274826,-3.70755,1.401,-1.817
-0.276589,-3.72649,1.39483,-1.81305
-0.278351,-3.74543,1.38867,-1.8091
-0.280114,-3.76438,1.3825,-1.80515
-0.281876,-3.78332,1.37633,-1.8012
-0.283638,-3.80227,1.37016,-1.79725
-0.285401,-3.82121,1.36399,-1.79331
-0.287163,-3.84015,1.35783,-1.78936
-0.288925,-3.8591,1.35166,-1.78541
-0.290688,-3.87804,1.34549,-1.78146
-0.29245,-3.89698,1.33932,-1.77751
-0.294213,-3.91593,1.33316,-1.77356
-0.295975,-3.93487,1.32699,-1.76961
-0.297737,-3.95381,1.32082,-1.76566
-0.2995,-3.97276,1.31465,-1.76171
-0.301262,-3.9917,1.30849,-1.75776
-0.303024,-4.01064,1.30232,-1.75381
-0.304787,-4.02959,1.29615,-1.74986
-0.306549,-4.04853,1.28998,-1.74591
-0.308311,-4.06747,1.28381,-1.74196
-0.310074,-4.08642,1.27765,-1.73802
-0.311836,-4.10536,1.27148,-1.73407
-0.313599,-4.1243,1.26531,-1.73012
-0.315361,-4.14325,1.25914,-1.72617
-0.317123,-4.16219,1.25298,-1.72222
-0.318886,-4.18113,1.24681,-1.71827
-0.320648,-4.20008,1.24064,-1.71432
-0.32241,-4.21902,1.23447,-1.71037
-0.324173,-4.23796,1.22831,-1.70642
-0.325935,-4.25691,1.22214,-1.70247
-0.327698,-4.27585,1.21597,-1.69852
-0.32946,-4.29479,1.2098,-1.69457
-0.331222,-4.31374,1.20363,-1.69062
-0.332985,-4.33268,1.19747,-1.68667
-0.334747,-4.35162,1.1913,-1.68272
-0.336509,-4.37057,1.18513,-1.67878
-0.338272,-4.38951,1.17896,-1.67483
-0.340034,-4.40845,1.1728,-1.67088
-0.341796,-4.4274,1.16663,-1.66693
-0.343559,-4.44634,1.16046,-1.66298
-0.345321,-4.46528,1.15429,-1.65903
-0.363361,-4.45701,1.15182,-1.69761
-0.381402,-4.44874,1.14934,-1.73619
-0.399442,-4.44047,1.14687,-1.77477
-0.417482,-4.4322,1.14439,-1.81335
-0.435522,-4.42393,1.14192,-1.85192
-0.453563,-4.41565,1.13944,-1.8905
-0.471603,-4.40738,1.13697,-1.92908
-0.489643,-4.39911,1.13449,-1.96766
-0.507683,-4.39084,1.13202,-2.00624
-0.525724,-4.38257,1.12954,-2.04482
-0.543764,-4.37429,1.12707,-2.0834
-0.561804,-4.36602,1.12459,-2.12198
-0.579844,-4.35775,1.12212,-2.16056
-0.597885,-4.34948,1.11964,-2.19914
-0.615925,-4.34121,1.11717,-2.23771
-0.633965,-4.33294,1.11469,-2.27629
-0.652005,-4.32466,1.11222,-2.31487
-0.670046,-4.31639,1.10974,-2.35345
-0.688086,-4.30812,1.10727,-2.39203
-0.706126,-4.29985,1.10479,-2.43061
-0.724166,-4.29158,1.10232,-2.46919
-0.742207,-4.2833,1.09984,-2.50777
-0.760247,-4.27503,1.09737,-2.54635
-0.778287,-4.26676,1.09489,-2.58493
-0.796327,-4.25849,1.09242,-2.62351
-0.814367,-4.25022,1.08994,-2.66208
-0.832408,-4.24194,1.08747,-2.70066
-0.850448,-4.23367,1.08499,-2.73924
-0.868488,-4.2254,1.08252,-2.77782
-0.886528,-4.21713,1.08004,-2.8164
-0.904569,-4.20886,1.07757,-2.85498
-0.922609,-4.20059,1.07509,-2.89356
-0.940649,-4.19231,1.07262,-2.93214
-0.958689,-4.18404,1.07014,-2.97072
-0.97673,-4.17577,1.06767,-3.0093
-0.99477,-4.1675,1.06519,-3.04787
-1.01281,-4.15923,1.06272,-3.08645
-1.03085,-4.15095,1.06024,-3.12503
-1.04889,-4.14268,1.05777,3.11957
-1.06693,-4.13441,1.05529,3.08099
-1.08497,-4.12614,1.05282,3.04242
-1.10301,-4.11787,1.05034,3.00384
-1.12105,-4.10959,1.04787,2.96526
-1.13909,-4.10132,1.04539,2.92668
-1.15713,-4.09305,1.04292,2.8881
-1.17517,-4.08478,1.04044,2.84952
-1.19321,-4.07651,1.03796,2.81094
-1.21125,-4.06824,1.03549,2.77236
-1.22929,-4.05996,1.03301,2.73378
-1.24733,-4.05169,1.03054,2.6952
-1.22734,-4.05145,1.0304,2.64158
-1.20734,-4.0512,1.03025,2.58796
-1.18734,-4.05096,1.03011,2.53434
-1.16734,-4.05072,1.02996,2.48072
-1.14734,-4.05047,1.02982,2.4271
-1.12735,-4.05023,1.02968,2.37348
-1.10735,-4.04999,1.02953,2.31985
-1.08735,-4.04974,1.02939,2.26623
-1.06735,-4.0495,1.02925,2.21261
-1.04735,-4.04926,1.0291,2.15899
-1.02736,-4.04901,1.02896,2.10537
-1.00736,-4.04877,1.02881,2.05175
-0.987359,-4.04853,1.02867,1.99813
-0.967361,-4.04828,1.02853,1.9445
-0.947363,-4.04804,1.02838,1.89088
-0.927365,-4.0478,1.02824,1.83726
-0.907367,-4.04755,1.0281,1.78364
-0.887369,-4.04731,1.02795,1.73002
-0.867371,-4.04707,1.02781,1.6764
-0.847373,-4.04682,1.02766,1.62278
-0.827375,-4.04658,1.02752,1.56916
-0.807377,-4.04634,1.02738,1.51553
-0.787379,-4.04609,1.02723,1.46191
-0.767381,-4.04585,1.02709,1.40829
-0.747383,-4.04561,1.02694,1.35467
-0.727385,-4.04536,1.0268,1.30105
-0.707387,-4.04512,1.02666,1.24743
-0.687389,-4.04488,1.02651,1.19381
-0.667391,-4.04463,1.02637,1.14018
-0.647393,-4.04439,1.02623,1.08656
-0.627395,-4.04415,1.02608,1.03294
-0.607397,-4.0439,1.02594,0.97932
-0.587399,-4.04366,1.02579,0.925698
-0.567401,-4.04342,1.02565,0.872077
-0.547403,-4.04317,1.02551,0.818456
-0.527405,-4.04293,1.02536,0.764834
-0.507407,-4.04269,1.02522,0.711213
-0.487409,-4.04244,1.02508,0.657591
-0.467411,-4.0422,1.02493,0.60397
-0.447413,-4.04196,1.02479,0.550349
-0.427415,-4.04171,1.02464,0.496727
-0.407417,-4.04147,1.0245,0.443106
-0.387419,-4.04123,1.02436,0.389485
-0.367421,-4.04098,1.02421,0.335863
-0.347423,-4.04074,1.02407,0.282242
-0.327425,-4.0405,1.02393,0.22862
-0.307427,-4.04025,1.02378,0.174999
-0.287429,-4.04001,1.02364,0.121378
-0.267431,-4.03977,1.02349,0.0677562
-0.247433,-4.03952,1.02335,0.0141348
-0.258121,-4.05642,1.023,-0.0288392
-0.268808,-4.07333,1.02266,-0.0718132
-0.279496,-4.09023,1.02231,-0.114787
-0.290183,-4.10713,1.02197,-0.157761
-0.300871,-4.12403,1.02162,-0.200735
-0.311558,-4.14093,1.02128,-0.243709
-0.322246,-4.15783,1.02093,-0.286683
-0.332933,-4.17473,1.02059,-0.329657
-0.343621,-4.19164,1.02024,-0.372631
-0.354308,-4.20854,1.0199,-0.415605
-0.364996,-4.22544,1.01955,-0.458579
-0.375683,-4.24234,1.01921,-0.501553
-0.386371,-4.25924,1.01886,-0.544527
-0.397058,-4.27614,1.01852,-0.587501
-0.407746,-4.29304,1.01817,-0.630475
-0.418433,-4.30995,1.01783,-0.673449
-0.429121,-4.32685,1.01748,-0.716423
-0.439808,-4.34375,1.01714,-0.759397
-0.450496,-4.36065,1.01679,-0.802371
-0.461183,-4.37755,1.01644,-0.845345
-0.471871,-4.39445,1.0161,-0.888319
-0.482559,-4.41135,1.01575,-0.931293
-0.493246,-4.42826,1.01541,-0.974267
-0.503934,-4.44516,1.01506,-1.01724
-0.514621,-4.46206,1.01472,-1.06022
-0.525309,-4.47896,1.01437,-1.10319
-0.535996,-4.49586,1.01403,-1.14616
-0.546684,-4.51276,1.01368,-1.18914
-0.557371,-4.52966,1.01334,-1.23211
-0.568059,-4.54657,1.01299,-1.27509
-0.578746,-4.56347,1.01265,-1.31806
-0.589434,-4.58037,1.0123,-1.36103
-0.600121,-4.59727,1.01196,-1.40401
-0.610809,-4.61417,1.01161,-1.44698
-0.621496,-4.63107,1.01127,-1.48996
-0.632184,-4.64797,1.01092,-1.53293
-0.642871,-4.66487,1.01058,-1.5759
-0.653559,-4.68178,1.01023,-1.61888
-0.664246,-4.69868,1.00989,-1.66185
-0.674934,-4.71558,1.00954,-1.70483
-0.685621,-4.73248,1.00919,-1.7478
-0.696309,-4.74938,1.00885,-1.79077
-0.706996,-4.76628,1.0085,-1.83375
-0.717684,-4.78318,1.00816,-1.87672
-0.728371,-4.80009,1.00781,-1.9197
-0.739059,-4.81699,1.00747,-1.96267
-0.749746,-4.83389,1.00712,-2.00564
-0.760434,-4.85079,1.00678,-2.04862
-0.771121,-4.86769,1.00643,-2.09159
-0.781809,-4.88459,1.00609,-2.13457
-0.791637,-4.86741,1.00323,-2.17585
-0.801465,-4.85023,1.00037,-2.21713
-0.811294,-4.83305,0.997513,-2.25841
-0.821122,-4.81586,0.994654,-2.29969
-0.83095,-4.79868,0.991796,-2.34098
-0.840779,-4.7815,0.988938,-2.38226
-0.850607,-4.76432,0.98608,-2.42354
-0.860435,-4.74713,0.983222,-2.46482
-0.870263,-4.72995,0.980364,-2.50611
-0.880092,-4.71277,0.977505,-2.54739
-0.88992,-4.69559,0.974647,-2.58867
-0.899748,-4.6784,0.971789,-2.62995
-0.909577,-4.66122,0.968931,-2.67123
-0.919405,-4.64404,0.966073,-2.71252
-0.929233,-4.62686,0.963214,-2.7538
-0.939061,-4.60967,0.960356,-2.79508
-0.94889,-4.59249,0.957498,-2.83636
-0.958718,-4.57531,0.95464,-2.87765
-0.968546,-4.55813,0.951782,-2.91893
-0.978375,-4.54094,0.948924,-2.96021
-0.988203,-4.52376,0.946065,-3.00149
-0.998031,-4.50658,0.943207,-3.04277
-1.00786,-4.4894,0.940349,-3.08406
-1.01769,-4.47222,0.937491,-3.12534
-1.02752,-4.45503,0.934633,3.11656
-1.03734,-4.43785,0.931774,3.07528
-1.04717,-4.42067,0.928916,3.034
-1.057,-4.40349,0.926058,2.99272
-1.06683,-4.3863,0.9232,2.95144
-1.07666,-4.36912,0.920342,2.91015
-1.08649,-4.35194,0.917483,2.86887
-1.09631,-4.33476,0.914625,2.82759
-1.10614,-4.31757,0.911767,2.78631
-1.11597,-4.30039,0.908909,2.74502
-1.1258,-4.28321,0.906051,2.70374
-1.13563,-4.26603,0.903193,2.66246
-1.14546,-4.24884,0.900334,2.62118
-1.15528,-4.23166,0.897476,2.5799
-1.16511,-4.21448,0.894618,2.53861
-1.17494,-4.1973,0.89176,2.49733
-1.18477,-4.18011,0.888902,2.45605
-1.1946,-4.16293,0.886043,2.41477
-1.20443,-4.14575,0.883185,2.37348
-1.21425,-4.12857,0.880327,2.3322
-1.22408,-4.11138,0.877469,2.29092
-1.23391,-4.0942,0.874611,2.24964
-1.24374,-4.07702,0.871753,2.20836
-1.25357,-4.05984,0.868894,2.16707
-1.26339,-4.04265,0.866036,2.12579
-1.27322,-4.02547,0.863178,2.08451
-1.28966,-4.03501,0.869427,2.11778
-1.30609,-4.04455,0.875676,2.15106
-1.32252,-4.05408,0.881924,2.18433
-1.33895,-4.06362,0.888173,2.2176
-1.35538,-4.07316,0.894422,2.25088
-1.37181,-4.08269,0.900671,2.28415
-1.38825,-4.09223,0.90692,2.31742
-1.40468,-4.10176,0.913168,2.3507
-1.42111,-4.1113,0.919417,2.38397
-1.43754,-4.12084,0.925666,2.41724
-1.45397,-4.13037,0.931915,2.45052
-1.47041,-4.13991,0.938163,2.48379
-1.48684,-4.14945,0.944412,2.51707
-1.50327,-4.15898,0.950661,2.55034
-1.5197,-4.16852,0.95691,2.58361
-1.53613,-4.17806,0.963159,2.61689
-1.55257,-4.18759,0.969407,2.65016
-1.569,-4.19713,0.975656,2.68343
-1.58543,-4.20667,0.981905,2.71671
-1.60186,-4.2162,0.988154,2.74998
-1.61829,-4.22574,0.994403,2.78325
-1.63472,-4.23528,1.00065,2.81653
-1.65116,-4.24481,1.0069,2.8498
-1.66759,-4.25435,1.01315,2.88307
-1.68402,-4.26389,1.0194,2.91635
-1.70045,-4.27342,1.02565,2.94962
-1.71688,-4.28296,1.0319,2.98289
-1.73332,-4.2925,1.03814,3.01617
-1.74975,-4.30203,1.04439,3.04944
-1.76618,-4.31157,1.05064,3.08272
-1.78261,-4.32111,1.05689,3.11599
-1.79904,-4.33064,1.06314,-3.13392
-1.81548,-4.34018,1.06939,-3.10065
-1.83191,-4.34971,1.07564,-3.06738
-1.84834,-4.35925,1.08189,-3.0341
-1.86477,-4.36879,1.08813,-3.00083
-1.8812,-4.37832,1.09438,-2.96756
-1.89764,-4.38786,1.10063,-2.93428
-1.91407,-4.3974,1.10688,-2.90101
-1.9305,-4.40693,1.11313,-2.86773
-1.94693,-4.41647,1.11938,-2.83446
-1.96336,-4.42601,1.12563,-2.80119
-1.97979,-4.43554,1.13188,-2.76791
-1.99623,-4.44508,1.13812,-2.73464
-2.01266,-4.45462,1.14437,-2.70137
-2.02909,-4.46415,1.15062,-2.66809
-2.04552,-4.47369,1.15687,-2.63482
-2.06195,-4.48323,1.16312,-2.60155
-2.07839,-4.49276,1.16937,-2.56827
-2.09482,-4.5023,1.17562,-2.535
-2.08532,-4.51869,1.18203,-2.50582
-2.07582,-4.53508,1.18843,-2.47663
-2.06632,-4.55147,1.19484,-2.44745
-2.05682,-4.56787,1.20125,-2.41827
-2.04732,-4.58426,1.20766,-2.38908
-2.03782,-4.60065,1.21407,-2.3599
-2.02832,-4.61704,1.22048,-2.33072
-2.01882,-4.63343,1.22689,-2.30153
-2.00932,-4.64982,1.2333,-2.27235
-1.99982,-4.66621,1.2397,-2.24317
-1.99032,-4.68261,1.24611,-2.21398
-1.98082,-4.699,1.25252,-2.1848
-1.97132,-4.71539,1.25893,-2.15562
-1.96182,-4.73178,1.26534,-2.12643
-1.95232,-4.74817,1.27175,-2.09725
-1.94282,-4.76456,1.27816,-2.06807
-1.93332,-4.78095,1.28457,-2.03888
-1.92382,-4.79735,1.29097,-2.0097
-1.91432,-4.81374,1.29738,-1.98052
-1.90482,-4.83013,1.30379,-1.95134
-1.89532,-4.84652,1.3102,-1.92215
-1.88582,-4.86291,1.31661,-1.89297
-1.87632,-4.8793,1.32302,-1.86379
-1.86682,-4.89569,1.32943,-1.8346
-1.85732,-4.91209,1.33584,-1.80542
-1.84782,-4.92848,1.34224,-1.77624
-1.83832,-4.94487,1.34865,-1.74705
-1.82882,-4.96126,1.35506,-1.71787
-1.81932,-4.97765,1.36147,-1.68869
-1.80982,-4.99404,1.36788,-1.6595
-1.80032,-5.01044,1.37429,-1.63032
-1.79082,-5.02683,1.3807,-1.60114
-1.78132,-5.04322,1.38711,-1.57195
-1.77182,-5.05961,1.39351,-1.54277
-1.76232,-5.076,1.39992,-1.51359
-1.75282,-5.09239,1.40633,-1.4844
-1.74332,-5.10878,1.41274,-1.45522
-1.73382,-5.12518,1.41915,-1.42604
-1.72432,-5.14157,1.42556,-1.39685
-1.71482,-5.15796,1.43197,-1.36767
-1.70532,-5.17435,1.43838,-1.33849
-1.69582,-5.19074,1.44478,-1.30931
-1.68632,-5.20713,1.45119,-1.28012
-1.67682,-5.22352,1.4576,-1.25094
-1.66732,-5.23992,1.46401,-1.22176
-1.65782,-5.25631,1.47042,-1.19257
-1.64832,-5.2727,1.47683,-1.16339
-1.63882,-5.28909,1.48324,-1.13421
-1.62932,-5.30548,1.48965,-1.10502
-1.61982,-5.32187,1.49605,-1.07584
-1.60614,-5.3341,1.4881,-1.07067
-1.59245,-5.34632,1.48014,-1.06549
-1.57877,-5.35854,1.47218,-1.06032
-1.56508,-5.37076,1.46422,-1.05515
-1.5514,-5.38298,1.45627,-1.04997
-1.53771,-5.39521,1.44831,-1.0448
-1.52402,-5.40743,1.44035,-1.03963
-1.51034,-5.41965,1.43239,-1.03445
-1.49665,-5.43187,1.42444,-1.02928
-1.48297,-5.44409,1.41648,-1.02411
-1.46928,-5.45632,1.40852,-1.01893
-1.45559,-5.46854,1.40056,-1.01376
-1.44191,-5.48076,1.39261,-1.00858
-1.42822,-5.49298,1.38465,-1.00341
-1.41454,-5.5052,1.37669,-0.998238
-1.40085,-5.51743,1.36873,-0.993064
-1.38717,-5.52965,1.36078,-0.987891
-1.37348,-5.54187,1.35282,-0.982717
-1.35979,-5.55409,1.34486,-0.977544
-1.34611,-5.56631,1.3369,-0.97237
-1.33242,-5.57853,1.32895,-0.967197
-1.31874,-5.59076,1.32099,-0.962023
-1.30505,-5.60298,1.31303,-0.95685
-1.29137,-5.6152,1.30507,-0.951676
-1.27768,-5.62742,1.29712,-0.946503
-1.26399,-5.63964,1.28916,-0.94133
-1.25031,-5.65187,1.2812,-0.936156
-1.23662,-5.66409,1.27324,-0.930983
-1.22294,-5.67631,1.26529,-0.925809
-1.20925,-5.68853,1.25733,-0.920636
-1.19556,-5.70075,1.24937,-0.915462
-1.18188,-5.71298,1.24141,-0.910289
-1.16819,-5.7252,1.23346,-0.905115
-1.15451,-5.73742,1.2255,-0.899942
-1.14082,-5.74964,1.21754,-0.894768
-1.12714,-5.76186,1.20958,-0.889595
-1.11345,-5.77409,1.20163,-0.884421
-1.09976,-5.78631,1.19367,-0.879248
-1.08608,-5.79853,1.18571,-0.874074
-1.07239,-5.81075,1.17775,-0.868901
-1.05871,-5.82297,1.1698,-0.863727
-1.04502,-5.8352,1.16184,-0.858554
-1.03133,-5.84742,1.15388,-0.85338
-1.01765,-5.85964,1.14592,-0.848207
-1.00396,-5.87186,1.13797,-0.843033
-0.990277,-5.88408,1.13001,-0.83786
-0.976592,-5.89631,1.12205,-0.832686
-0.962906,-5.90853,1.11409,-0.827513
-0.94922,-5.92075,1.10614,-0.82234
-0.935534,-5.93297,1.09818,-0.817166
-0.923633,-5.93018,1.11401,-0.782154
-0.911732,-5.92739,1.12984,-0.747141
-0.89983,-5.92459,1.14567,-0.712129
-0.887929,-5.9218,1.1615,-0.677116
-0.876028,-5.91901,1.17732,-0.642104
-0.864127,-5.91622,1.19315,-0.607091
-0.852226,-5.91342,1.20898,-0.572079
-0.840324,-5.91063,1.22481,-0.537067
-0.828423,-5.90784,1.24064,-0.502054
-0.816522,-5.90505,1.25647,-0.467042
-0.804621,-5.90225,1.2723,-0.432029
-0.79272,-5.89946,1.28813,-0.397017
-0.780818,-5.89667,1.30396,-0.362004
-0.768917,-5.89387,1.31979,-0.326992
-0.757016,-5.89108,1.33562,-0.291979
-0.745115,-5.88829,1.35145,-0.256967
-0.733214,-5.8855,1.36727,-0.221955
-0.721312,-5.8827,1.3831,-0.186942
-0.709411,-5.87991,1.39893,-0.15193
-0.69751,-5.87712,1.41476,-0.116917
-0.685609,-5.87433,1.43059,-0.0819048
-0.673708,-5.87153,1.44642,-0.0468923
-0.661806,-5.86874,1.46225,-0.0118799
-0.649905,-5.86595,1.47808,0.0231326
-0.638004,-5.86315,1.49391,0.058145
-0.626103,-5.86036,1.50974,0.0931574
-0.614202,-5.85757,1.52557,0.12817
-0.6023,-5.85478,1.5414,0.163182
-0.590399,-5.85198,1.55722,0.198195
-0.578498,-5.84919,1.57305,0.233207
-0.566597,-5.8464,1.58888,0.26822
-0.554696,-5.84361,1.60471,0.303232
-0.542794,-5.84081,1.62054,0.338245
-0.530893,-5.83802,1.63637,0.373257
-0.518992,-5.83523,1.6522,0.408269
-0.507091,-5.83244,1.66803,0.443282
-0.49519,-5.82964,1.68386,0.478294
-0.483288,-5.82685,1.69969,0.513307
-0.471387,-5.82406,1.71552,0.548319
-0.459486,-5.82126,1.73135,0.583332
-0.447585,-5.81847,1.74717,0.618344
-0.435684,-5.81568,1.763,0.653356
-0.423782,-5.81289,1.77883,0.688369
-0.411881,-5.81009,1.79466,0.723381
-0.39998,-5.8073,1.81049,0.758394
-0.388079,-5.80451,1.82632,0.793406
-0.376178,-5.80172,1.84215,0.828419
-0.364276,-5.79892,1.85798,0.863431
-0.352375,-5.79613,1.87381,0.898444
-0.340474,-5.79334,1.88964,0.933456
-0.324887,-5.80462,1.88419,0.901244
-0.309299,-5.81591,1.87875,0.869033
-0.293711,-5.8272,1.8733,0.836821
-0.278124,-5.83848,1.86785,0.80461
-0.262536,-5.84977,1.86241,0.772398
-0.246949,-5.86105,1.85696,0.740186
-0.231361,-5.87234,1.85152,0.707975
-0.215774,-5.88362,1.84607,0.675763
-0.200186,-5.89491,1.84062,0.643552
-0.184599,-5.9062,1.83518,0.61134
-0.169011,-5.91748,1.82973,0.579128
-0.153423,-5.92877,1.82429,0.546917
-0.137836,-5.94005,1.81884,0.514705
-0.122248,-5.95134,1.8134,0.482493
-0.106661,-5.96263,1.80795,0.450282
-0.0910733,-5.97391,1.8025,0.41807
-0.0754857,-5.9852,1.79706,0.385859
-0.0598982,-5.99648,1.79161,0.353647
-0.0443106,-6.00777,1.78617,0.321435
-0.028723,-6.01906,1.78072,0.289224
-0.0131355,-6.03034,1.77527,0.257012
0.00245206,-6.04163,1.76983,0.224801
0.0180396,-6.05291,1.76438,0.192589
0.0336272,-6.0642,1.75894,0.160377
0.0492147,-6.07548,1.75349,0.128166
0.0648023,-6.08677,1.74805,0.0959542
0.0803898,-6.09806,1.7426,0.0637426
0.0959774,-6.10934,1.73715,0.031531
0.111565,-6.12063,1.73171,-0.000680647
0.127152,-6.13191,1.72626,-0.0328923
0.14274,-6.1432,1.72082,-0.0651039
0.158328,-6.15449,1.71537,-0.0973155
0.173915,-6.16577,1.70993,-0.129527
0.189503,-6.17706,1.70448,-0.161739
0.20509,-6.18834,1.69903,-0.19395
0.220678,-6.19963,1.69359,-0.226162
0.236265,-6.21092,1.68814,-0.258374
0.251853,-6.2222,1.6827,-0.290585
0.26744,-6.23349,1.67725,-0.322797
0.283028,-6.24477,1.6718,-0.355008
0.298616,-6.25606,1.66636,-0.38722
0.314203,-6.26734,1.66091,-0.419432
0.329791,-6.27863,1.65547,-0.451643
0.345378,-6.28992,1.65002,-0.483855
0.360966,-6.3012,1.64458,-0.516066
0.376553,-6.31249,1.63913,-0.548278
0.392141,-6.32377,1.63368,-0.58049
0.407728,-6.33506,1.62824,-0.612701
0.423316,-6.34635,1.62279,-0.644913
0.438904,-6.35763,1.61735,-0.677124
0.458876,-6.35865,1.61711,-0.664631
0.478849,-6.35967,1.61687,-0.652137
0.498821,-6.36069,1.61663,-0.639643
0.518794,-6.36171,1.61639,-0.62715
0.538766,-6.36274,1.61615,-0.614656
0.558739,-6.36376,1.61591,-0.602162
0.578711,-6.36478,1.61567,-0.589669
0.598684,-6.3658,1.61543,-0.577175
0.618656,-6.36682,1.61519,-0.564681
0.638629,-6.36784,1.61495,-0.552188
0.658601,-6.36886,1.61471,-0.539694
0.678574,-6.36988,1.61448,-0.5272
0.698546,-6.3709,1.61424,-0.514707
0.718519,-6.37192,1.614,-0.502213
0.738491,-6.37294,1.61376,-0.489719
0.758464,-6.37396,1.61352,-0.477226
0.778436,-6.37498,1.61328,-0.464732
0.798409,-6.376,1.61304,-0.452238
0.818381,-6.37702,1.6128,-0.439745
0.838354,-6.37805,1.61256,-0.427251
0.858326,-6.37907,1.61232,-0.414757
0.878299,-6.38009,1.61208,-0.402264
0.898271,-6.38111,1.61184,-0.38977
0.918244,-6.38213,1.6116,-0.377276
0.938216,-6.38315,1.61136,-0.364783
0.958189,-6.38417,1.61113,-0.352289
0.978161,-6.38519,1.61089,-0.339795
0.998134,-6.38621,1.61065,-0.327301
1.01811,-6.38723,1.61041,-0.314808
1.03808,-6.38825,1.61017,-0.302314
1.05805,-6.38927,1.60993,-0.28982
1.07802,-6.39029,1.60969,-0.277327
1.098,-6.39131,1.60945,-0.264833
1.11797,-6.39233,1.60921,-0.252339
1.13794,-6.39336,1.60897,-0.239846
1.15791,-6.39438,1.60873,-0.227352
1.17789,-6.3954,1.60849,-0.214858
1.19786,-6.39642,1.60825,-0.202365
1.21783,-6.39744,1.60801,-0.189871
1.2378,-6.39846,1.60778,-0.177377
1.25778,-6.39948,1.60754,-0.164884
1.27775,-6.4005,1.6073,-0.15239
1.29772,-6.40152,1.60706,-0.139896
1.31769,-6.40254,1.60682,-0.127403
1.33767,-6.40356,1.60658,-0.114909
1.35764,-6.40458,1.60634,-0.102415
1.37761,-6.4056,1.6061,-0.0899216
1.39758,-6.40662,1.60586,-0.0774279
1.41756,-6.40764,1.60562,-0.0649342
1.43753,-6.40867,1.60538,-0.0524406
1.45724,-6.40819,1.60201,-0.047966
1.47694,-6.40772,1.59863,-0.0434915
1.49665,-6.40725,1.59525,-0.039017
1.51636,-6.40678,1.59188,-0.0345425
1.53607,-6.40631,1.5885,-0.0300679
1.55577,-6.40584,1.58513,-0.0255934
1.57548,-6.40536,1.58175,-0.0211189
1.59519,-6.40489,1.57837,-0.0166443
1.61489,-6.40442,1.575,-0.0121698
1.6346,-6.40395,1.57162,-0.00769528
1.65431,-6.40348,1.56824,-0.00322076
1.67402,-6.40301,1.56487,0.00125377
1.69372,-6.40253,1.56149,0.0057283
1.71343,-6.40206,1.55812,0.0102028
1.73314,-6.40159,1.55474,0.0146774
1.75285,-6.40112,1.55136,0.0191519
1.77255,-6.40065,1.54799,0.0236264
1.79226,-6.40018,1.54461,0.0281009
1.81197,-6.39971,1.54123,0.0325755
1.83168,-6.39923,1.53786,0.03705
1.85138,-6.39876,1.53448,0.0415245
1.87109,-6.39829,1.53111,0.0459991
1.8908,-6.39782,1.52773,0.0504736
1.9105,-6.39735,1.52435,0.0549481
1.93021,-6.39688,1.52098,0.0594226
1.94992,-6.3964,1.5176,0.0638972
1.96963,-6.39593,1.51423,0.0683717
1.98933,-6.39546,1.51085,0.0728462
2.00904,-6.39499,1.50747,0.0773208
2.02875,-6.39452,1.5041,0.0817953
2.04846,-6.39405,1.50072,0.0862698
2.06816,-6.39358,1.49734,0.0907443
2.08787,-6.3931,1.49397,0.0952189
2.10758,-6.39263,1.49059,0.0996934
2.12729,-6.39216,1.48722,0.104168
2.14699,-6.39169,1.48384,0.108642
2.1667,-6.39122,1.48046,0.113117
2.18641,-6.39075,1.47709,0.117592
2.20611,-6.39027,1.47371,0.122066
2.22582,-6.3898,1.47033,0.126541
2.24553,-6.38933,1.46696,0.131015
2.26524,-6.38886,1.46358,0.13549
