2.4816e-07,0.000122117,0.141769,-9.69266e-05
3.32435e-07,0.000122112,0.141769,-0.0001359
1.58325e-07,-1.27515e-07,0.1417,-0.000177164
-7.70532e-08,-0.000122367,0.141769,-0.000218327
2.75916e-07,-1.39166e-07,0.1417,-0.000259559
3.28596e-07,-1.44753e-07,0.1417,-0.000298203
7.70724e-07,0.000122083,0.140652,-0.000339224
4.34806e-07,-1.56853e-07,0.1417,-0.000380042
3.82607e-08,-0.000122396,0.140652,-0.000420774
5.97968e-08,-0.000122402,0.141769,-0.000459081
6.01243e-07,-1.75586e-07,0.1417,-0.000499788
1.20082e-06,0.000122051,0.140652,-0.00054037
1.28172e-06,0.000122044,0.141769,-0.000578431
7.55653e-07,-1.95219e-07,0.1417,-0.000618739
1.69626e-07,-0.000122434,0.140652,-0.000658957
1.90212e-07,-0.000122441,0.141769,-0.000696779
9.17832e-07,-2.16168e-07,0.1417,-0.00073697
1.70282e-06,0.000122008,0.140652,-0.000777039
1.30798e-06,3.57198e-05,0.141721,-0.000811775
1.40643e-05,0.00100969,0.238489,-0.000785848
1.90884e-05,0.000751572,0.435811,-0.000704924
1.30932e-05,0.000479797,0.636051,-0.000597993
8.42641e-06,0.000215548,0.791415,-0.000489416
5.0871e-06,7.8845e-05,0.909155,-0.000378381
3.38702e-06,2.33748e-05,0.978872,-0.000283863
2.31007e-06,8.7574e-06,1.01705,-0.000204348
1.48735e-06,8.48752e-06,1.03446,-0.000140298
8.68084e-07,8.50111e-06,1.0397,-9.07173e-05
4.67199e-07,6.61972e-06,1.03878,-5.38077e-05
2.47514e-07,4.14194e-06,1.03542,-2.74561e-05
1.43734e-07,2.19838e-06,1.03181,-1.01308e-05
8.88698e-08,9.41291e-07,1.02848,1.85507e-06
5.89412e-08,3.90444e-07,1.02616,8.4655e-06
3.82515e-08,1.87271e-07,1.02465,1.16541e-05
2.34055e-08,1.20504e-07,1.02379,1.25547e-05
1.34488e-08,8.95132e-08,1.02336,1.203e-05
7.41139e-09,6.35492e-08,1.02321,1.0708e-05
4.06895e-09,4.01644e-08,1.02319,9.02861e-06
2.41651e-09,2.36552e-08,1.02324,7.41829e-06
1.38545e-09,1.14121e-08,1.0233,5.63855e-06
8.57689e-10,5.52764e-09,1.02336,4.19696e-06
5.32118e-10,2.79155e-09,1.0234,2.99473e-06
3.23479e-10,1.58769e-09,1.02343,2.03461e-06
1.91813e-10,1.00475e-09,1.02345,1.29722e-06
1.12644e-10,6.50507e-10,1.02346,7.52586e-07
6.74042e-11,4.02625e-10,1.02346,3.67226e-07
4.23793e-11,2.32397e-10,1.02424,-0.00181493
2.97639e-11,1.25596e-10,1.02815,-0.038646
2.58398e-11,6.39175e-11,1.0305,-0.106553
2.43892e-11,3.08424e-11,1.0312,-0.188009
2.18901e-11,1.45061e-11,1.03069,-0.271416
1.84313e-11,6.78299e-12,1.02949,-0.349642
1.5053e-11,2.81002e-12,1.02804,-0.418714
1.23998e-11,2.9956e-13,1.02663,-0.476829
1.05895e-11,-1.51503e-12,1.02563,-0.524024
9.36174e-12,-3.03218e-12,1.02843,-0.588892
8.19959e-12,-4.64685e-12,1.03008,-0.670637
6.77626e-12,-6.13157e-12,1.03057,-0.776259
5.85725e-12,-6.89853e-12,1.03,-0.872339
5.40108e-12,-7.3434e-12,1.02888,-0.960151
5.16753e-12,-7.6482e-12,1.02754,-1.03627
4.95492e-12,-7.8787e-12,1.02625,-1.09941
4.69509e-12,-8.06175e-12,1.02565,-1.1506
4.12911e-12,-8.34821e-12,1.02859,-1.22125
2.76242e-12,-8.78362e-12,1.03028,-1.31389
1.33161e-12,-8.91199e-12,1.03059,-1.41325
3.91775e-13,-8.94015e-12,1.02994,-1.50955
-1.12202e-13,-9.04928e-12,1.02876,-1.59682
-4.22845e-13,-9.18503e-12,1.02741,-1.67195
-7.01428e-13,-9.26326e-12,1.02612,-1.73391
-1.002e-12,-9.26676e-12,1.0257,-1.7843
-1.6472e-12,-9.16089e-12,1.02867,-1.85552
-3.00344e-12,-8.68825e-12,1.03031,-1.94807
-4.20023e-12,-7.95042e-12,1.03058,-2.047
-4.93178e-12,-7.45561e-12,1.02994,-2.13894
-5.39045e-12,-7.25557e-12,1.02882,-2.22262
-5.75388e-12,-7.17449e-12,1.02736,-2.30351
-6.02598e-12,-7.06912e-12,1.02608,-2.36477
-6.27054e-12,-6.89263e-12,1.02567,-2.41454
-6.72823e-12,-6.42755e-12,1.02861,-2.48524
-7.55571e-12,-5.23687e-12,1.03023,-2.57739
-8.08208e-12,-3.9306e-12,1.03053,-2.676
-8.38571e-12,-3.07767e-12,1.02987,-2.77136
-8.62409e-12,-2.68036e-12,1.0288,-2.85119
-8.86985e-12,-2.41128e-12,1.02735,-2.93192
-9.0289e-12,-2.1716e-12,1.02608,-2.9931
-9.12359e-12,-1.88756e-12,1.02567,-3.04282
-9.22032e-12,-1.24486e-12,1.02865,-3.11352
-9.19103e-12,1.99269e-13,1.0303,3.07745
-8.85472e-12,1.56676e-12,1.03058,2.97872
-8.61208e-12,2.4125e-12,1.02995,2.88691
-8.56764e-12,2.93463e-12,1.02872,2.79689
-8.60157e-12,3.26585e-12,1.02737,2.72264
-8.58538e-12,3.5522e-12,1.02609,2.66149
-8.49291e-12,3.83648e-12,1.02526,2.61277
-8.23673e-12,4.33244e-12,1.02838,2.54726
-7.43496e-12,5.42291e-12,1.03026,2.45784
-6.36078e-12,6.36696e-12,1.0307,2.36021
-5.58858e-12,6.96331e-12,1.03011,2.26468
-5.22105e-12,7.36166e-12,1.02894,2.17754
-5.04215e-12,7.66344e-12,1.02758,2.10212
-4.87581e-12,7.88762e-12,1.02631,2.04191
-4.63587e-12,8.07748e-12,1.02579,1.98868
-4.07249e-12,8.36652e-12,1.02852,1.91699
-2.69958e-12,8.80062e-12,1.03006,1.82402
-1.2746e-12,8.91922e-12,1.03035,1.7247
-3.57311e-13,8.94261e-12,1.02972,1.62868
1.29371e-13,9.05445e-12,1.02858,1.5418
4.33505e-13,9.18898e-12,1.02728,1.46712
7.11434e-13,9.26434e-12,1.02604,1.40562
9.87125e-13,9.26767e-12,1.02531,1.36007
1.53251e-12,9.18277e-12,1.02828,1.29354
2.93367e-12,8.71746e-12,1.03018,1.1954
4.14288e-12,7.98305e-12,1.03054,1.09694
4.91263e-12,7.45746e-12,1.02991,1.00136
5.39637e-12,7.24921e-12,1.02875,0.914674
5.73808e-12,7.17251e-12,1.02741,0.840015
6.01586e-12,7.06958e-12,1.02613,0.778438
6.26256e-12,6.89656e-12,1.0253,0.729302
6.64614e-12,6.51219e-12,1.0281,0.663514
7.44144e-12,5.42778e-12,1.02986,0.573724
8.02239e-12,4.1093e-12,1.03034,0.475869
8.34863e-12,3.17984e-12,1.02983,0.380178
8.61272e-12,2.70035e-12,1.02875,0.292911
8.84358e-12,2.43384e-12,1.02745,0.217382
9.01111e-12,2.19463e-12,1.02619,0.154827
9.11326e-12,1.91736e-12,1.02516,0.10503
9.16855e-12,1.60813e-12,1.02447,0.066866
9.19371e-12,1.29645e-12,1.0241,0.0387374
9.19877e-12,1.00867e-12,1.02393,0.0188776
9.19045e-12,7.59539e-13,1.02389,0.00556521
9.17426e-12,5.53571e-13,1.02388,-0.00277721
9.15438e-12,3.89115e-13,1.02389,-0.00748278
9.134e-12,2.61798e-13,1.02387,-0.00964352
9.11511e-12,1.65926e-13,1.02384,-0.0101159
9.09875e-12,9.61028e-14,1.02379,-0.00955522
9.08535e-12,4.72075e-14,1.02374,-0.00842928
9.075e-12,1.45785e-14,1.02368,-0.0070631
9.06721e-12,-5.7993e-15,1.02362,-0.00566723
9.06165e-12,-1.72396e-14,1.02357,-0.00437045
9.05793e-12,-2.24907e-14,1.02353,-0.00324007
9.05559e-12,-2.36614e-14,1.0235,-0.00230219
9.05429e-12,-2.23515e-14,1.02348,-0.00155614
9.05343e-12,-1.97939e-14,1.02347,-0.000985671
9.05298e-12,-1.65051e-14,1.02346,-0.000566315
9.05296e-12,-1.31977e-14,1.02346,-0.00027109
-7.74939e-05,-0.000104337,1.02412,-0.000508694
-0.0332474,-0.0399393,1.02991,-0.0239817
-0.165162,-0.167166,1.026,-0.00539364
-0.307817,-0.301619,1.02246,-0.00134801
-0.404326,-0.40121,1.02153,0.00159142
-0.454899,-0.457164,1.02087,0.00454452
-0.477397,-0.48209,1.0205,0.00569156
-0.486908,-0.490928,1.02069,0.00560479
-0.492121,-0.49417,1.02133,0.00496938
-0.495173,-0.495708,1.02202,0.00418002
-0.497181,-0.497027,1.0226,0.00336534
-0.498434,-0.498172,1.02302,0.0026041
-0.499088,-0.498923,1.02326,0.00201193
-0.499527,-0.49946,1.04437,0.00171847
-0.500785,-0.49728,1.1031,0.00672472
-0.508111,-0.485459,1.16679,0.0236283
-0.524124,-0.46277,1.21966,0.054758
-0.546878,-0.431725,1.25747,0.100374
-0.573303,-0.395945,1.2815,0.159998
-0.601399,-0.357156,1.29491,0.231515
-0.629892,-0.317179,1.30116,0.31299
-0.658403,-0.276617,1.30316,0.402221
-0.686754,-0.236255,1.30298,0.497196
-0.715067,-0.195787,1.30175,0.596732
-0.74346,-0.155442,1.3002,0.699565
-0.772219,-0.114647,1.29882,0.805091
-0.801252,-0.0737193,1.29781,0.912319
-0.830273,-0.0330777,1.297,1.02067
-0.85918,0.00754005,1.29633,1.12966
-0.887974,0.0481081,1.29586,1.2392
-0.916708,0.0886884,1.2955,1.34895
-0.944537,0.127986,1.29521,1.4548
-0.975003,0.170986,1.29487,1.56973
-1.00425,0.211891,1.29454,1.6793
-1.03219,0.250467,1.29418,1.78429
-1.05929,0.288552,1.29371,1.87926
-1.08657,0.32726,1.2931,1.96102
-1.11476,0.367044,1.29244,2.02849
-1.14403,0.408041,1.29181,2.08206
-1.17124,0.445912,1.29134,2.12015
-1.20308,0.490217,1.2909,2.1531
-1.23251,0.531228,1.29057,2.17427
-1.26151,0.571732,1.29026,2.18842
-1.29029,0.611964,1.29002,2.19724
-1.3193,0.65253,1.28974,2.20217
-1.3484,0.693252,1.28945,2.20439
-1.37763,0.734149,1.28918,2.20483
-1.40665,0.774765,1.28891,2.20417
-1.4345,0.813745,1.28862,2.20297
-1.46501,0.856444,1.28829,2.20141
-1.49409,0.897151,1.28803,2.19989
-1.52286,0.937418,1.28776,2.19848
-1.55198,0.978184,1.28747,2.19725
-1.58094,1.01871,1.28718,2.19623
-1.60972,1.05899,1.28687,2.19543
-1.63766,1.09808,1.28658,2.19481
-1.66576,1.13737,1.28632,2.19436
-1.69328,1.17581,1.28607,2.19405
-1.72336,1.21781,1.2858,2.19383
-1.75211,1.25794,1.28554,2.1937
-1.78119,1.29854,1.28528,2.19363
-1.81018,1.33899,1.28502,2.1936
-1.83929,1.37962,1.28482,2.19359
-1.86867,1.42063,1.28458,2.1936
-1.89825,1.46192,1.28431,2.19362
-1.9276,1.50288,1.28404,2.19364
-1.95661,1.54338,1.28376,2.19367
-1.98589,1.58424,1.2835,2.19369
-2.01511,1.62502,1.28322,2.19371
-2.04404,1.6654,1.28294,2.19372
-2.07299,1.70581,1.28268,2.19373
-2.10207,1.7464,1.28241,2.19374
-2.13151,1.78749,1.28215,2.19375
-2.1608,1.82838,1.28188,2.19375
-2.18963,1.86861,1.28165,2.19376
-2.21622,1.90573,1.28142,2.19375
-2.2476,1.94951,1.28114,2.19374
-2.27632,1.98959,1.28089,2.19372
-2.30541,2.03017,1.28064,2.1937
-2.33452,2.07077,1.28038,2.19366
-2.36377,2.11157,1.28015,2.19363
-2.39294,2.15227,1.27993,2.19359
-2.42202,2.19282,1.27967,2.19354
-2.4514,2.2338,1.2794,2.1935
-2.48026,2.27406,1.27911,2.19345
-2.50674,2.31099,1.27885,2.1934
-2.53812,2.35477,1.27856,2.19335
-2.56706,2.39514,1.27836,2.1933
-2.59612,2.43568,1.27814,2.19325
-2.62547,2.47662,1.27789,2.1932
-2.65461,2.51727,1.27763,2.19315
-2.68362,2.55773,1.27737,2.1931
-2.71287,2.59854,1.27713,2.19305
-2.74239,2.63971,1.27687,2.193
-2.76993,2.67813,1.27658,2.19295
-2.79001,2.70615,1.27624,2.19291
-2.80163,2.72244,1.27588,2.19288
-2.80742,2.73067,1.27555,2.19285
-2.8101,2.73459,1.27531,2.19283
-2.81138,2.73654,1.27517,2.19281
-2.81206,2.73764,1.2751,2.1928
-2.81247,2.7383,1.27507,2.19279
-2.81272,2.73869,1.27506,2.19278
-2.81287,2.73893,1.27506,2.19278
-2.81295,2.73906,1.27507,2.19278
-2.813,2.73913,1.27508,2.19278
-2.81302,2.73917,1.27508,2.19278
-2.81303,2.73919,1.27509,2.19278
-2.81304,2.7392,1.27509,2.19278
-2.81305,2.73922,1.27509,2.19278
-2.81305,2.73922,1.27509,2.19278
-2.81305,2.73922,1.27509,2.19278
-2.81305,2.73922,1.27509,2.19278
-2.81305,2.73922,1.27509,2.19278
-2.81305,2.73922,1.27509,2.19278
-2.81305,2.73922,1.27509,2.19278
-2.81305,2.73922,1.27509,2.19278
-2.81305,2.73922,1.27509,2.19278
-2.81305,2.73922,1.27509,2.19278
-2.81206,2.73986,1.27701,2.17539
-2.8118,2.73965,1.27706,2.17442
-2.81152,2.73943,1.27711,2.17341
-2.81122,2.73919,1.27716,2.17239
-2.81091,2.73893,1.2772,2.17133
-2.81057,2.73864,1.27725,2.17024
-2.81022,2.73834,1.2773,2.16913
-2.80985,2.73801,1.27734,2.16798
-2.80946,2.73766,1.27739,2.1668
-2.80906,2.73729,1.27743,2.16559
-2.80863,2.7369,1.27748,2.16435
-2.80819,2.73649,1.27752,2.16308
-2.80773,2.73605,1.27756,2.16179
-2.80725,2.73559,1.2776,2.16046
-2.80676,2.73512,1.27764,2.1591
-2.80625,2.73462,1.27768,2.15771
-2.80572,2.73409,1.27772,2.15628
-2.80518,2.73355,1.27776,2.15482
-2.80462,2.73299,1.2778,2.15333
-2.80405,2.7324,1.27784,2.15181
-2.80346,2.7318,1.27788,2.15025
-2.80286,2.73117,1.27792,2.14866
-2.80224,2.73053,1.27795,2.14704
-2.80161,2.72986,1.27799,2.14538
-2.80096,2.72918,1.27803,2.14369
-2.8003,2.72847,1.27807,2.14196
-2.79963,2.72774,1.2781,2.1402
-2.79895,2.727,1.27814,2.1384
-2.79825,2.72624,1.27817,2.13656
-2.79754,2.72545,1.27821,2.1347
-2.79681,2.72465,1.27825,2.1328
-2.79607,2.72383,1.27828,2.13087
-2.79532,2.72299,1.27832,2.12891
-2.79456,2.72214,1.27835,2.12693
-2.79378,2.72126,1.27839,2.12491
-2.793,2.72037,1.27842,2.12287
-2.7922,2.71946,1.27846,2.1208
-2.79139,2.71854,1.27849,2.1187
-2.79056,2.7176,1.27852,2.11656
-2.78973,2.71664,1.27856,2.1144
-2.78889,2.71566,1.27859,2.1122
-2.78803,2.71467,1.27862,2.10997
-2.78717,2.71367,1.27865,2.10771
-2.78629,2.71265,1.27868,2.10543
-2.78541,2.71161,1.27871,2.10311
-2.78451,2.71056,1.27873,2.10077
-2.78361,2.7095,1.27876,2.09839
-2.7827,2.70842,1.27879,2.09597
-2.78178,2.70733,1.27882,2.09353
-2.78085,2.70623,1.27884,2.09105
-2.77992,2.70511,1.27887,2.08854
-2.77898,2.70399,1.27889,2.08601
-2.77803,2.70285,1.27892,2.08344
-2.77708,2.7017,1.27895,2.08083
-2.77612,2.70054,1.27897,2.0782
-2.77515,2.69936,1.279,2.07553
-2.77417,2.69818,1.27902,2.07283
-2.77319,2.69699,1.27904,2.0701
-2.77221,2.69579,1.27906,2.06734
-2.77121,2.69457,1.27908,2.06455
-2.77021,2.69335,1.2791,2.06172
-2.76921,2.69212,1.27912,2.05887
-2.7682,2.69088,1.27914,2.05599
-2.76718,2.68963,1.27916,2.05308
-2.76616,2.68838,1.27917,2.05014
-2.76513,2.68711,1.27919,2.04717
-2.76409,2.68584,1.2792,2.04416
-2.76305,2.68456,1.27922,2.04113
-2.762,2.68327,1.27923,2.03807
-2.76094,2.68198,1.27925,2.03498
-2.75988,2.68068,1.27926,2.03186
-2.75881,2.67937,1.27927,2.02872
-2.75773,2.67805,1.27929,2.02555
-2.75665,2.67673,1.2793,2.02235
-2.75556,2.6754,1.27931,2.01913
-2.75447,2.67407,1.27932,2.01587
-2.75337,2.67272,1.27933,2.01259
-2.74778,2.66593,1.27937,1.99577
-2.71814,2.63038,1.27943,1.9021
-2.68648,2.59339,1.2794,1.79507
-2.65446,2.55647,1.27937,1.67769
-2.62465,2.52287,1.27936,1.56236
-2.589,2.48303,1.27931,1.41975
-2.5562,2.44551,1.2791,1.28254
-2.52364,2.40784,1.27891,1.14173
-2.49117,2.37026,1.27884,0.998055
-2.45847,2.33263,1.2788,0.852015
-2.42562,2.29469,1.27867,0.70447
-2.39294,2.25668,1.2785,0.555768
-2.3606,2.21898,1.27837,0.406512
-2.32853,2.18173,1.27829,0.256483
-2.29555,2.14409,1.27821,0.105641
-2.18475,2.01327,1.27482,-0.798206
-2.18475,2.01327,1.27482,-0.798206
-2.18475,2.01327,1.27482,-0.798207
-2.18475,2.01327,1.27482,-0.798207
-2.18475,2.01327,1.27482,-0.798207
-2.18475,2.01327,1.27482,-0.798207
-2.18475,2.01327,1.27482,-0.798207
-2.18475,2.01327,1.27482,-0.798207
-2.18475,2.01327,1.27482,-0.798208
-2.18475,2.01327,1.27482,-0.798208
-2.17693,2.00455,1.27589,-0.808224
-2.17646,2.00402,1.2759,-0.808533
-2.17597,2.00347,1.27592,-0.808845
-2.17547,2.0029,1.27593,-0.809159
-2.17496,2.00232,1.27594,-0.809476
-2.17443,2.00171,1.27595,-0.809794
-2.17388,2.00109,1.27597,-0.810114
-2.17332,2.00045,1.27598,-0.810436
-2.17274,1.9998,1.27599,-0.810759
-2.17215,1.99912,1.276,-0.811084
-2.17154,1.99843,1.27601,-0.811411
-2.17092,1.99772,1.27602,-0.811739
-2.17028,1.99699,1.27603,-0.812068
-2.16963,1.99624,1.27604,-0.812398
-2.16896,1.99548,1.27605,-0.81273
-2.16827,1.9947,1.27606,-0.813062
-2.16758,1.9939,1.27607,-0.813395
-2.16686,1.99308,1.27608,-0.81373
-2.16614,1.99225,1.27609,-0.814065
-2.1654,1.99139,1.2761,-0.814401
-2.16464,1.99053,1.27611,-0.814738
-2.16387,1.98964,1.27612,-0.815075
-2.16309,1.98874,1.27613,-0.815413
-2.16229,1.98782,1.27613,-0.815751
-2.16148,1.98689,1.27614,-0.81609
-2.16065,1.98594,1.27615,-0.816429
-2.15982,1.98498,1.27615,-0.816768
-2.15897,1.984,1.27616,-0.817108
-2.15811,1.983,1.27616,-0.817448
-2.15723,1.982,1.27617,-0.817787
-2.15635,1.98098,1.27617,-0.818127
-2.15545,1.97994,1.27618,-0.818467
-2.15455,1.97889,1.27618,-0.818807
-2.15363,1.97783,1.27619,-0.819146
-2.1527,1.97676,1.27619,-0.819486
-2.1479,1.9712,1.27621,-0.821176
-2.12097,1.93992,1.27625,-0.829327
-2.09073,1.90477,1.27621,-0.836631
-2.05931,1.86834,1.27613,-0.842829
-2.02771,1.83175,1.27606,-0.847859
-1.99605,1.79511,1.27601,-0.85178
-1.96425,1.75829,1.27596,-0.85472
-1.93155,1.7204,1.27591,-0.856835
-1.89861,1.68222,1.27589,-0.858287
-1.86591,1.64431,1.27592,-0.859225
-1.83357,1.6068,1.27595,-0.859782
-1.80111,1.56916,1.27594,-0.860067
-1.76849,1.53132,1.27591,-0.860167
-1.73544,1.49299,1.27588,-0.860149
-1.70272,1.45505,1.27584,-0.860063
-1.67022,1.41736,1.27586,-0.859945
-1.63748,1.37939,1.27588,-0.859816
-1.60473,1.3414,1.27585,-0.859692
-1.57453,1.30637,1.27591,-0.859582
-1.54806,1.27566,1.27592,-0.859488
-1.521,1.24424,1.27589,-0.859413
-1.49225,1.21086,1.27585,-0.859354
-1.46173,1.17545,1.27584,-0.859311
-1.42991,1.13855,1.27581,-0.859279
-1.39759,1.10108,1.27579,-0.859257
-1.36545,1.06384,1.27576,-0.859243
-1.33296,1.02617,1.27573,-0.859235
-1.30021,0.988209,1.2757,-0.85923
-1.26782,0.95065,1.27568,-0.859229
-1.23578,0.91349,1.27569,-0.859229
-1.20327,0.875786,1.27568,-0.85923
-1.17016,0.837388,1.27566,-0.859232
-1.13708,0.799025,1.27566,-0.859234
-1.10416,0.760843,1.2757,-0.859236
-1.07162,0.723109,1.27575,-0.859237
-1.03903,0.685309,1.27577,-0.859239
-1.0066,0.647694,1.27575,-0.85924
-0.878745,0.49856,1.27448,-0.859251
-0.878745,0.49856,1.27448,-0.859251
-0.878745,0.49856,1.27448,-0.859251
-0.878745,0.49856,1.27448,-0.859251
-0.878745,0.49856,1.27448,-0.859251
-0.878745,0.49856,1.27448,-0.859251
-0.878745,0.49856,1.27448,-0.859251
-0.878745,0.49856,1.27448,-0.859251
-0.878745,0.49856,1.27448,-0.859251
-0.878745,0.49856,1.27448,-0.859251
-0.876872,0.496389,1.2748,-0.859251
-0.87667,0.496155,1.27481,-0.859251
-0.876455,0.495906,1.27482,-0.859251
-0.876226,0.49564,1.27484,-0.859251
-0.875982,0.495358,1.27485,-0.859251
-0.875724,0.495059,1.27486,-0.859251
-0.875451,0.494743,1.27488,-0.859251
-0.875164,0.49441,1.27489,-0.859251
-0.87486,0.494059,1.2749,-0.859251
-0.874542,0.49369,1.27492,-0.859251
-0.874208,0.493303,1.27493,-0.859251
-0.873858,0.492898,1.27494,-0.859251
-0.873492,0.492474,1.27496,-0.859251
-0.87311,0.492031,1.27497,-0.859251
-0.872711,0.49157,1.27498,-0.859251
-0.872297,0.491091,1.27499,-0.859251
-0.869982,0.48841,1.27505,-0.859251
-0.852809,0.468546,1.27526,-0.85925
-0.828746,0.440752,1.27544,-0.85925
-0.799938,0.407495,1.27555,-0.859249
-0.768739,0.37147,1.27558,-0.859248
-0.737343,0.335191,1.27559,-0.859247
-0.70541,0.298245,1.27564,-0.859246
-0.67317,0.260907,1.27569,-0.859245
-0.640469,0.22301,1.27571,-0.859244
-0.607764,0.185096,1.27569,-0.859244
-0.575378,0.147547,1.27568,-0.859243
-0.542791,0.109759,1.27565,-0.859243
-0.510129,0.0718794,1.2756,-0.859243
-0.477723,0.0342972,1.27555,-0.859243
-0.445255,-0.0033576,1.27556,-0.859243
-0.412762,-0.0410438,1.27553,-0.859243
-0.379725,-0.0793589,1.27549,-0.859243
-0.346849,-0.117486,1.2755,-0.859242
-0.22574,-0.258794,1.27431,-0.859251
-0.22574,-0.258794,1.27431,-0.859251
-0.22574,-0.258794,1.27431,-0.859251
-0.22574,-0.258794,1.27431,-0.859251
-0.22574,-0.258794,1.27431,-0.859251
-0.22574,-0.258794,1.27431,-0.859251
-0.22574,-0.258794,1.27431,-0.859251
-0.22574,-0.258794,1.27431,-0.859251
-0.22574,-0.258794,1.27431,-0.859251
-0.22574,-0.258794,1.27431,-0.859251
-0.224087,-0.26233,1.27619,-0.860685
-0.223987,-0.262669,1.27633,-0.860814
-0.223886,-0.263029,1.27647,-0.860949
-0.223784,-0.263409,1.27662,-0.861092
-0.223683,-0.26381,1.27678,-0.861242
-0.223581,-0.264233,1.27694,-0.861401
-0.223479,-0.264676,1.27711,-0.861567
-0.223378,-0.265141,1.27728,-0.86174
-0.223277,-0.265627,1.27746,-0.861922
-0.223177,-0.266135,1.27764,-0.862111
-0.223078,-0.266664,1.27783,-0.862308
-0.22298,-0.267215,1.27803,-0.862514
-0.222883,-0.267788,1.27823,-0.862729
-0.222788,-0.268382,1.27844,-0.862954
-0.222694,-0.268998,1.27866,-0.863187
-0.222602,-0.269635,1.27889,-0.863428
-0.222513,-0.270295,1.27912,-0.863679
-0.222425,-0.270975,1.27935,-0.863938
-0.222341,-0.271678,1.2796,-0.864206
-0.22203,-0.274704,1.28062,-0.865359
-0.221668,-0.302204,1.28952,-0.876429
-0.224524,-0.33853,1.30125,-0.893088
-0.22981,-0.380458,1.31521,-0.915393
-0.236301,-0.425075,1.3306,-0.942716
-0.243132,-0.470613,1.34687,-0.974288
-0.250036,-0.516873,1.36356,-1.00928
-0.256883,-0.563144,1.38038,-1.04699
-0.263802,-0.609896,1.39716,-1.08668
-0.270505,-0.654568,1.41311,-1.12602
-0.277802,-0.702559,1.43025,-1.16958
-0.284815,-0.748771,1.44675,-1.21218
-0.291885,-0.795521,1.46332,-1.25523
-0.299028,-0.84241,1.47994,-1.29859
-0.306241,-0.889631,1.49649,-1.34203
-0.313437,-0.936534,1.51308,-1.38553
-0.320603,-0.98345,1.52963,-1.42895
-0.327153,-1.02625,1.54477,-1.46874
-0.352781,-1.18858,1.59713,-1.69956
-0.352781,-1.18858,1.59713,-1.69954
-0.352781,-1.18858,1.59713,-1.69952
-0.352781,-1.18858,1.59713,-1.69949
-0.352781,-1.18858,1.59713,-1.69947
-0.352781,-1.18858,1.59713,-1.69944
-0.352781,-1.18858,1.59713,-1.69942
-0.352782,-1.18858,1.59713,-1.6994
-0.352782,-1.18858,1.59713,-1.69937
-0.352782,-1.18858,1.59713,-1.69935
-0.352797,-1.18872,1.59751,-1.69918
-0.3528,-1.18875,1.59755,-1.69919
-0.352803,-1.18879,1.59759,-1.6992
-0.352806,-1.18884,1.59763,-1.69921
-0.352809,-1.1889,1.59768,-1.69923
-0.352812,-1.18897,1.59772,-1.69924
-0.352815,-1.18905,1.59776,-1.69926
-0.352817,-1.18914,1.59781,-1.69927
-0.352818,-1.18924,1.59785,-1.69928
-0.352145,-1.19672,1.59841,-1.69922
-0.348336,-1.21737,1.59713,-1.69728
-0.340486,-1.24946,1.59363,-1.69257
-0.329286,-1.28906,1.58825,-1.68479
-0.315944,-1.33299,1.58147,-1.67395
-0.301678,-1.37896,1.57376,-1.66037
-0.287191,-1.42547,1.56565,-1.64457
-0.272928,-1.47139,1.55739,-1.62702
-0.258716,-1.51734,1.54892,-1.60792
-0.244191,-1.56474,1.5404,-1.58764
-0.229604,-1.612,1.53202,-1.56664
-0.215062,-1.65875,1.52371,-1.5451
-0.200502,-1.70572,1.51534,-1.52314
-0.186485,-1.75103,1.50738,-1.50192
-0.171392,-1.79964,1.4988,-1.4788
-0.156869,-1.84652,1.49056,-1.45652
-0.1422,-1.89382,1.48229,-1.43422
-0.127583,-1.94092,1.47401,-1.41198
-0.0694189,-2.1303,1.441,-1.28324
-0.0694189,-2.1303,1.441,-1.28324
-0.0694189,-2.1303,1.441,-1.28324
-0.0694189,-2.1303,1.441,-1.28324
-0.0694189,-2.1303,1.441,-1.28324
-0.0694189,-2.1303,1.441,-1.28324
-0.0694189,-2.1303,1.441,-1.28324
-0.0694189,-2.1303,1.441,-1.28324
-0.0694189,-2.1303,1.441,-1.28324
-0.0694189,-2.1303,1.441,-1.28324
-0.0684766,-2.13691,1.44108,-1.28307
-0.0684386,-2.13744,1.4411,-1.2831
-0.0684009,-2.13799,1.44112,-1.28313
-0.0683636,-2.13856,1.44114,-1.28317
-0.0683268,-2.13916,1.44117,-1.28322
-0.0682904,-2.13979,1.44119,-1.28326
-0.0682543,-2.14044,1.44122,-1.28331
-0.0682187,-2.14112,1.44124,-1.28336
-0.0681836,-2.14182,1.44127,-1.28341
-0.0681488,-2.14255,1.4413,-1.28347
-0.0681145,-2.1433,1.44133,-1.28353
-0.0680807,-2.14407,1.44137,-1.2836
-0.0680474,-2.14487,1.4414,-1.28367
-0.0680147,-2.14569,1.44143,-1.28374
-0.0679825,-2.14654,1.44147,-1.28382
-0.067951,-2.14741,1.4415,-1.28389
-0.0679202,-2.1483,1.44154,-1.28398
-0.0678902,-2.14921,1.44158,-1.28406
-0.0678611,-2.15015,1.44162,-1.28415
-0.067833,-2.15111,1.44166,-1.28424
-0.067806,-2.15209,1.44171,-1.28434
-0.0677801,-2.15309,1.44175,-1.28444
-0.0677556,-2.15411,1.4418,-1.28454
-0.0677325,-2.15515,1.44184,-1.28465
-0.0676909,-2.1573,1.44194,-1.28488
-0.0679118,-2.19021,1.44361,-1.28902
-0.0695111,-2.23173,1.44604,-1.29572
-0.0720792,-2.27797,1.44904,-1.30493
-0.0751177,-2.32678,1.45243,-1.31638
-0.0782613,-2.37601,1.45601,-1.32964
-0.0814284,-2.4251,1.45969,-1.3444
-0.084532,-2.47431,1.46341,-1.3603
-0.0876957,-2.5235,1.46712,-1.37702
-0.0908848,-2.57269,1.47088,-1.39436
-0.0940866,-2.62225,1.47461,-1.41218
-0.0973427,-2.67235,1.4783,-1.43029
-0.100631,-2.72246,1.48199,-1.44859
-0.103793,-2.77056,1.48557,-1.46625
-0.106931,-2.81821,1.48909,-1.48384
-0.110439,-2.8713,1.49304,-1.50365
-0.113664,-2.92065,1.49665,-1.52187
-0.127715,-3.1243,1.50973,-1.63105
-0.127716,-3.1243,1.50973,-1.63105
-0.127716,-3.12431,1.50972,-1.63105
-0.127716,-3.12431,1.50972,-1.63104
-0.127717,-3.12431,1.50972,-1.63104
-0.127717,-3.12431,1.50972,-1.63104
-0.127717,-3.12431,1.50972,-1.63103
-0.127717,-3.12431,1.50972,-1.63103
-0.127718,-3.12432,1.50972,-1.63102
-0.127718,-3.12432,1.50972,-1.63102
-0.127723,-3.12437,1.50981,-1.63099
-0.127724,-3.12438,1.50983,-1.631
-0.127725,-3.1244,1.50986,-1.63101
-0.127727,-3.12442,1.50989,-1.63103
-0.127729,-3.12445,1.50993,-1.63104
-0.128225,-3.12764,1.51217,-1.63204
-0.1311,-3.14054,1.51898,-1.63533
-0.138287,-3.16659,1.53239,-1.64233
-0.148632,-3.20002,1.54998,-1.65246
-0.160936,-3.23731,1.57098,-1.66573
-0.174266,-3.27674,1.59416,-1.68178
-0.187939,-3.31697,1.61841,-1.7001
-0.201639,-3.35721,1.64333,-1.72027
-0.251852,-3.50301,1.73063,-1.83451
-0.251874,-3.50307,1.73065,-1.83481
-0.251895,-3.50313,1.73068,-1.8351
-0.251916,-3.5032,1.7307,-1.8354
-0.251937,-3.50326,1.73072,-1.83568
-0.251957,-3.50331,1.73074,-1.83596
-0.251977,-3.50337,1.73076,-1.83624
-0.252235,-3.50409,1.73098,-1.84005
-0.253118,-3.50711,1.7314,-1.84594
-0.255189,-3.5197,1.72877,-1.8486
-0.25864,-3.54636,1.72236,-1.84891
-0.262608,-3.58275,1.71258,-1.84704
-0.266709,-3.62523,1.70018,-1.84319
-0.270885,-3.67062,1.68609,-1.83767
-0.275123,-3.71713,1.67107,-1.83079
-0.279429,-3.76384,1.65573,-1.82291
-0.283725,-3.81008,1.64016,-1.81425
-0.288135,-3.85707,1.62442,-1.805
-0.292247,-3.90083,1.60997,-1.79613
-0.296997,-3.95183,1.59326,-1.78551
-0.301339,-3.99875,1.57769,-1.77549
-0.305787,-4.04638,1.56213,-1.76538
-0.31022,-4.09407,1.54669,-1.75525
-0.314587,-4.14117,1.5313,-1.74515
-0.318946,-4.18806,1.51599,-1.7351
-0.323297,-4.23477,1.50075,-1.72511
-0.327635,-4.28136,1.48547,-1.71515
-0.34349,-4.44591,1.4334,-1.66248
-0.343491,-4.44592,1.43341,-1.66246
-0.343493,-4.44593,1.43342,-1.66243
-0.343494,-4.44594,1.43343,-1.66241
-0.343496,-4.44595,1.43344,-1.66239
-0.343497,-4.44596,1.43345,-1.66237
-0.343498,-4.44597,1.43346,-1.66236
-0.343499,-4.44598,1.43347,-1.66234
-0.343501,-4.44599,1.43348,-1.66232
-0.343502,-4.446,1.43349,-1.6623
-0.343514,-4.44609,1.43357,-1.66212
-0.343605,-4.44649,1.43339,-1.66232
-0.347548,-4.44887,1.43209,-1.66825
-0.363133,-4.44814,1.4292,-1.68476
-0.390442,-4.44025,1.42497,-1.7141
-0.426419,-4.42593,1.41986,-1.75639
-0.465164,-4.40873,1.41442,-1.80799
-0.509784,-4.38864,1.40803,-1.87477
-0.554091,-4.36879,1.40168,-1.94779
-0.599103,-4.34867,1.39532,-2.02759
-0.644079,-4.32845,1.38908,-2.11249
-0.688772,-4.30826,1.38276,-2.20115
-0.733621,-4.28799,1.37643,-2.29267
-0.778419,-4.26761,1.37019,-2.38585
-0.822677,-4.24728,1.36403,-2.48038
-0.867427,-4.22693,1.35784,-2.57595
-0.912618,-4.20633,1.3516,-2.67222
-0.957777,-4.1856,1.34536,-2.76893
-1.00299,-4.16482,1.33922,-2.86576
-1.04794,-4.14415,1.3331,-2.96253
-1.22929,-4.05996,1.30647,2.7335
-1.22929,-4.05996,1.30647,2.73351
-1.22929,-4.05996,1.30647,2.73352
-1.22929,-4.05996,1.30647,2.73353
-1.22929,-4.05996,1.30647,2.73354
-1.22929,-4.05996,1.30647,2.73355
-1.22929,-4.05996,1.30647,2.73356
-1.22929,-4.05996,1.30647,2.73356
-1.22929,-4.05996,1.30647,2.73357
-1.22929,-4.05996,1.30647,2.73358
-1.23002,-4.05948,1.30684,2.72969
-1.23008,-4.05942,1.30686,2.72931
-1.23013,-4.05935,1.30687,2.72891
-1.23018,-4.05928,1.30689,2.72847
-1.23023,-4.0592,1.30691,2.72802
-1.23027,-4.05912,1.30693,2.72754
-1.2303,-4.05904,1.30695,2.72704
-1.23032,-4.05894,1.30697,2.72651
-1.23034,-4.05885,1.30699,2.72597
-1.23035,-4.05875,1.307,2.7254
-1.23034,-4.05864,1.30702,2.7248
-1.23032,-4.05853,1.30703,2.72419
-1.23029,-4.05841,1.30705,2.72356
-1.23024,-4.05829,1.30706,2.72289
-1.23018,-4.05817,1.30708,2.72221
-1.2301,-4.05804,1.3071,2.7215
-1.23,-4.05791,1.30711,2.72076
-1.22754,-4.05633,1.30727,2.71105
-1.21092,-4.05303,1.30748,2.67659
-1.18309,-4.05138,1.30749,2.62902
-1.13944,-4.05089,1.30728,2.55503
-1.09402,-4.05108,1.30693,2.47162
-1.04698,-4.05071,1.30656,2.37663
-0.999007,-4.04953,1.30611,2.27181
-0.949567,-4.04805,1.30565,2.15928
-0.899962,-4.04716,1.3052,2.04142
-0.850697,-4.04634,1.30472,1.9189
-0.800736,-4.04529,1.30428,1.79293
-0.750879,-4.04464,1.30388,1.6646
-0.700476,-4.04387,1.30352,1.53394
-0.649711,-4.04318,1.30311,1.402
-0.599764,-4.04282,1.30268,1.26955
-0.550255,-4.04227,1.30226,1.13656
-0.500579,-4.04141,1.30185,1.00292
-0.450094,-4.04053,1.30144,0.868805
-0.26748,-4.03976,1.29748,0.054747
-0.267479,-4.03976,1.29748,0.0547567
-0.267478,-4.03976,1.29748,0.0547685
-0.267477,-4.03976,1.29747,0.0547822
-0.267476,-4.03976,1.29747,0.054798
-0.267475,-4.03976,1.29747,0.0548156
-0.267474,-4.03976,1.29746,0.054835
-0.267473,-4.03976,1.29746,0.0548563
-0.267472,-4.03976,1.29746,0.0548794
-0.267471,-4.03976,1.29746,0.0549041
-0.267446,-4.03976,1.29755,0.0550155
-0.267438,-4.03976,1.29757,0.0549811
-0.267428,-4.03976,1.29759,0.0549362
-0.267415,-4.03976,1.29761,0.0548801
-0.267399,-4.03976,1.29763,0.0548122
-0.266653,-4.03992,1.29798,0.0525393
-0.264122,-4.0445,1.2986,0.0398239
-0.26753,-4.06036,1.29886,0.0137082
-0.280335,-4.08688,1.29874,-0.0265693
-0.299344,-4.11889,1.29837,-0.0780985
-0.324008,-4.15839,1.29773,-0.146791
-0.34939,-4.19866,1.29693,-0.223434
-0.375233,-4.24019,1.29604,-0.308218
-0.401097,-4.28192,1.29514,-0.399435
-0.427154,-4.32423,1.29421,-0.495983
-0.453642,-4.36686,1.29329,-0.596327
-0.480394,-4.40939,1.29235,-0.699425
-0.506035,-4.45002,1.29156,-0.800151
-0.533576,-4.49361,1.29073,-0.91031
-0.560041,-4.53565,1.28991,-1.01703
-0.586449,-4.57757,1.28896,-1.12424
-0.612995,-4.61965,1.28807,-1.23163
-0.639609,-4.66171,1.28725,-1.33918
-0.666288,-4.7039,1.28638,-1.4469
-0.770372,-4.86693,1.28033,-2.07693
-0.770388,-4.86695,1.28033,-2.07753
-0.770403,-4.86696,1.28033,-2.07813
-0.770418,-4.86698,1.28033,-2.07871
-0.770433,-4.867,1.28033,-2.07929
-0.770448,-4.86701,1.28033,-2.07985
-0.770463,-4.86703,1.28033,-2.08041
-0.770477,-4.86704,1.28033,-2.08095
-0.770491,-4.86706,1.28033,-2.08149
-0.770686,-4.86726,1.28046,-2.08874
-0.771043,-4.8677,1.28067,-2.09488
-0.775244,-4.86879,1.28044,-2.11106
-0.786836,-4.86083,1.27845,-2.13717
-0.803731,-4.83929,1.27472,-2.17471
-0.823986,-4.80736,1.26952,-2.22479
-0.846228,-4.76923,1.26332,-2.28612
-0.869514,-4.7287,1.25652,-2.3572
-0.893837,-4.6871,1.24948,-2.43669
-0.918567,-4.64494,1.24227,-2.52271
-0.943506,-4.60231,1.23489,-2.61398
-0.968262,-4.55962,1.22753,-2.70893
-0.992625,-4.51726,1.2203,-2.80651
-1.01712,-4.47484,1.21317,-2.90621
-1.04183,-4.43204,1.20591,-3.00764
-1.06469,-4.39224,1.19921,-3.10191
-1.09118,-4.34568,1.19146,3.07028
-1.11543,-4.30303,1.1844,2.9671
-1.14001,-4.26031,1.17729,2.86345
-1.16489,-4.21707,1.17015,2.75977
-1.26295,-4.04394,1.1395,2.14685
-1.26297,-4.04391,1.1395,2.14615
-1.26298,-4.04388,1.13951,2.14546
-1.26299,-4.04386,1.13951,2.14479
-1.263,-4.04383,1.13951,2.14413
-1.26301,-4.04381,1.13951,2.14347
-1.26302,-4.04378,1.13952,2.14283
-1.26303,-4.04376,1.13952,2.1422
-1.26304,-4.04374,1.13953,2.14157
-1.26313,-4.04348,1.13963,2.13475
-1.26406,-4.04218,1.14037,2.12368
-1.27247,-4.04071,1.14399,2.12091
-1.29152,-4.04505,1.15069,2.12977
-1.32196,-4.05803,1.16099,2.1528
-1.35651,-4.07635,1.17313,2.18741
-1.39384,-4.09756,1.18707,2.23352
-1.43351,-4.12023,1.20211,2.28943
-1.47418,-4.14355,1.21778,2.35327
-1.51519,-4.16707,1.23368,2.42315
-1.55595,-4.19048,1.24958,2.49748
-1.59519,-4.21297,1.2648,2.57215
-1.63782,-4.23744,1.28113,2.65545
-1.67892,-4.26121,1.29682,2.73731
-1.72007,-4.28504,1.31247,2.82029
-1.76137,-4.30899,1.32819,2.90405
-1.80246,-4.33286,1.34377,2.98781
-1.84306,-4.35652,1.35938,3.07185
-1.88407,-4.38018,1.37486,-3.12752
-1.92471,-4.40377,1.3904,-3.04378
-2.07838,-4.49276,1.44297,-2.56285
-2.07838,-4.49276,1.44297,-2.5629
-2.07838,-4.49276,1.44296,-2.56295
-2.07838,-4.49276,1.44296,-2.56299
-2.07838,-4.49276,1.44296,-2.56304
-2.07838,-4.49276,1.44296,-2.56309
-2.07838,-4.49276,1.44296,-2.56314
-2.07838,-4.49276,1.44295,-2.56319
-2.07838,-4.49276,1.44295,-2.56323
-2.07838,-4.49276,1.44295,-2.56328
-2.07845,-4.4928,1.44337,-2.56359
-2.07847,-4.49281,1.44343,-2.56354
-2.07849,-4.49283,1.4435,-2.56348
-2.07852,-4.49284,1.44357,-2.56341
-2.07855,-4.49287,1.44365,-2.56333
-2.07858,-4.4929,1.44373,-2.56325
-2.07862,-4.49293,1.44382,-2.56316
-2.07866,-4.49297,1.44391,-2.56306
-2.079,-4.49338,1.44456,-2.56224
-2.08066,-4.50024,1.44932,-2.55409
-2.07742,-4.51774,1.45772,-2.53643
-2.06584,-4.54572,1.46925,-2.50838
-2.0476,-4.58039,1.48296,-2.47062
-2.02589,-4.61824,1.4979,-2.42457
-2.00506,-4.65401,1.51236,-2.37584
-1.98016,-4.69753,1.52988,-2.31219
-1.95687,-4.73838,1.54627,-2.24845
-1.93345,-4.77927,1.5625,-2.18156
-1.90989,-4.82018,1.57886,-2.11194
-1.8862,-4.8615,1.59515,-2.04054
-1.86254,-4.90238,1.61109,-1.96837
-1.83911,-4.94273,1.62716,-1.89537
-1.81562,-4.98359,1.6432,-1.82203
-1.79186,-5.02465,1.65927,-1.7484
-1.76812,-5.06559,1.6752,-1.67478
-1.74437,-5.10644,1.69118,-1.60118
-1.7207,-5.14729,1.7071,-1.5277
-1.63714,-5.28914,1.75969,-1.2365
-1.63689,-5.28957,1.75986,-1.23467
-1.63666,-5.28999,1.76003,-1.23286
-1.63643,-5.2904,1.76019,-1.23106
-1.63502,-5.29296,1.7612,-1.21894
-1.63173,-5.29965,1.76421,-1.17804
-1.62617,-5.3082,1.76378,-1.14663
-1.61207,-5.32447,1.75832,-1.12032
-1.58966,-5.3469,1.74793,-1.09819
-1.56117,-5.37336,1.73329,-1.07922
-1.52875,-5.40254,1.71584,-1.06262
-1.4954,-5.43223,1.697,-1.04781
-1.46215,-5.46178,1.67725,-1.03418
-1.4284,-5.49193,1.65696,-1.02126
-1.39407,-5.52268,1.63647,-1.00875
-1.35949,-5.55363,1.6159,-0.996423
-1.32483,-5.58461,1.59552,-0.98417
-1.29044,-5.6153,1.57538,-0.971917
-1.25647,-5.64563,1.55555,-0.959651
-1.22279,-5.67569,1.53586,-0.947328
-1.18891,-5.70596,1.5161,-0.934898
-1.15495,-5.73632,1.49637,-0.922401
-1.12088,-5.76674,1.47638,-0.909762
-1.0862,-5.79772,1.45631,-0.897006
-0.949274,-5.92069,1.37952,-0.820955
-0.949273,-5.92069,1.37952,-0.820956
-0.949271,-5.92069,1.37953,-0.820957
-0.94927,-5.9207,1.37953,-0.820959
-0.949269,-5.9207,1.37954,-0.82096
-0.949268,-5.9207,1.37954,-0.820962
-0.949267,-5.9207,1.37954,-0.820964
-0.949265,-5.9207,1.37955,-0.820967
-0.949264,-5.9207,1.37955,-0.820969
-0.949263,-5.9207,1.37955,-0.820972
-0.949235,-5.92073,1.37949,-0.820982
