-1.61982,-5.32187,1.49605,-1.07584,17.9947,-2.09482,-4.5023,1.17562,-2.535,0
-0.935534,-5.93297,1.09818,-0.817166,18.4397,-1.61982,-5.32187,1.49605,-1.07584,17.9947
-0.340474,-5.79334,1.88964,0.933456,18.931,-0.935534,-5.93297,1.09818,-0.817166,18.4397
0.438904,-6.35763,1.61735,-0.677124,19.2901,-0.340474,-5.79334,1.88964,0.933456,18.931
-1.30199,-3.919,0.999043,0.655353,18.5227,-2.09482,-4.5023,1.17562,-2.535,0
-0.790103,-3.06077,1.03673,1.03342,189.205,-1.30199,-3.919,0.999043,0.655353,18.5227
-2.31237,-5.9271,1.10353,-2.33581,171.734,-1.61982,-5.32187,1.49605,-1.07584,17.9947
-2.73103,-6.00146,2.00863,-2.00276,166.717,-2.31237,-5.9271,1.10353,-2.33581,171.734
1.43753,-6.40867,1.60538,-0.0524406,198.912,0.438904,-6.35763,1.61735,-0.677124,19.2901
-0.509,-2.10122,1.05215,1.28585,188.353,-0.790103,-3.06077,1.03673,1.03342,189.205
-0.365453,-1.11205,1.02157,1.42675,183.907,-0.509,-2.10122,1.05215,1.28585,188.353
-3.68605,-6.29202,1.9494,-2.84052,156.939,-2.73103,-6.00146,2.00863,-2.00276,166.717
-0.764993,-0.1957,0.995578,1.98181,174.731,-0.365453,-1.11205,1.02157,1.42675,183.907
-0.742983,0.800921,1.07472,1.54878,167.374,-0.764993,-0.1957,0.995578,1.98181,174.731
-1.23302,1.67236,1.05341,2.08293,157.475,-0.742983,0.800921,1.07472,1.54878,167.374
-3.06694,-5.99501,0.450829,-2.42579,164.153,-2.31237,-5.9271,1.10353,-2.33581,171.734
-2.18052,1.9745,0.948739,2.81613,149.175,-1.23302,1.67236,1.05341,2.08293,157.475
-1.05111,2.63925,1.23239,1.38786,150.444,-1.23302,1.67236,1.05341,2.08293,157.475
-0.12004,3.00397,1.22294,0.373469,151.547,-1.05111,2.63925,1.23239,1.38786,150.444
0.775608,3.44362,1.15564,0.460912,150.55,-0.12004,3.00397,1.22294,0.373469,151.547
1.61004,3.99116,1.21823,0.583693,147.113,0.775608,3.44362,1.15564,0.460912,150.55
-1.64417,3.00308,1.95065,2.20565,143.688,-1.05111,2.63925,1.23239,1.38786,150.444
-1.72996,-0.166747,1.25633,2.87613,167.318,-0.764993,-0.1957,0.995578,1.98181,174.731
2.30655,4.67791,1.42619,0.800273,141.094,1.61004,3.99116,1.21823,0.583693,147.113
0.517954,-6.30882,1.23005,1.37099,194.278,0.438904,-6.35763,1.61735,-0.677124,19.2901
-4.47773,-5.70592,2.12181,2.48435,150.74,-3.68605,-6.29202,1.9494,-2.84052,156.939
2.88333,5.32507,1.92469,0.956016,134.539,2.30655,4.67791,1.42619,0.800273,141.094
-4.62108,-4.79996,1.72345,1.71464,151.284,-4.47773,-5.70592,2.12181,2.48435,150.74
-2.05022,3.91691,1.9559,1.98892,133.864,-1.64417,3.00308,1.95065,2.20565,143.688
-1.75232,-4.3778,1.40455,0.650411,18.041,-2.09482,-4.5023,1.17562,-2.535,0
-2.59838,0.282878,1.46534,2.6228,157.613,-1.72996,-0.166747,1.25633,2.87613,167.318
1.96581,5.60229,2.20983,2.7326,130.921,2.88333,5.32507,1.92469,0.956016,134.539
3.05855,6.10797,1.32772,1.39466,127.12,2.88333,5.32507,1.92469,0.956016,134.539
3.77378,4.86999,1.92337,-0.47247,138.74,2.88333,5.32507,1.92469,0.956016,134.539
-0.205997,-3.65429,1.59041,-0.947018,195.472,-0.790103,-3.06077,1.03673,1.03342,189.205
-5.34626,-4.11315,1.67451,2.3821,144.512,-4.62108,-4.79996,1.72345,1.71464,151.284
4.23486,4.01525,1.68499,-1.09158,146.867,3.77378,4.86999,1.92337,-0.47247,138.74
-4.15197,-4.28211,1.00807,1.08251,156.679,-4.62108,-4.79996,1.72345,1.71464,151.284
3.31685,3.62803,1.77058,-2.73382,151.52,4.23486,4.01525,1.68499,-1.09158,146.867
-2.95189,4.34916,1.96841,2.69441,125.263,-2.05022,3.91691,1.9559,1.98892,133.864
-3.94806,4.38187,1.88741,3.05412,119.021,-2.95189,4.34916,1.96841,2.69441,125.263
4.82483,3.21402,1.5852,-0.939778,153.612,4.23486,4.01525,1.68499,-1.09158,146.867
-0.357547,-6.47046,2.39964,-1.59093,184.282,-0.340474,-5.79334,1.88964,0.933456,18.931
-5.83888,-4.92947,1.37294,-2.0859,139.3,-5.34626,-4.11315,1.67451,2.3821,144.512
-2.92319,2.44303,0.470283,2.40785,140.574,-2.18052,1.9745,0.948739,2.81613,149.175
4.77503,2.22684,1.7369,-1.62061,163.087,4.82483,3.21402,1.5852,-0.939778,153.612
1.15176,4.74085,1.22122,2.11948,138.886,1.61004,3.99116,1.21823,0.583693,147.113
2.4229,-6.38509,1.43657,0.171286,203.33,1.43753,-6.40867,1.60538,-0.0524406,198.912
1.83301,6.58486,2.33993,1.70399,120.925,1.96581,5.60229,2.20983,2.7326,130.921
-4.68683,5.03865,2.03864,2.40203,109.148,-3.94806,4.38187,1.88741,3.05412,119.021
-3.70768,3.95535,1.36836,-1.22718,124.131,-3.94806,4.38187,1.88741,3.05412,119.021
3.94873,6.5354,1.16999,0.473055,122.46,3.05855,6.10797,1.32772,1.39466,127.12
2.23101,5.49177,1.41251,1.66333,132.936,2.30655,4.67791,1.42619,0.800273,141.094
-0.604409,-2.2833,1.66125,-1.71976,187.787,-0.509,-2.10122,1.05215,1.28585,188.353
0.584853,5.53458,1.00073,2.17354,129.897,1.15176,4.74085,1.22122,2.11948,138.886
5.61038,3.58005,2.08412,0.667208,147.355,4.82483,3.21402,1.5852,-0.939778,153.612
2.99599,6.84358,1.82621,1.64109,119.504,3.05855,6.10797,1.32772,1.39466,127.12
-2.81573,5.33865,1.91983,1.43421,117.855,-2.95189,4.34916,1.96841,2.69441,125.263
4.29137,1.35544,1.6549,-2.07563,172.777,4.77503,2.22684,1.7369,-1.62061,163.087
