-0.500313,-0.5,1.02346,-3.1415
-0.511937,-0.483725,1.02335,-3.09584
-0.52356,-0.46745,1.02324,-3.05019
-0.535184,-0.451174,1.02313,-3.00454
-0.546808,-0.434899,1.02302,-2.95888
-0.558431,-0.418624,1.02291,-2.91323
-0.570055,-0.402349,1.0228,-2.86757
-0.581678,-0.386074,1.02269,-2.82192
-0.593302,-0.369799,1.02258,-2.77626
-0.604926,-0.353524,1.02248,-2.73061
-0.616549,-0.337249,1.02237,-2.68496
-0.628173,-0.320974,1.02226,-2.6393
-0.639797,-0.304698,1.02215,-2.59365
-0.65142,-0.288423,1.02204,-2.54799
-0.663044,-0.272148,1.02193,-2.50234
-0.674667,-0.255873,1.02182,-2.45669
-0.686291,-0.239598,1.02171,-2.41103
-0.697915,-0.223323,1.0216,-2.36538
-0.709538,-0.207048,1.02149,-2.31972
-0.721162,-0.190773,1.02138,-2.27407
-0.732786,-0.174497,1.02128,-2.22842
-0.744409,-0.158222,1.02117,-2.18276
-0.756033,-0.141947,1.02106,-2.13711
-0.767656,-0.125672,1.02095,-2.09145
-0.77928,-0.109397,1.02084,-2.0458
-0.790904,-0.0931219,1.02073,-2.00015
-0.802527,-0.0768468,1.02062,-1.95449
-0.814151,-0.0605717,1.02051,-1.90884
-0.825775,-0.0442966,1.0204,-1.86318
-0.837398,-0.0280214,1.02029,-1.81753
-0.849022,-0.0117463,1.02019,-1.77188
-0.860646,0.00452878,1.02008,-1.72622
-0.872269,0.0208039,1.01997,-1.68057
-0.883893,0.037079,1.01986,-1.63491
-0.895516,0.0533541,1.01975,-1.58926
-0.90714,0.0696292,1.01964,-1.54361
-0.918764,0.0859044,1.01953,-1.49795
-0.930387,0.102179,1.01942,-1.4523
-0.942011,0.118455,1.01931,-1.40664
-0.953635,0.13473,1.0192,-1.36099
-0.965258,0.151005,1.01909,-1.31534
-0.976882,0.16728,1.01899,-1.26968
-0.988505,0.183555,1.01888,-1.22403
-1.00013,0.19983,1.01877,-1.17837
-1.01175,0.216105,1.01866,-1.13272
-1.02338,0.23238,1.01855,-1.08706
-1.035,0.248656,1.01844,-1.04141
-1.04662,0.264931,1.01833,-0.995757
-1.05825,0.281206,1.01822,-0.950103
-1.06987,0.297481,1.01811,-0.904449
-1.08149,0.313756,1.018,-0.858795
-1.10103,0.312493,1.02212,-0.839601
-1.12056,0.31123,1.02624,-0.820408
-1.14009,0.309967,1.03035,-0.801214
-1.15962,0.308704,1.03447,-0.782021
-1.17915,0.307441,1.03859,-0.762827
-1.19868,0.306178,1.0427,-0.743634
-1.21821,0.304915,1.04682,-0.72444
-1.23774,0.303652,1.05094,-0.705247
-1.25727,0.302389,1.05505,-0.686053
-1.2768,0.301126,1.05917,-0.666859
-1.29633,0.299863,1.06329,-0.647666
-1.31587,0.2986,1.0674,-0.628472
-1.3354,0.297337,1.07152,-0.609279
-1.35493,0.296074,1.07564,-0.590085
-1.37446,0.294811,1.07975,-0.570892
-1.39399,0.293547,1.08387,-0.551698
-1.41352,0.292284,1.08799,-0.532505
-1.43305,0.291021,1.09211,-0.513311
-1.45258,0.289758,1.09622,-0.494118
-1.47211,0.288495,1.10034,-0.474924
-1.49164,0.287232,1.10446,-0.455731
-1.51117,0.285969,1.10857,-0.436537
-1.53071,0.284706,1.11269,-0.417344
-1.55024,0.283443,1.11681,-0.39815
-1.56977,0.28218,1.12092,-0.378957
-1.5893,0.280917,1.12504,-0.359763
-1.60883,0.279654,1.12916,-0.340569
-1.62836,0.278391,1.13327,-0.321376
-1.64789,0.277128,1.13739,-0.302182
-1.66742,0.275865,1.14151,-0.282989
-1.68695,0.274602,1.14562,-0.263795
-1.70648,0.273339,1.14974,-0.244602
-1.72601,0.272076,1.15386,-0.225408
-1.74555,0.270813,1.15797,-0.206215
-1.76508,0.26955,1.16209,-0.187021
-1.78461,0.268287,1.16621,-0.167828
-1.80414,0.267024,1.17032,-0.148634
-1.82367,0.265761,1.17444,-0.129441
-1.8432,0.264498,1.17856,-0.110247
-1.86273,0.263235,1.18267,-0.0910536
-1.88226,0.261972,1.18679,-0.07186
-1.90179,0.260709,1.19091,-0.0526665
-1.92132,0.259446,1.19502,-0.033473
-1.94086,0.258183,1.19914,-0.0142794
-1.96039,0.25692,1.20326,0.00491408
-1.97992,0.255657,1.20737,0.0241076
-1.99945,0.254394,1.21149,0.0433011
-2.01898,0.25313,1.21561,0.0624947
-2.03851,0.251867,1.21972,0.0816882
-2.05804,0.250604,1.22384,0.100882
-2.0645,0.269469,1.22231,0.080853
-2.07097,0.288333,1.22077,0.0608243
-2.07743,0.307198,1.21923,0.0407955
-2.08389,0.326062,1.2177,0.0207668
-2.09036,0.344927,1.21616,0.00073806
-2.09682,0.363791,1.21463,-0.0192907
-2.10328,0.382656,1.21309,-0.0393194
-2.10975,0.40152,1.21155,-0.0593481
-2.11621,0.420385,1.21002,-0.0793769
-2.12267,0.439249,1.20848,-0.0994056
-2.12913,0.458114,1.20695,-0.119434
-2.1356,0.476978,1.20541,-0.139463
-2.14206,0.495843,1.20388,-0.159492
-2.14852,0.514708,1.20234,-0.179521
-2.15499,0.533572,1.2008,-0.199549
-2.16145,0.552437,1.19927,-0.219578
-2.16791,0.571301,1.19773,-0.239607
-2.17438,0.590166,1.1962,-0.259635
-2.18084,0.60903,1.19466,-0.279664
-2.1873,0.627895,1.19312,-0.299693
-2.19377,0.646759,1.19159,-0.319722
-2.20023,0.665624,1.19005,-0.33975
-2.20669,0.684488,1.18852,-0.359779
-2.21315,0.703353,1.18698,-0.379808
-2.21962,0.722217,1.18545,-0.399837
-2.22608,0.741082,1.18391,-0.419865
-2.23254,0.759946,1.18237,-0.439894
-2.23901,0.778811,1.18084,-0.459923
-2.24547,0.797675,1.1793,-0.479952
-2.25193,0.81654,1.17777,-0.49998
-2.2584,0.835404,1.17623,-0.520009
-2.26486,0.854269,1.17469,-0.540038
-2.27132,0.873133,1.17316,-0.560067
-2.27779,0.891998,1.17162,-0.580095
-2.28425,0.910862,1.17009,-0.600124
-2.29071,0.929727,1.16855,-0.620153
-2.29718,0.948591,1.16701,-0.640181
-2.30364,0.967456,1.16548,-0.66021
-2.3101,0.98632,1.16394,-0.680239
-2.31656,1.00518,1.16241,-0.700268
-2.32303,1.02405,1.16087,-0.720296
-2.32949,1.04291,1.15934,-0.740325
-2.33595,1.06178,1.1578,-0.760354
-2.34242,1.08064,1.15626,-0.780383
-2.34888,1.09951,1.15473,-0.800411
-2.35534,1.11837,1.15319,-0.82044
-2.36181,1.13724,1.15166,-0.840469
-2.36827,1.1561,1.15012,-0.860498
-2.37473,1.17497,1.14858,-0.880526
-2.3812,1.19383,1.14705,-0.900555
-2.39951,1.20181,1.14612,-0.879259
-2.41782,1.2098,1.14519,-0.857962
-2.43614,1.21778,1.14426,-0.836666
-2.45445,1.22577,1.14333,-0.815369
-2.47276,1.23375,1.1424,-0.794073
-2.49108,1.24174,1.14147,-0.772776
-2.50939,1.24972,1.14054,-0.75148
-2.5277,1.25771,1.13961,-0.730183
-2.54602,1.26569,1.13868,-0.708887
-2.56433,1.27367,1.13775,-0.687591
-2.58264,1.28166,1.13682,-0.666294
-2.60096,1.28964,1.13589,-0.644998
-2.61927,1.29763,1.13496,-0.623701
-2.63758,1.30561,1.13404,-0.602405
-2.6559,1.3136,1.13311,-0.581108
-2.67421,1.32158,1.13218,-0.559812
-2.69252,1.32957,1.13125,-0.538515
-2.71084,1.33755,1.13032,-0.517219
-2.72915,1.34554,1.12939,-0.495923
-2.74746,1.35352,1.12846,-0.474626
-2.76578,1.3615,1.12753,-0.45333
-2.78409,1.36949,1.1266,-0.432033
-2.80241,1.37747,1.12567,-0.410737
-2.82072,1.38546,1.12474,-0.38944
-2.83903,1.39344,1.12381,-0.368144
-2.85735,1.40143,1.12288,-0.346848
-2.87566,1.40941,1.12195,-0.325551
-2.89397,1.4174,1.12102,-0.304255
-2.91229,1.42538,1.12009,-0.282958
-2.9306,1.43336,1.11916,-0.261662
-2.94891,1.44135,1.11823,-0.240365
-2.96723,1.44933,1.1173,-0.219069
-2.98554,1.45732,1.11637,-0.197772
-3.00385,1.4653,1.11544,-0.176476
-3.02217,1.47329,1.11451,-0.15518
-3.04048,1.48127,1.11359,-0.133883
-3.05879,1.48926,1.11266,-0.112587
-3.07711,1.49724,1.11173,-0.0912902
-3.09542,1.50523,1.1108,-0.0699938
-3.11373,1.51321,1.10987,-0.0486973
-3.13205,1.52119,1.10894,-0.0274009
-3.15036,1.52918,1.10801,-0.00610446
-3.16868,1.53716,1.10708,0.015192
-3.18699,1.54515,1.10615,0.0364884
-3.2053,1.55313,1.10522,0.0577849
-3.22362,1.56112,1.10429,0.0790813
-3.24193,1.5691,1.10336,0.100378
-3.26024,1.57709,1.10243,0.121674
-3.27856,1.58507,1.1015,0.142971
-3.29687,1.59305,1.10057,0.164267
-3.31203,1.60609,1.10099,0.13115
-3.32719,1.61913,1.1014,0.0980325
-3.34236,1.63216,1.10182,0.0649152
-3.35752,1.6452,1.10223,0.0317979
-3.37268,1.65823,1.10265,-0.0013194
-3.38784,1.67127,1.10307,-0.0344367
-3.403,1.68431,1.10348,-0.067554
-3.41817,1.69734,1.1039,-0.100671
-3.43333,1.71038,1.10431,-0.133789
-3.44849,1.72341,1.10473,-0.166906
-3.46365,1.73645,1.10514,-0.200023
-3.47882,1.74949,1.10556,-0.23314
-3.49398,1.76252,1.10598,-0.266258
-3.50914,1.77556,1.10639,-0.299375
-3.5243,1.78859,1.10681,-0.332492
-3.53946,1.80163,1.10722,-0.36561
-3.55463,1.81467,1.10764,-0.398727
-3.56979,1.8277,1.10805,-0.431844
-3.58495,1.84074,1.10847,-0.464962
-3.60011,1.85377,1.10889,-0.498079
-3.61527,1.86681,1.1093,-0.531196
-3.63044,1.87985,1.10972,-0.564313
-3.6456,1.89288,1.11013,-0.597431
-3.66076,1.90592,1.11055,-0.630548
-3.67592,1.91895,1.11096,-0.663665
-3.69108,1.93199,1.11138,-0.696783
-3.70625,1.94503,1.1118,-0.7299
-3.72141,1.95806,1.11221,-0.763017
-3.73657,1.9711,1.11263,-0.796134
-3.75173,1.98413,1.11304,-0.829252
-3.7669,1.99717,1.11346,-0.862369
-3.78206,2.01021,1.11387,-0.895486
-3.79722,2.02324,1.11429,-0.928604
-3.81238,2.03628,1.11471,-0.961721
-3.82754,2.04931,1.11512,-0.994838
-3.84271,2.06235,1.11554,-1.02796
-3.85787,2.07539,1.11595,-1.06107
-3.87303,2.08842,1.11637,-1.09419
-3.88819,2.10146,1.11678,-1.12731
-3.90335,2.11449,1.1172,-1.16042
-3.91852,2.12753,1.11762,-1.19354
-3.93368,2.14057,1.11803,-1.22666
-3.94884,2.1536,1.11845,-1.25978
-3.964,2.16664,1.11886,-1.29289
-3.97917,2.17967,1.11928,-1.32601
-3.99433,2.19271,1.11969,-1.35913
-4.00949,2.20575,1.12011,-1.39225
-4.02465,2.21878,1.12052,-1.42536
-4.03981,2.23182,1.12094,-1.45848
-4.05498,2.24485,1.12136,-1.4916
-4.06111,2.26286,1.12754,-1.48513
-4.06725,2.28086,1.13372,-1.47867
-4.07338,2.29887,1.1399,-1.4722
-4.07952,2.31687,1.14608,-1.46574
-4.08565,2.33487,1.15226,-1.45927
-4.09179,2.35288,1.15844,-1.45281
-4.09793,2.37088,1.16462,-1.44634
-4.10406,2.38889,1.17081,-1.43988
-4.1102,2.40689,1.17699,-1.43341
-4.11633,2.42489,1.18317,-1.42695
-4.12247,2.4429,1.18935,-1.42048
-4.12861,2.4609,1.19553,-1.41402
-4.13474,2.47891,1.20171,-1.40755
-4.14088,2.49691,1.20789,-1.40109
-4.14701,2.51491,1.21407,-1.39462
-4.15315,2.53292,1.22026,-1.38816
-4.15928,2.55092,1.22644,-1.38169
-4.16542,2.56893,1.23262,-1.37523
-4.17156,2.58693,1.2388,-1.36876
-4.17769,2.60493,1.24498,-1.3623
-4.18383,2.62294,1.25116,-1.35583
-4.18996,2.64094,1.25734,-1.34937
-4.1961,2.65895,1.26352,-1.3429
-4.20223,2.67695,1.26971,-1.33644
-4.20837,2.69496,1.27589,-1.32997
-4.21451,2.71296,1.28207,-1.32351
-4.22064,2.73096,1.28825,-1.31704
-4.22678,2.74897,1.29443,-1.31058
-4.23291,2.76697,1.30061,-1.30411
-4.23905,2.78498,1.30679,-1.29764
-4.24518,2.80298,1.31297,-1.29118
-4.25132,2.82098,1.31915,-1.28471
-4.25746,2.83899,1.32534,-1.27825
-4.26359,2.85699,1.33152,-1.27178
-4.26973,2.875,1.3377,-1.26532
-4.27586,2.893,1.34388,-1.25885
-4.282,2.911,1.35006,-1.25239
-4.28814,2.92901,1.35624,-1.24592
-4.29427,2.94701,1.36242,-1.23946
-4.30041,2.96502,1.3686,-1.23299
-4.30654,2.98302,1.37479,-1.22653
-4.31268,3.00102,1.38097,-1.22006
-4.31881,3.01903,1.38715,-1.2136
-4.32495,3.03703,1.39333,-1.20713
-4.33109,3.05504,1.39951,-1.20067
-4.33722,3.07304,1.40569,-1.1942
-4.34336,3.09104,1.41187,-1.18774
-4.34949,3.10905,1.41805,-1.18127
-4.35563,3.12705,1.42424,-1.17481
-4.36176,3.14506,1.43042,-1.16834
-4.36354,3.12515,1.42961,-1.1265
-4.36532,3.10525,1.4288,-1.08466
-4.3671,3.08534,1.42799,-1.04281
-4.36888,3.06544,1.42718,-1.00097
-4.37066,3.04553,1.42637,-0.959127
-4.37244,3.02563,1.42556,-0.917284
-4.37422,3.00573,1.42475,-0.875441
-4.376,2.98582,1.42394,-0.833598
-4.37777,2.96592,1.42313,-0.791755
-4.37955,2.94601,1.42233,-0.749912
-4.38133,2.92611,1.42152,-0.708069
-4.38311,2.9062,1.42071,-0.666225
-4.38489,2.8863,1.4199,-0.624382
-4.38667,2.8664,1.41909,-0.582539
-4.38845,2.84649,1.41828,-0.540696
-4.39023,2.82659,1.41747,-0.498853
-4.39201,2.80668,1.41666,-0.45701
-4.39378,2.78678,1.41585,-0.415167
-4.39556,2.76687,1.41504,-0.373323
-4.39734,2.74697,1.41424,-0.33148
-4.39912,2.72707,1.41343,-0.289637
-4.4009,2.70716,1.41262,-0.247794
-4.40268,2.68726,1.41181,-0.205951
-4.40446,2.66735,1.411,-0.164108
-4.40624,2.64745,1.41019,-0.122265
-4.40802,2.62754,1.40938,-0.0804215
-4.40979,2.60764,1.40857,-0.0385783
-4.41157,2.58774,1.40776,0.00326479
-4.41335,2.56783,1.40695,0.0451079
-4.41513,2.54793,1.40614,0.0869511
-4.41691,2.52802,1.40534,0.128794
-4.41869,2.50812,1.40453,0.170637
-4.42047,2.48821,1.40372,0.21248
-4.42225,2.46831,1.40291,0.254324
-4.42403,2.44841,1.4021,0.296167
-4.4258,2.4285,1.40129,0.33801
-4.42758,2.4086,1.40048,0.379853
-4.42936,2.38869,1.39967,0.421696
-4.43114,2.36879,1.39886,0.463539
-4.43292,2.34888,1.39805,0.505382
-4.4347,2.32898,1.39725,0.547226
-4.43648,2.30908,1.39644,0.589069
-4.43826,2.28917,1.39563,0.630912
-4.44004,2.26927,1.39482,0.672755
-4.44181,2.24936,1.39401,0.714598
-4.44359,2.22946,1.3932,0.756441
-4.44537,2.20955,1.39239,0.798284
-4.44715,2.18965,1.39158,0.840128
-4.44893,2.16975,1.39077,0.881971
-4.45071,2.14984,1.38996,0.923814
-4.43452,2.13818,1.38861,0.884425
-4.41833,2.12652,1.38726,0.845036
-4.40214,2.11485,1.3859,0.805647
-4.38595,2.10319,1.38455,0.766258
-4.36975,2.09153,1.3832,0.726869
-4.35356,2.07986,1.38184,0.68748
-4.33737,2.0682,1.38049,0.648091
-4.32118,2.05654,1.37914,0.608701
-4.30499,2.04487,1.37778,0.569312
-4.2888,2.03321,1.37643,0.529923
-4.27261,2.02155,1.37508,0.490534
-4.25642,2.00989,1.37372,0.451145
-4.24023,1.99822,1.37237,0.411756
-4.22404,1.98656,1.37101,0.372367
-4.20785,1.9749,1.36966,0.332978
-4.19166,1.96323,1.36831,0.293589
-4.17547,1.95157,1.36695,0.2542
-4.15927,1.93991,1.3656,0.214811
-4.14308,1.92824,1.36425,0.175422
-4.12689,1.91658,1.36289,0.136033
-4.1107,1.90492,1.36154,0.0966437
-4.09451,1.89326,1.36019,0.0572547
-4.07832,1.88159,1.35883,0.0178656
-4.06213,1.86993,1.35748,-0.0215234
-4.04594,1.85827,1.35613,-0.0609125
-4.02975,1.8466,1.35477,-0.100302
-4.01356,1.83494,1.35342,-0.139691
-3.99737,1.82328,1.35207,-0.17908
-3.98118,1.81161,1.35071,-0.218469
-3.96498,1.79995,1.34936,-0.257858
-3.94879,1.78829,1.348,-0.297247
-3.9326,1.77663,1.34665,-0.336636
-3.91641,1.76496,1.3453,-0.376025
-3.90022,1.7533,1.34394,-0.415414
-3.88403,1.74164,1.34259,-0.454803
-3.86784,1.72997,1.34124,-0.494192
-3.85165,1.71831,1.33988,-0.533581
-3.83546,1.70665,1.33853,-0.57297
-3.81927,1.69498,1.33718,-0.612359
-3.80308,1.68332,1.33582,-0.651748
-3.78689,1.67166,1.33447,-0.691137
-3.77069,1.66,1.33312,-0.730526
-3.7545,1.64833,1.33176,-0.769915
-3.73831,1.63667,1.33041,-0.809305
-3.72212,1.62501,1.32905,-0.848694
-3.70593,1.61334,1.3277,-0.888083
-3.68974,1.60168,1.32635,-0.927472
-3.67355,1.59002,1.32499,-0.966861
-3.65736,1.57835,1.32364,-1.00625
-3.64117,1.56669,1.32229,-1.04564
-3.63317,1.58458,1.31827,-1.0476
-3.62517,1.60246,1.31424,-1.04957
-3.61717,1.62034,1.31022,-1.05153
-3.60917,1.63823,1.3062,-1.05349
-3.60117,1.65611,1.30218,-1.05545
-3.59317,1.67399,1.29816,-1.05742
-3.58517,1.69188,1.29414,-1.05938
-3.57717,1.70976,1.29012,-1.06134
-3.56917,1.72765,1.2861,-1.06331
-3.56117,1.74553,1.28207,-1.06527
-3.55317,1.76341,1.27805,-1.06723
-3.54517,1.7813,1.27403,-1.0692
-3.53717,1.79918,1.27001,-1.07116
-3.52917,1.81706,1.26599,-1.07312
-3.52117,1.83495,1.26197,-1.07509
-3.51317,1.85283,1.25795,-1.07705
-3.50517,1.87072,1.25393,-1.07901
-3.49717,1.8886,1.2499,-1.08097
-3.48917,1.90648,1.24588,-1.08294
-3.48117,1.92437,1.24186,-1.0849
-3.47317,1.94225,1.23784,-1.08686
-3.46517,1.96013,1.23382,-1.08883
-3.45717,1.97802,1.2298,-1.09079
-3.44917,1.9959,1.22578,-1.09275
-3.44117,2.01379,1.22176,-1.09472
-3.43317,2.03167,1.21773,-1.09668
-3.42517,2.04955,1.21371,-1.09864
-3.41717,2.06744,1.20969,-1.10061
-3.40917,2.08532,1.20567,-1.10257
-3.40117,2.1032,1.20165,-1.10453
-3.39317,2.12109,1.19763,-1.1065
-3.38517,2.13897,1.19361,-1.10846
-3.37717,2.15686,1.18959,-1.11042
-3.36917,2.17474,1.18556,-1.11238
-3.36117,2.19262,1.18154,-1.11435
-3.35317,2.21051,1.17752,-1.11631
-3.34517,2.22839,1.1735,-1.11827
-3.33717,2.24627,1.16948,-1.12024
-3.32917,2.26416,1.16546,-1.1222
-3.32117,2.28204,1.16144,-1.12416
-3.31317,2.29993,1.15742,-1.12613
-3.30517,2.31781,1.15339,-1.12809
-3.29717,2.33569,1.14937,-1.13005
-3.28917,2.35358,1.14535,-1.13202
-3.28117,2.37146,1.14133,-1.13398
-3.27317,2.38934,1.13731,-1.13594
-3.26517,2.40723,1.13329,-1.13791
-3.25717,2.42511,1.12927,-1.13987
-3.24917,2.443,1.12525,-1.14183
-3.24117,2.46088,1.12122,-1.14379
-3.2498,2.47659,1.13009,-1.16239
-3.25844,2.4923,1.13896,-1.18099
-3.26707,2.50801,1.14783,-1.19959
-3.27571,2.52372,1.1567,-1.21819
-3.28434,2.53943,1.16557,-1.23679
-3.29298,2.55514,1.17444,-1.25538
-3.30161,2.57085,1.18331,-1.27398
-3.31024,2.58655,1.19218,-1.29258
-3.31888,2.60226,1.20105,-1.31118
-3.32751,2.61797,1.20991,-1.32978
-3.33615,2.63368,1.21878,-1.34837
-3.34478,2.64939,1.22765,-1.36697
-3.35342,2.6651,1.23652,-1.38557
-3.36205,2.68081,1.24539,-1.40417
-3.37069,2.69652,1.25426,-1.42277
-3.37932,2.71223,1.26313,-1.44137
-3.38796,2.72794,1.272,-1.45996
-3.39659,2.74365,1.28087,-1.47856
-3.40523,2.75936,1.28974,-1.49716
-3.41386,2.77507,1.2986,-1.51576
-3.4225,2.79078,1.30747,-1.53436
-3.43113,2.80649,1.31634,-1.55295
-3.43977,2.82219,1.32521,-1.57155
-3.4484,2.8379,1.33408,-1.59015
-3.45703,2.85361,1.34295,-1.60875
-3.46567,2.86932,1.35182,-1.62735
-3.4743,2.88503,1.36069,-1.64594
-3.48294,2.90074,1.36956,-1.66454
-3.49157,2.91645,1.37843,-1.68314
-3.50021,2.93216,1.38729,-1.70174
-3.50884,2.94787,1.39616,-1.72034
-3.51748,2.96358,1.40503,-1.73894
-3.52611,2.97929,1.4139,-1.75753
-3.53475,2.995,1.42277,-1.77613
-3.54338,3.01071,1.43164,-1.79473
-3.55202,3.02642,1.44051,-1.81333
-3.56065,3.04212,1.44938,-1.83193
-3.56929,3.05783,1.45825,-1.85052
-3.57792,3.07354,1.46712,-1.86912
-3.58656,3.08925,1.47598,-1.88772
-3.59519,3.10496,1.48485,-1.90632
-3.60382,3.12067,1.49372,-1.92492
-3.61246,3.13638,1.50259,-1.94351
-3.62109,3.15209,1.51146,-1.96211
-3.62973,3.1678,1.52033,-1.98071
-3.63836,3.18351,1.5292,-1.99931
-3.647,3.19922,1.53807,-2.01791
-3.65563,3.21493,1.54694,-2.03651
-3.66427,3.23064,1.5558,-2.0551
-3.6729,3.24635,1.56467,-2.0737
-3.66238,3.22968,1.56809,-2.05307
-3.65185,3.21302,1.5715,-2.03245
-3.64133,3.19636,1.57491,-2.01182
-3.63081,3.1797,1.57832,-1.99119
-3.62028,3.16304,1.58174,-1.97056
-3.60976,3.14638,1.58515,-1.94993
-3.59923,3.12972,1.58856,-1.9293
-3.58871,3.11306,1.59197,-1.90868
-3.57818,3.0964,1.59539,-1.88805
-3.56766,3.07973,1.5988,-1.86742
-3.55714,3.06307,1.60221,-1.84679
-3.54661,3.04641,1.60562,-1.82616
-3.53609,3.02975,1.60904,-1.80553
-3.52556,3.01309,1.61245,-1.78491
-3.51504,2.99643,1.61586,-1.76428
-3.50451,2.97977,1.61927,-1.74365
-3.49399,2.96311,1.62269,-1.72302
-3.48347,2.94644,1.6261,-1.70239
-3.47294,2.92978,1.62951,-1.68177
-3.46242,2.91312,1.63292,-1.66114
-3.45189,2.89646,1.63633,-1.64051
-3.44137,2.8798,1.63975,-1.61988
-3.43084,2.86314,1.64316,-1.59925
-3.42032,2.84648,1.64657,-1.57862
-3.4098,2.82982,1.64998,-1.558
-3.39927,2.81316,1.6534,-1.53737
-3.38875,2.79649,1.65681,-1.51674
-3.37822,2.77983,1.66022,-1.49611
-3.3677,2.76317,1.66363,-1.47548
-3.35717,2.74651,1.66705,-1.45486
-3.34665,2.72985,1.67046,-1.43423
-3.33613,2.71319,1.67387,-1.4136
-3.3256,2.69653,1.67728,-1.39297
-3.31508,2.67987,1.6807,-1.37234
-3.30455,2.6632,1.68411,-1.35171
-3.29403,2.64654,1.68752,-1.33109
-3.2835,2.62988,1.69093,-1.31046
-3.27298,2.61322,1.69435,-1.28983
-3.26246,2.59656,1.69776,-1.2692
-3.25193,2.5799,1.70117,-1.24857
-3.24141,2.56324,1.70458,-1.22795
-3.23088,2.54658,1.708,-1.20732
-3.22036,2.52991,1.71141,-1.18669
-3.20983,2.51325,1.71482,-1.16606
-3.19931,2.49659,1.71823,-1.14543
-3.18879,2.47993,1.72165,-1.1248
-3.17826,2.46327,1.72506,-1.10418
-3.16774,2.44661,1.72847,-1.08355
-3.15721,2.42995,1.73188,-1.06292
-3.14669,2.41329,1.73529,-1.04229
-3.16298,2.42188,1.72749,-1.01076
-3.17927,2.43047,1.71969,-0.979221
-3.19555,2.43906,1.71188,-0.947686
-3.21184,2.44765,1.70408,-0.916151
-3.22813,2.45624,1.69628,-0.884617
-3.24442,2.46483,1.68847,-0.853082
-3.26071,2.47342,1.68067,-0.821547
-3.277,2.48201,1.67287,-0.790012
-3.29329,2.4906,1.66506,-0.758477
-3.30957,2.49919,1.65726,-0.726942
-3.32586,2.50778,1.64946,-0.695407
-3.34215,2.51637,1.64165,-0.663872
-3.35844,2.52496,1.63385,-0.632337
-3.37473,2.53355,1.62605,-0.600802
-3.39102,2.54214,1.61824,-0.569267
-3.40731,2.55073,1.61044,-0.537732
-3.42359,2.55932,1.60264,-0.506198
-3.43988,2.56791,1.59483,-0.474663
-3.45617,2.5765,1.58703,-0.443128
-3.47246,2.58509,1.57923,-0.411593
-3.48875,2.59368,1.57142,-0.380058
-3.50504,2.60227,1.56362,-0.348523
-3.52133,2.61086,1.55582,-0.316988
-3.53761,2.61945,1.54801,-0.285453
-3.5539,2.62804,1.54021,-0.253918
-3.57019,2.63663,1.5324,-0.222383
-3.58648,2.64522,1.5246,-0.190848
-3.60277,2.65381,1.5168,-0.159314
-3.61906,2.6624,1.50899,-0.127779
-3.63535,2.67099,1.50119,-0.0962437
-3.65164,2.67958,1.49339,-0.0647088
-3.66792,2.68817,1.48558,-0.0331739
-3.68421,2.69676,1.47778,-0.00163896
-3.7005,2.70535,1.46998,0.029896
-3.71679,2.71394,1.46217,0.0614309
-3.73308,2.72253,1.45437,0.0929658
-3.74937,2.73112,1.44657,0.124501
-3.76566,2.73971,1.43876,0.156036
-3.78194,2.7483,1.43096,0.187571
-3.79823,2.75689,1.42316,0.219105
-3.81452,2.76548,1.41535,0.25064
-3.83081,2.77407,1.40755,0.282175
-3.8471,2.78266,1.39975,0.31371
-3.86339,2.79125,1.39194,0.345245
-3.87968,2.79984,1.38414,0.37678
-3.89596,2.80843,1.37634,0.408315
-3.91225,2.81702,1.36853,0.43985
-3.92854,2.82561,1.36073,0.471385
-3.94483,2.8342,1.35293,0.50292
-3.96112,2.84279,1.34512,0.534455
-3.94328,2.83426,1.34812,0.553095
-3.92543,2.82574,1.35112,0.571736
-3.90759,2.81721,1.35412,0.590377
-3.88975,2.80869,1.35711,0.609017
-3.87191,2.80016,1.36011,0.627658
-3.85407,2.79163,1.36311,0.646299
-3.83623,2.78311,1.36611,0.664939
-3.81838,2.77458,1.36911,0.68358
-3.80054,2.76606,1.3721,0.702221
-3.7827,2.75753,1.3751,0.720861
-3.76486,2.74901,1.3781,0.739502
-3.74702,2.74048,1.3811,0.758143
-3.72917,2.73196,1.3841,0.776783
-3.71133,2.72343,1.3871,0.795424
-3.69349,2.71491,1.39009,0.814065
-3.67565,2.70638,1.39309,0.832705
-3.65781,2.69786,1.39609,0.851346
-3.63997,2.68933,1.39909,0.869987
-3.62212,2.68081,1.40209,0.888627
-3.60428,2.67228,1.40508,0.907268
-3.58644,2.66376,1.40808,0.925909
-3.5686,2.65523,1.41108,0.944549
-3.55076,2.6467,1.41408,0.96319
-3.53291,2.63818,1.41708,0.981831
-3.51507,2.62965,1.42007,1.00047
-3.49723,2.62113,1.42307,1.01911
-3.47939,2.6126,1.42607,1.03775
-3.46155,2.60408,1.42907,1.05639
-3.44371,2.59555,1.43207,1.07503
-3.42586,2.58703,1.43506,1.09367
-3.40802,2.5785,1.43806,1.11232
-3.39018,2.56998,1.44106,1.13096
-3.37234,2.56145,1.44406,1.1496
-3.3545,2.55293,1.44706,1.16824
-3.33665,2.5444,1.45005,1.18688
-3.31881,2.53588,1.45305,1.20552
-3.30097,2.52735,1.45605,1.22416
-3.28313,2.51883,1.45905,1.2428
-3.26529,2.5103,1.46205,1.26144
-3.24745,2.50177,1.46505,1.28008
-3.2296,2.49325,1.46804,1.29872
-3.21176,2.48472,1.47104,1.31736
-3.19392,2.4762,1.47404,1.336
-3.17608,2.46767,1.47704,1.35464
-3.15824,2.45915,1.48004,1.37328
-3.14039,2.45062,1.48303,1.39193
-3.12255,2.4421,1.48603,1.41057
-3.10471,2.43357,1.48903,1.42921
-3.08687,2.42505,1.49203,1.44785
-3.06903,2.41652,1.49503,1.46649
-3.04994,2.4118,1.49868,1.42175
-3.03085,2.40708,1.50234,1.37701
-3.01176,2.40236,1.50599,1.33227
-2.99267,2.39764,1.50964,1.28754
-2.97359,2.39292,1.5133,1.2428
-2.9545,2.3882,1.51695,1.19806
-2.93541,2.38347,1.52061,1.15332
-2.91632,2.37875,1.52426,1.10859
-2.89723,2.37403,1.52792,1.06385
-2.87815,2.36931,1.53157,1.01911
-2.85906,2.36459,1.53523,0.974373
-2.83997,2.35987,1.53888,0.929635
-2.82088,2.35515,1.54254,0.884897
-2.80179,2.35043,1.54619,0.840159
-2.78271,2.34571,1.54985,0.795422
-2.76362,2.34098,1.5535,0.750684
-2.74453,2.33626,1.55715,0.705946
-2.72544,2.33154,1.56081,0.661208
-2.70635,2.32682,1.56446,0.616471
-2.68727,2.3221,1.56812,0.571733
-2.66818,2.31738,1.57177,0.526995
-2.64909,2.31266,1.57543,0.482257
-2.63,2.30794,1.57908,0.43752
-2.61091,2.30322,1.58274,0.392782
-2.59182,2.29849,1.58639,0.348044
-2.57274,2.29377,1.59005,0.303306
-2.55365,2.28905,1.5937,0.258569
-2.53456,2.28433,1.59736,0.213831
-2.51547,2.27961,1.60101,0.169093
-2.49638,2.27489,1.60467,0.124355
-2.4773,2.27017,1.60832,0.0796176
-2.45821,2.26545,1.61197,0.0348798
-2.43912,2.26073,1.61563,-0.00985793
-2.42003,2.256,1.61928,-0.0545957
-2.40094,2.25128,1.62294,-0.0993334
-2.38186,2.24656,1.62659,-0.144071
-2.36277,2.24184,1.63025,-0.188809
-2.34368,2.23712,1.6339,-0.233547
-2.32459,2.2324,1.63756,-0.278284
-2.3055,2.22768,1.64121,-0.323022
-2.28642,2.22296,1.64487,-0.36776
-2.26733,2.21824,1.64852,-0.412498
-2.24824,2.21352,1.65218,-0.457235
-2.22915,2.20879,1.65583,-0.501973
-2.21006,2.20407,1.65948,-0.546711
-2.19097,2.19935,1.66314,-0.591449
-2.17189,2.19463,1.66679,-0.636187
-2.1528,2.18991,1.67045,-0.680924
-2.13371,2.18519,1.6741,-0.725662
-2.11462,2.18047,1.67776,-0.7704
-2.12742,2.19231,1.66796,-0.761611
-2.14022,2.20416,1.65817,-0.752823
-2.15301,2.216,1.64837,-0.744034
-2.16581,2.22785,1.63858,-0.735245
-2.1786,2.23969,1.62878,-0.726457
-2.1914,2.25154,1.61898,-0.717668
-2.2042,2.26338,1.60919,-0.70888
-2.21699,2.27523,1.59939,-0.700091
-2.22979,2.28707,1.5896,-0.691302
-2.24259,2.29891,1.5798,-0.682514
-2.25538,2.31076,1.57001,-0.673725
-2.26818,2.3226,1.56021,-0.664937
-2.28098,2.33445,1.55041,-0.656148
-2.29377,2.34629,1.54062,-0.647359
-2.30657,2.35814,1.53082,-0.638571
-2.31936,2.36998,1.52103,-0.629782
-2.33216,2.38183,1.51123,-0.620994
-2.34496,2.39367,1.50144,-0.612205
-2.35775,2.40552,1.49164,-0.603417
-2.37055,2.41736,1.48184,-0.594628
-2.38335,2.42921,1.47205,-0.585839
-2.39614,2.44105,1.46225,-0.577051
-2.40894,2.4529,1.45246,-0.568262
-2.42174,2.46474,1.44266,-0.559474
-2.43453,2.47659,1.43287,-0.550685
-2.44733,2.48843,1.42307,-0.541896
-2.46012,2.50028,1.41328,-0.533108
-2.47292,2.51212,1.40348,-0.524319
-2.48572,2.52396,1.39368,-0.515531
-2.49851,2.53581,1.38389,-0.506742
-2.51131,2.54765,1.37409,-0.497953
-2.52411,2.5595,1.3643,-0.489165
-2.5369,2.57134,1.3545,-0.480376
-2.5497,2.58319,1.34471,-0.471588
-2.5625,2.59503,1.33491,-0.462799
-2.57529,2.60688,1.32511,-0.45401
-2.58809,2.61872,1.31532,-0.445222
-2.60089,2.63057,1.30552,-0.436433
-2.61368,2.64241,1.29573,-0.427645
-2.62648,2.65426,1.28593,-0.418856
-2.63927,2.6661,1.27614,-0.410068
-2.65207,2.67795,1.26634,-0.401279
-2.66487,2.68979,1.25654,-0.39249
-2.67766,2.70164,1.24675,-0.383702
-2.69046,2.71348,1.23695,-0.374913
-2.70326,2.72533,1.22716,-0.366125
-2.71605,2.73717,1.21736,-0.357336
-2.72885,2.74901,1.20757,-0.348547
-2.74165,2.76086,1.19777,-0.339759
-2.75444,2.7727,1.18798,-0.33097
-2.75873,2.79115,1.1944,-0.306679
-2.76302,2.8096,1.20083,-0.282388
-2.7673,2.82804,1.20726,-0.258098
-2.77159,2.84649,1.21369,-0.233807
-2.77588,2.86494,1.22012,-0.209516
-2.78016,2.88338,1.22655,-0.185225
-2.78445,2.90183,1.23298,-0.160934
-2.78874,2.92028,1.23941,-0.136643
-2.79302,2.93873,1.24584,-0.112353
-2.79731,2.95717,1.25227,-0.0880617
-2.8016,2.97562,1.2587,-0.0637708
-2.80588,2.99407,1.26513,-0.03948
-2.81017,3.01251,1.27156,-0.0151891
-2.81446,3.03096,1.27799,0.00910172
-2.81874,3.04941,1.28442,0.0333926
-2.82303,3.06785,1.29085,0.0576834
-2.82732,3.0863,1.29728,0.0819743
-2.8316,3.10475,1.30371,0.106265
-2.83589,3.12319,1.31014,0.130556
-2.84018,3.14164,1.31657,0.154847
-2.84446,3.16009,1.323,0.179138
-2.84875,3.17853,1.32943,0.203429
-2.85304,3.19698,1.33585,0.227719
-2.85732,3.21543,1.34228,0.25201
-2.86161,3.23387,1.34871,0.276301
-2.8659,3.25232,1.35514,0.300592
-2.87018,3.27077,1.36157,0.324883
-2.87447,3.28921,1.368,0.349174
-2.87876,3.30766,1.37443,0.373464
-2.88304,3.32611,1.38086,0.397755
-2.88733,3.34456,1.38729,0.422046
-2.89162,3.363,1.39372,0.446337
-2.8959,3.38145,1.40015,0.470628
-2.90019,3.3999,1.40658,0.494919
-2.90448,3.41834,1.41301,0.51921
-2.90876,3.43679,1.41944,0.5435
-2.91305,3.45524,1.42587,0.567791
-2.91734,3.47368,1.4323,0.592082
-2.92162,3.49213,1.43873,0.616373
-2.92591,3.51058,1.44516,0.640664
-2.9302,3.52902,1.45159,0.664955
-2.93448,3.54747,1.45802,0.689246
-2.93877,3.56592,1.46445,0.713536
-2.94306,3.58436,1.47087,0.737827
-2.94734,3.60281,1.4773,0.762118
-2.95163,3.62126,1.48373,0.786409
-2.95592,3.6397,1.49016,0.8107
-2.9602,3.65815,1.49659,0.834991
-2.96449,3.6766,1.50302,0.859281
-2.96878,3.69505,1.50945,0.883572
-2.96686,3.67528,1.51185,0.864414
-2.96494,3.65552,1.51424,0.845255
-2.96303,3.63575,1.51663,0.826096
-2.96111,3.61599,1.51902,0.806938
-2.95919,3.59623,1.52142,0.787779
-2.95728,3.57646,1.52381,0.76862
-2.95536,3.5567,1.5262,0.749462
-2.95344,3.53694,1.5286,0.730303
-2.95153,3.51717,1.53099,0.711144
-2.94961,3.49741,1.53338,0.691985
-2.94769,3.47765,1.53578,0.672827
-2.94578,3.45788,1.53817,0.653668
-2.94386,3.43812,1.54056,0.634509
-2.94194,3.41835,1.54295,0.615351
-2.94003,3.39859,1.54535,0.596192
-2.93811,3.37883,1.54774,0.577033
-2.93619,3.35906,1.55013,0.557875
-2.93428,3.3393,1.55253,0.538716
-2.93236,3.31954,1.55492,0.519557
-2.93044,3.29977,1.55731,0.500399
-2.92853,3.28001,1.55971,0.48124
-2.92661,3.26025,1.5621,0.462081
-2.92469,3.24048,1.56449,0.442923
-2.92278,3.22072,1.56688,0.423764
-2.92086,3.20096,1.56928,0.404605
-2.91894,3.18119,1.57167,0.385447
-2.91703,3.16143,1.57406,0.366288
-2.91511,3.14166,1.57646,0.347129
-2.91319,3.1219,1.57885,0.327971
-2.91128,3.10214,1.58124,0.308812
-2.90936,3.08237,1.58364,0.289653
-2.90744,3.06261,1.58603,0.270494
-2.90553,3.04285,1.58842,0.251336
-2.90361,3.02308,1.59082,0.232177
-2.90169,3.00332,1.59321,0.213018
-2.89978,2.98356,1.5956,0.19386
-2.89786,2.96379,1.59799,0.174701
-2.89594,2.94403,1.60039,0.155542
-2.89403,2.92426,1.60278,0.136384
-2.89211,2.9045,1.60517,0.117225
-2.89019,2.88474,1.60757,0.0980663
-2.88828,2.86497,1.60996,0.0789076
-2.88636,2.84521,1.61235,0.0597489
-2.88444,2.82545,1.61475,0.0405903
-2.88253,2.80568,1.61714,0.0214316
-2.88061,2.78592,1.61953,0.00227289
-2.87869,2.76616,1.62192,-0.0168858
-2.87678,2.74639,1.62432,-0.0360445
-2.87486,2.72663,1.62671,-0.0552032
-2.87294,2.70687,1.6291,-0.0743618
-2.86997,2.72608,1.6338,-0.0614357
-2.86701,2.74529,1.6385,-0.0485095
-2.86404,2.7645,1.64321,-0.0355833
-2.86107,2.78371,1.64791,-0.0226571
-2.8581,2.80292,1.65261,-0.00973096
-2.85513,2.82214,1.65731,0.00319522
-2.85217,2.84135,1.66201,0.0161214
-2.8492,2.86056,1.66671,0.0290476
-2.84623,2.87977,1.67141,0.0419738
-2.84326,2.89898,1.67611,0.0548999
-2.84029,2.9182,1.68081,0.0678261
-2.83733,2.93741,1.68551,0.0807523
-2.83436,2.95662,1.69021,0.0936785
-2.83139,2.97583,1.69491,0.106605
-2.82842,2.99504,1.69961,0.119531
-2.82545,3.01425,1.70431,0.132457
-2.82249,3.03347,1.70901,0.145383
-2.81952,3.05268,1.71371,0.158309
-2.81655,3.07189,1.71842,0.171236
-2.81358,3.0911,1.72312,0.184162
-2.81061,3.11031,1.72782,0.197088
-2.80765,3.12953,1.73252,0.210014
-2.80468,3.14874,1.73722,0.22294
-2.80171,3.16795,1.74192,0.235866
-2.79874,3.18716,1.74662,0.248793
-2.79577,3.20637,1.75132,0.261719
-2.79281,3.22559,1.75602,0.274645
-2.78984,3.2448,1.76072,0.287571
-2.78687,3.26401,1.76542,0.300497
-2.7839,3.28322,1.77012,0.313423
-2.78094,3.30243,1.77482,0.32635
-2.77797,3.32164,1.77952,0.339276
-2.775,3.34086,1.78422,0.352202
-2.77203,3.36007,1.78892,0.365128
-2.76906,3.37928,1.79362,0.378054
-2.7661,3.39849,1.79833,0.390981
-2.76313,3.4177,1.80303,0.403907
-2.76016,3.43692,1.80773,0.416833
-2.75719,3.45613,1.81243,0.429759
-2.75422,3.47534,1.81713,0.442685
-2.75126,3.49455,1.82183,0.455611
-2.74829,3.51376,1.82653,0.468538
-2.74532,3.53298,1.83123,0.481464
-2.74235,3.55219,1.83593,0.49439
-2.73938,3.5714,1.84063,0.507316
-2.73642,3.59061,1.84533,0.520242
-2.73345,3.60982,1.85003,0.533168
-2.73048,3.62903,1.85473,0.546095
-2.72751,3.64825,1.85943,0.559021
-2.72454,3.66746,1.86413,0.571947
-2.74157,3.65746,1.86096,0.577396
-2.7586,3.64746,1.85778,0.582844
-2.77562,3.63746,1.8546,0.588293
-2.79265,3.62746,1.85143,0.593741
-2.80967,3.61745,1.84825,0.59919
-2.8267,3.60745,1.84507,0.604638
-2.84373,3.59745,1.84189,0.610087
-2.86075,3.58745,1.83872,0.615535
-2.87778,3.57745,1.83554,0.620984
-2.89481,3.56745,1.83236,0.626432
-2.91183,3.55745,1.82919,0.631881
-2.92886,3.54745,1.82601,0.637329
-2.94588,3.53745,1.82283,0.642778
-2.96291,3.52745,1.81965,0.648226
-2.97994,3.51745,1.81648,0.653675
-2.99696,3.50745,1.8133,0.659123
-3.01399,3.49745,1.81012,0.664572
-3.03102,3.48745,1.80695,0.67002
-3.04804,3.47744,1.80377,0.675469
-3.06507,3.46744,1.80059,0.680917
-3.08209,3.45744,1.79741,0.686366
-3.09912,3.44744,1.79424,0.691814
-3.11615,3.43744,1.79106,0.697263
-3.13317,3.42744,1.78788,0.702712
-3.1502,3.41744,1.7847,0.70816
-3.16722,3.40744,1.78153,0.713609
-3.18425,3.39744,1.77835,0.719057
-3.20128,3.38744,1.77517,0.724506
-3.2183,3.37744,1.772,0.729954
-3.23533,3.36744,1.76882,0.735403
-3.25236,3.35744,1.76564,0.740851
-3.26938,3.34744,1.76246,0.7463
-3.28641,3.33744,1.75929,0.751748
-3.30343,3.32743,1.75611,0.757197
-3.32046,3.31743,1.75293,0.762645
-3.33749,3.30743,1.74976,0.768094
-3.35451,3.29743,1.74658,0.773542
-3.37154,3.28743,1.7434,0.778991
-3.38857,3.27743,1.74022,0.784439
-3.40559,3.26743,1.73705,0.789888
-3.42262,3.25743,1.73387,0.795336
-3.43964,3.24743,1.73069,0.800785
-3.45667,3.23743,1.72752,0.806233
-3.4737,3.22743,1.72434,0.811682
-3.49072,3.21743,1.72116,0.81713
-3.50775,3.20743,1.71798,0.822579
-3.52478,3.19743,1.71481,0.828028
-3.5418,3.18742,1.71163,0.833476
-3.55883,3.17742,1.70845,0.838925
-3.57585,3.16742,1.70528,0.844373
-3.57786,3.14976,1.69612,0.901742
-3.57986,3.13209,1.68696,0.95911
-3.58186,3.11442,1.6778,1.01648
-3.58386,3.09676,1.66864,1.07385
-3.58586,3.07909,1.65948,1.13122
-3.58786,3.06142,1.65032,1.18859
-3.58986,3.04376,1.64116,1.24595
-3.59187,3.02609,1.63201,1.30332
-3.59387,3.00842,1.62285,1.36069
-3.59587,2.99076,1.61369,1.41806
-3.59787,2.97309,1.60453,1.47543
-3.59987,2.95542,1.59537,1.5328
-3.60187,2.93776,1.58621,1.59017
-3.60388,2.92009,1.57705,1.64753
-3.60588,2.90242,1.56789,1.7049
-3.60788,2.88476,1.55874,1.76227
-3.60988,2.86709,1.54958,1.81964
-3.61188,2.84942,1.54042,1.87701
-3.61388,2.83176,1.53126,1.93438
-3.61588,2.81409,1.5221,1.99175
-3.61789,2.79642,1.51294,2.04912
-3.61989,2.77876,1.50378,2.10648
-3.62189,2.76109,1.49462,2.16385
-3.62389,2.74342,1.48547,2.22122
-3.62589,2.72576,1.47631,2.27859
-3.62789,2.70809,1.46715,2.33596
-3.6299,2.69042,1.45799,2.39333
-3.6319,2.67276,1.44883,2.4507
-3.6339,2.65509,1.43967,2.50807
-3.6359,2.63742,1.43051,2.56543
-3.6379,2.61976,1.42135,2.6228
-3.6399,2.60209,1.4122,2.68017
-3.6419,2.58442,1.40304,2.73754
-3.64391,2.56676,1.39388,2.79491
-3.64591,2.54909,1.38472,2.85228
-3.64791,2.53142,1.37556,2.90965
-3.64991,2.51376,1.3664,2.96701
-3.65191,2.49609,1.35724,3.02438
-3.65391,2.47842,1.34808,3.08175
-3.65592,2.46076,1.33893,3.13912
-3.65792,2.44309,1.32977,-3.0867
-3.65992,2.42542,1.32061,-3.02933
-3.66192,2.40776,1.31145,-2.97196
-3.66392,2.39009,1.30229,-2.91459
-3.66592,2.37242,1.29313,-2.85722
-3.66793,2.35476,1.28397,-2.79985
-3.66993,2.33709,1.27481,-2.74248
-3.67193,2.31942,1.26566,-2.68512
-3.67393,2.30176,1.2565,-2.62775
-3.67593,2.28409,1.24734,-2.57038
-3.65601,2.2837,1.24902,-2.58114
-3.63608,2.28331,1.25071,-2.59191
-3.61616,2.28291,1.25239,-2.60268
-3.59623,2.28252,1.25408,-2.61344
-3.57631,2.28213,1.25576,-2.62421
-3.55638,2.28174,1.25745,-2.63497
-3.53646,2.28135,1.25914,-2.64574
-3.51653,2.28095,1.26082,-2.65651
-3.49661,2.28056,1.26251,-2.66727
-3.47668,2.28017,1.26419,-2.67804
-3.45676,2.27978,1.26588,-2.6888
-3.43683,2.27938,1.26756,-2.69957
-3.41691,2.27899,1.26925,-2.71034
-3.39698,2.2786,1.27093,-2.7211
-3.37706,2.27821,1.27262,-2.73187
-3.35713,2.27782,1.2743,-2.74263
-3.33721,2.27742,1.27599,-2.7534
-3.31728,2.27703,1.27767,-2.76417
-3.29736,2.27664,1.27936,-2.77493
-3.27743,2.27625,1.28104,-2.7857
-3.25751,2.27586,1.28273,-2.79646
-3.23758,2.27546,1.28441,-2.80723
-3.21766,2.27507,1.2861,-2.818
-3.19773,2.27468,1.28779,-2.82876
-3.17781,2.27429,1.28947,-2.83953
-3.15788,2.2739,1.29116,-2.85029
-3.13796,2.2735,1.29284,-2.86106
-3.11803,2.27311,1.29453,-2.87183
-3.09811,2.27272,1.29621,-2.88259
-3.07818,2.27233,1.2979,-2.89336
-3.05826,2.27194,1.29958,-2.90412
-3.03833,2.27154,1.30127,-2.91489
-3.01841,2.27115,1.30295,-2.92566
-2.99848,2.27076,1.30464,-2.93642
-2.97856,2.27037,1.30632,-2.94719
-2.95863,2.26998,1.30801,-2.95795
-2.93871,2.26958,1.30969,-2.96872
-2.91878,2.26919,1.31138,-2.97948
-2.89886,2.2688,1.31306,-2.99025
-2.87893,2.26841,1.31475,-3.00102
-2.85901,2.26801,1.31644,-3.01178
-2.83908,2.26762,1.31812,-3.02255
-2.81916,2.26723,1.31981,-3.03331
-2.79923,2.26684,1.32149,-3.04408
-2.77931,2.26645,1.32318,-3.05485
-2.75938,2.26605,1.32486,-3.06561
-2.73946,2.26566,1.32655,-3.07638
-2.71953,2.26527,1.32823,-3.08714
-2.69961,2.26488,1.32992,-3.09791
-2.67968,2.26449,1.3316,-3.10868
-2.69657,2.275,1.33361,-3.07903
-2.71347,2.28552,1.33562,-3.04938
-2.73036,2.29604,1.33763,-3.01973
-2.74725,2.30655,1.33964,-2.99008
-2.76414,2.31707,1.34165,-2.96043
-2.78103,2.32759,1.34367,-2.93078
-2.79793,2.33811,1.34568,-2.90113
-2.81482,2.34862,1.34769,-2.87148
-2.83171,2.35914,1.3497,-2.84183
-2.8486,2.36966,1.35171,-2.81218
-2.8655,2.38017,1.35372,-2.78253
-2.88239,2.39069,1.35573,-2.75288
-2.89928,2.40121,1.35774,-2.72323
-2.91617,2.41173,1.35975,-2.69358
-2.93306,2.42224,1.36176,-2.66394
-2.94996,2.43276,1.36377,-2.63429
-2.96685,2.44328,1.36578,-2.60464
-2.98374,2.45379,1.36779,-2.57499
-3.00063,2.46431,1.3698,-2.54534
-3.01753,2.47483,1.37181,-2.51569
-3.03442,2.48535,1.37382,-2.48604
-3.05131,2.49586,1.37583,-2.45639
-3.0682,2.50638,1.37784,-2.42674
-3.08509,2.5169,1.37985,-2.39709
-3.10199,2.52741,1.38186,-2.36744
-3.11888,2.53793,1.38387,-2.33779
-3.13577,2.54845,1.38588,-2.30814
-3.15266,2.55897,1.38789,-2.27849
-3.16956,2.56948,1.3899,-2.24884
-3.18645,2.58,1.39191,-2.21919
-3.20334,2.59052,1.39392,-2.18954
-3.22023,2.60103,1.39593,-2.1599
-3.23713,2.61155,1.39795,-2.13025
-3.25402,2.62207,1.39996,-2.1006
-3.27091,2.63259,1.40197,-2.07095
-3.2878,2.6431,1.40398,-2.0413
-3.30469,2.65362,1.40599,-2.01165
-3.32159,2.66414,1.408,-1.982
-3.33848,2.67465,1.41001,-1.95235
-3.35537,2.68517,1.41202,-1.9227
-3.37226,2.69569,1.41403,-1.89305
-3.38916,2.70621,1.41604,-1.8634
-3.40605,2.71672,1.41805,-1.83375
-3.42294,2.72724,1.42006,-1.8041
-3.43983,2.73776,1.42207,-1.77445
-3.45672,2.74827,1.42408,-1.7448
-3.47362,2.75879,1.42609,-1.71515
-3.49051,2.76931,1.4281,-1.6855
-3.5074,2.77982,1.43011,-1.65585
-3.52429,2.79034,1.43212,-1.62621
-3.52927,2.77105,1.43044,-1.58586
-3.53425,2.75175,1.42875,-1.54551
-3.53923,2.73245,1.42707,-1.50516
-3.54421,2.71315,1.42538,-1.46481
-3.54919,2.69386,1.4237,-1.42447
-3.55417,2.67456,1.42201,-1.38412
-3.55914,2.65526,1.42033,-1.34377
-3.56412,2.63597,1.41864,-1.30342
-3.5691,2.61667,1.41696,-1.26308
-3.57408,2.59737,1.41527,-1.22273
-3.57906,2.57808,1.41359,-1.18238
-3.58404,2.55878,1.4119,-1.14203
-3.58902,2.53948,1.41022,-1.10169
-3.59399,2.52018,1.40853,-1.06134
-3.59897,2.50089,1.40685,-1.02099
-3.60395,2.48159,1.40516,-0.980643
-3.60893,2.46229,1.40348,-0.940295
-3.61391,2.443,1.40179,-0.899947
-3.61889,2.4237,1.40011,-0.8596
-3.62387,2.4044,1.39842,-0.819252
-3.62884,2.38511,1.39674,-0.778904
-3.63382,2.36581,1.39505,-0.738557
-3.6388,2.34651,1.39337,-0.698209
-3.64378,2.32721,1.39168,-0.657861
-3.64876,2.30792,1.39,-0.617514
-3.65374,2.28862,1.38831,-0.577166
-3.65872,2.26932,1.38663,-0.536818
-3.6637,2.25003,1.38494,-0.49647
-3.66867,2.23073,1.38326,-0.456123
-3.67365,2.21143,1.38157,-0.415775
-3.67863,2.19214,1.37989,-0.375427
-3.68361,2.17284,1.3782,-0.33508
-3.68859,2.15354,1.37652,-0.294732
-3.69357,2.13424,1.37483,-0.254384
-3.69855,2.11495,1.37315,-0.214037
-3.70352,2.09565,1.37146,-0.173689
-3.7085,2.07635,1.36978,-0.133341
-3.71348,2.05706,1.36809,-0.0929937
-3.71846,2.03776,1.36641,-0.052646
-3.72344,2.01846,1.36472,-0.0122984
-3.72842,1.99917,1.36304,0.0280493
-3.7334,1.97987,1.36135,0.068397
-3.73837,1.96057,1.35967,0.108745
-3.74335,1.94127,1.35798,0.149092
-3.74833,1.92198,1.3563,0.18944
-3.75331,1.90268,1.35461,0.229788
-3.75829,1.88338,1.35293,0.270135
-3.76327,1.86409,1.35124,0.310483
-3.76825,1.84479,1.34956,0.350831
-3.77322,1.82549,1.34787,0.391178
-3.76255,1.84171,1.34307,0.400084
-3.75187,1.85792,1.33827,0.40899
-3.7412,1.87414,1.33346,0.417897
-3.73052,1.89036,1.32866,0.426803
-3.71985,1.90657,1.32386,0.435709
-3.70917,1.92279,1.31905,0.444615
-3.69849,1.939,1.31425,0.453521
-3.68782,1.95522,1.30945,0.462427
-3.67714,1.97144,1.30464,0.471333
-3.66647,1.98765,1.29984,0.480239
-3.65579,2.00387,1.29504,0.489145
-3.64512,2.02009,1.29024,0.498051
-3.63444,2.0363,1.28543,0.506957
-3.62377,2.05252,1.28063,0.515863
-3.61309,2.06873,1.27583,0.524769
-3.60241,2.08495,1.27102,0.533675
-3.59174,2.10117,1.26622,0.542581
-3.58106,2.11738,1.26142,0.551487
-3.57039,2.1336,1.25662,0.560393
-3.55971,2.14981,1.25181,0.569299
-3.54904,2.16603,1.24701,0.578205
-3.53836,2.18225,1.24221,0.587111
-3.52768,2.19846,1.2374,0.596017
-3.51701,2.21468,1.2326,0.604923
-3.50633,2.23089,1.2278,0.613829
-3.49566,2.24711,1.22299,0.622735
-3.48498,2.26333,1.21819,0.631641
-3.47431,2.27954,1.21339,0.640548
-3.46363,2.29576,1.20859,0.649454
-3.45295,2.31197,1.20378,0.65836
-3.44228,2.32819,1.19898,0.667266
-3.4316,2.34441,1.19418,0.676172
-3.42093,2.36062,1.18937,0.685078
-3.41025,2.37684,1.18457,0.693984
-3.39958,2.39306,1.17977,0.70289
-3.3889,2.40927,1.17496,0.711796
-3.37822,2.42549,1.17016,0.720702
-3.36755,2.4417,1.16536,0.729608
-3.35687,2.45792,1.16056,0.738514
-3.3462,2.47414,1.15575,0.74742
-3.33552,2.49035,1.15095,0.756326
-3.32485,2.50657,1.14615,0.765232
-3.31417,2.52278,1.14134,0.774138
-3.30349,2.539,1.13654,0.783044
-3.29282,2.55522,1.13174,0.79195
-3.28214,2.57143,1.12694,0.800856
-3.27147,2.58765,1.12213,0.809762
-3.26079,2.60386,1.11733,0.818668
-3.25012,2.62008,1.11253,0.827574
-3.23944,2.6363,1.10772,0.83648
-3.22429,2.64781,1.11388,0.897142
-3.20914,2.65932,1.12004,0.957804
-3.19399,2.67084,1.12619,1.01847
-3.17884,2.68235,1.13235,1.07913
-3.16369,2.69387,1.13851,1.13979
-3.14854,2.70538,1.14466,1.20045
-3.13339,2.71689,1.15082,1.26111
-3.11824,2.72841,1.15697,1.32177
-3.10309,2.73992,1.16313,1.38243
-3.08794,2.75144,1.16929,1.4431
-3.07279,2.76295,1.17544,1.50376
-3.05764,2.77446,1.1816,1.56442
-3.04249,2.78598,1.18776,1.62508
-3.02734,2.79749,1.19391,1.68574
-3.01219,2.809,1.20007,1.7464
-2.99704,2.82052,1.20623,1.80707
-2.98189,2.83203,1.21238,1.86773
-2.96674,2.84355,1.21854,1.92839
-2.95159,2.85506,1.2247,1.98905
-2.93644,2.86657,1.23085,2.04971
-2.92129,2.87809,1.23701,2.11037
-2.90614,2.8896,1.24317,2.17104
-2.89099,2.90112,1.24932,2.2317
-2.87584,2.91263,1.25548,2.29236
-2.86069,2.92414,1.26163,2.35302
-2.84554,2.93566,1.26779,2.41368
-2.83039,2.94717,1.27395,2.47434
-2.81524,2.95869,1.2801,2.53501
-2.80008,2.9702,1.28626,2.59567
-2.78493,2.98171,1.29242,2.65633
-2.76978,2.99323,1.29857,2.71699
-2.75463,3.00474,1.30473,2.77765
-2.73948,3.01626,1.31089,2.83831
-2.72433,3.02777,1.31704,2.89897
-2.70918,3.03928,1.3232,2.95964
-2.69403,3.0508,1.32936,3.0203
-2.67888,3.06231,1.33551,3.08096
-2.66373,3.07382,1.34167,-3.14156
-2.64858,3.08534,1.34782,-3.0809
-2.63343,3.09685,1.35398,-3.02024
-2.61828,3.10837,1.36014,-2.95958
-2.60313,3.11988,1.36629,-2.89892
-2.58798,3.13139,1.37245,-2.83826
-2.57283,3.14291,1.37861,-2.77759
-2.55768,3.15442,1.38476,-2.71693
-2.54253,3.16594,1.39092,-2.65627
-2.52738,3.17745,1.39708,-2.59561
-2.51223,3.18896,1.40323,-2.53495
-2.49708,3.20048,1.40939,-2.47429
-2.48193,3.21199,1.41555,-2.41362
-2.49797,3.22101,1.42338,-2.42312
-2.51401,3.23002,1.43122,-2.43262
-2.53005,3.23904,1.43906,-2.44211
-2.54609,3.24805,1.4469,-2.45161
-2.56213,3.25707,1.45474,-2.4611
-2.57817,3.26608,1.46258,-2.4706
-2.59421,3.2751,1.47042,-2.48009
-2.61025,3.28411,1.47825,-2.48959
-2.62629,3.29313,1.48609,-2.49909
-2.64233,3.30214,1.49393,-2.50858
-2.65837,3.31115,1.50177,-2.51808
-2.67441,3.32017,1.50961,-2.52757
-2.69045,3.32918,1.51745,-2.53707
-2.70649,3.3382,1.52529,-2.54657
-2.72253,3.34721,1.53312,-2.55606
-2.73857,3.35623,1.54096,-2.56556
-2.75461,3.36524,1.5488,-2.57505
-2.77065,3.37426,1.55664,-2.58455
-2.78669,3.38327,1.56448,-2.59404
-2.80274,3.39229,1.57232,-2.60354
-2.81878,3.4013,1.58016,-2.61304
-2.83482,3.41032,1.58799,-2.62253
-2.85086,3.41933,1.59583,-2.63203
-2.8669,3.42835,1.60367,-2.64152
-2.88294,3.43736,1.61151,-2.65102
-2.89898,3.44638,1.61935,-2.66051
-2.91502,3.45539,1.62719,-2.67001
-2.93106,3.46441,1.63503,-2.67951
-2.9471,3.47342,1.64287,-2.689
-2.96314,3.48244,1.6507,-2.6985
-2.97918,3.49145,1.65854,-2.70799
-2.99522,3.50047,1.66638,-2.71749
-3.01126,3.50948,1.67422,-2.72698
-3.0273,3.5185,1.68206,-2.73648
-3.04334,3.52751,1.6899,-2.74598
-3.05938,3.53653,1.69774,-2.75547
-3.07542,3.54554,1.70557,-2.76497
-3.09146,3.55456,1.71341,-2.77446
-3.1075,3.56357,1.72125,-2.78396
-3.12354,3.57259,1.72909,-2.79345
-3.13958,3.5816,1.73693,-2.80295
-3.15562,3.59062,1.74477,-2.81245
-3.17166,3.59963,1.75261,-2.82194
-3.1877,3.60865,1.76044,-2.83144
-3.20374,3.61766,1.76828,-2.84093
-3.21978,3.62667,1.77612,-2.85043
-3.23582,3.63569,1.78396,-2.85992
-3.25186,3.6447,1.7918,-2.86942
-3.2679,3.65372,1.79964,-2.87892
-3.28394,3.66273,1.80748,-2.88841
-3.26953,3.64926,1.80421,-2.94446
-3.25511,3.63579,1.80094,-3.00051
-3.2407,3.62231,1.79767,-3.05656
-3.22629,3.60884,1.7944,-3.11261
-3.21187,3.59536,1.79113,3.11452
-3.19746,3.58189,1.78786,3.05847
-3.18305,3.56841,1.78459,3.00242
-3.16863,3.55494,1.78132,2.94637
-3.15422,3.54147,1.77806,2.89032
-3.1398,3.52799,1.77479,2.83427
-3.12539,3.51452,1.77152,2.77822
-3.11098,3.50104,1.76825,2.72217
-3.09656,3.48757,1.76498,2.66612
-3.08215,3.47409,1.76171,2.61007
-3.06774,3.46062,1.75844,2.55402
-3.05332,3.44714,1.75517,2.49797
-3.03891,3.43367,1.7519,2.44192
-3.02449,3.4202,1.74863,2.38587
-3.01008,3.40672,1.74537,2.32982
-2.99567,3.39325,1.7421,2.27377
-2.98125,3.37977,1.73883,2.21772
-2.96684,3.3663,1.73556,2.16167
-2.95243,3.35282,1.73229,2.10562
-2.93801,3.33935,1.72902,2.04957
-2.9236,3.32588,1.72575,1.99352
-2.90918,3.3124,1.72248,1.93746
-2.89477,3.29893,1.71921,1.88141
-2.88036,3.28545,1.71594,1.82536
-2.86594,3.27198,1.71268,1.76931
-2.85153,3.2585,1.70941,1.71326
-2.83712,3.24503,1.70614,1.65721
-2.8227,3.23156,1.70287,1.60116
-2.80829,3.21808,1.6996,1.54511
-2.79387,3.20461,1.69633,1.48906
-2.77946,3.19113,1.69306,1.43301
-2.76505,3.17766,1.68979,1.37696
-2.75063,3.16418,1.68652,1.32091
-2.73622,3.15071,1.68326,1.26486
-2.72181,3.13723,1.67999,1.20881
-2.70739,3.12376,1.67672,1.15276
-2.69298,3.11029,1.67345,1.09671
-2.67856,3.09681,1.67018,1.04066
-2.66415,3.08334,1.66691,0.984609
-2.64974,3.06986,1.66364,0.928558
-2.63532,3.05639,1.66037,0.872508
-2.62091,3.04291,1.6571,0.816457
-2.6065,3.02944,1.65383,0.760407
-2.59208,3.01597,1.65057,0.704357
-2.57767,3.00249,1.6473,0.648306
-2.56325,2.98902,1.64403,0.592256
-2.58175,2.98799,1.65157,0.614633
-2.60025,2.98697,1.65911,0.63701
-2.61874,2.98595,1.66665,0.659386
-2.63724,2.98492,1.67419,0.681763
-2.65573,2.9839,1.68173,0.70414
-2.67423,2.98288,1.68927,0.726517
-2.69273,2.98185,1.69681,0.748894
-2.71122,2.98083,1.70435,0.771271
-2.72972,2.97981,1.71189,0.793647
-2.74821,2.97878,1.71943,0.816024
-2.76671,2.97776,1.72697,0.838401
-2.78521,2.97674,1.73451,0.860778
-2.8037,2.97571,1.74205,0.883155
-2.8222,2.97469,1.74959,0.905532
-2.84069,2.97367,1.75713,0.927908
-2.85919,2.97264,1.76467,0.950285
-2.87769,2.97162,1.77221,0.972662
-2.89618,2.9706,1.77975,0.995039
-2.91468,2.96957,1.78729,1.01742
-2.93317,2.96855,1.79483,1.03979
-2.95167,2.96753,1.80237,1.06217
-2.97017,2.96651,1.80991,1.08455
-2.98866,2.96548,1.81745,1.10692
-3.00716,2.96446,1.82499,1.1293
-3.02565,2.96344,1.83253,1.15168
-3.04415,2.96241,1.84007,1.17405
-3.06265,2.96139,1.84761,1.19643
-3.08114,2.96037,1.85515,1.21881
-3.09964,2.95934,1.86269,1.24118
-3.11813,2.95832,1.87023,1.26356
-3.13663,2.9573,1.87777,1.28594
-3.15513,2.95627,1.88531,1.30831
-3.17362,2.95525,1.89285,1.33069
-3.19212,2.95423,1.90039,1.35307
-3.21061,2.9532,1.90793,1.37544
-3.22911,2.95218,1.91547,1.39782
-3.24761,2.95116,1.92301,1.4202
-3.2661,2.95013,1.93055,1.44258
-3.2846,2.94911,1.93809,1.46495
-3.30309,2.94809,1.94563,1.48733
-3.32159,2.94706,1.95317,1.50971
-3.34008,2.94604,1.96071,1.53208
-3.35858,2.94502,1.96825,1.55446
-3.37708,2.94399,1.97579,1.57684
-3.39557,2.94297,1.98333,1.59921
-3.41407,2.94195,1.99087,1.62159
-3.43256,2.94092,1.99841,1.64397
-3.45106,2.9399,2.00595,1.66634
-3.46956,2.93888,2.01349,1.68872
-3.48805,2.93785,2.02103,1.7111
-3.46828,2.93591,2.02332,1.68079
-3.44851,2.93396,2.02561,1.65048
-3.42873,2.93201,2.0279,1.62017
-3.40896,2.93006,2.03019,1.58986
-3.38919,2.92812,2.03249,1.55955
-3.36942,2.92617,2.03478,1.52924
-3.34964,2.92422,2.03707,1.49893
-3.32987,2.92228,2.03936,1.46862
-3.3101,2.92033,2.04165,1.43831
-3.29033,2.91838,2.04394,1.408
-3.27055,2.91643,2.04623,1.37769
-3.25078,2.91449,2.04853,1.34738
-3.23101,2.91254,2.05082,1.31707
-3.21124,2.91059,2.05311,1.28676
-3.19146,2.90865,2.0554,1.25645
-3.17169,2.9067,2.05769,1.22614
-3.15192,2.90475,2.05998,1.19583
-3.13214,2.90281,2.06228,1.16552
-3.11237,2.90086,2.06457,1.1352
-3.0926,2.89891,2.06686,1.10489
-3.07283,2.89696,2.06915,1.07458
-3.05305,2.89502,2.07144,1.04427
-3.03328,2.89307,2.07373,1.01396
-3.01351,2.89112,2.07602,0.983654
-2.99374,2.88918,2.07832,0.953344
-2.97396,2.88723,2.08061,0.923034
-2.95419,2.88528,2.0829,0.892724
-2.93442,2.88333,2.08519,0.862414
-2.91465,2.88139,2.08748,0.832104
-2.89487,2.87944,2.08977,0.801793
-2.8751,2.87749,2.09206,0.771483
-2.85533,2.87555,2.09436,0.741173
-2.83555,2.8736,2.09665,0.710863
-2.81578,2.87165,2.09894,0.680553
-2.79601,2.8697,2.10123,0.650243
-2.77624,2.86776,2.10352,0.619933
-2.75646,2.86581,2.10581,0.589622
-2.73669,2.86386,2.1081,0.559312
-2.71692,2.86192,2.1104,0.529002
-2.69715,2.85997,2.11269,0.498692
-2.67737,2.85802,2.11498,0.468382
-2.6576,2.85607,2.11727,0.438072
-2.63783,2.85413,2.11956,0.407762
-2.61806,2.85218,2.12185,0.377452
-2.59828,2.85023,2.12414,0.347141
-2.57851,2.84829,2.12644,0.316831
-2.55874,2.84634,2.12873,0.286521
-2.53897,2.84439,2.13102,0.256211
-2.51919,2.84244,2.13331,0.225901
-2.49942,2.8405,2.1356,0.195591
-2.51161,2.85621,2.13349,0.18451
-2.52381,2.87192,2.13138,0.173429
-2.536,2.88763,2.12927,0.162348
-2.5482,2.90334,2.12715,0.151267
-2.56039,2.91905,2.12504,0.140187
-2.57259,2.93476,2.12293,0.129106
-2.58478,2.95047,2.12082,0.118025
-2.59698,2.96618,2.11871,0.106944
-2.60917,2.98189,2.11659,0.0958633
-2.62137,2.9976,2.11448,0.0847824
-2.63356,3.01331,2.11237,0.0737016
-2.64576,3.02903,2.11026,0.0626208
-2.65795,3.04474,2.10815,0.0515399
-2.67015,3.06045,2.10604,0.0404591
-2.68234,3.07616,2.10392,0.0293783
-2.69454,3.09187,2.10181,0.0182975
-2.70673,3.10758,2.0997,0.00721664
-2.71893,3.12329,2.09759,-0.00386419
-2.73112,3.139,2.09548,-0.014945
-2.74332,3.15471,2.09336,-0.0260258
-2.75551,3.17042,2.09125,-0.0371067
-2.76771,3.18613,2.08914,-0.0481875
-2.7799,3.20184,2.08703,-0.0592683
-2.7921,3.21755,2.08492,-0.0703491
-2.80429,3.23326,2.08281,-0.08143
-2.81649,3.24897,2.08069,-0.0925108
-2.82868,3.26469,2.07858,-0.103592
-2.84088,3.2804,2.07647,-0.114672
-2.85307,3.29611,2.07436,-0.125753
-2.86527,3.31182,2.07225,-0.136834
-2.87746,3.32753,2.07013,-0.147915
-2.88966,3.34324,2.06802,-0.158996
-2.90185,3.35895,2.06591,-0.170077
-2.91405,3.37466,2.0638,-0.181157
-2.92624,3.39037,2.06169,-0.192238
-2.93844,3.40608,2.05958,-0.203319
-2.95063,3.42179,2.05746,-0.2144
-2.96282,3.4375,2.05535,-0.225481
-2.97502,3.45321,2.05324,-0.236562
-2.98721,3.46892,2.05113,-0.247642
-2.99941,3.48464,2.04902,-0.258723
-3.0116,3.50035,2.0469,-0.269804
-3.0238,3.51606,2.04479,-0.280885
-3.03599,3.53177,2.04268,-0.291966
-3.04819,3.54748,2.04057,-0.303047
-3.06038,3.56319,2.03846,-0.314127
-3.07258,3.5789,2.03635,-0.325208
-3.08477,3.59461,2.03423,-0.336289
-3.09697,3.61032,2.03212,-0.34737
-3.10916,3.62603,2.03001,-0.358451
-3.10952,3.60618,2.03238,-0.376487
-3.10987,3.58632,2.03476,-0.394524
-3.11023,3.56646,2.03713,-0.412561
-3.11058,3.54661,2.0395,-0.430598
-3.11094,3.52675,2.04188,-0.448634
-3.11129,3.5069,2.04425,-0.466671
-3.11165,3.48704,2.04663,-0.484708
-3.11201,3.46719,2.049,-0.502744
-3.11236,3.44733,2.05137,-0.520781
-3.11272,3.42748,2.05375,-0.538818
-3.11307,3.40762,2.05612,-0.556855
-3.11343,3.38777,2.05849,-0.574891
-3.11378,3.36791,2.06087,-0.592928
-3.11414,3.34805,2.06324,-0.610965
-3.11449,3.3282,2.06561,-0.629002
-3.11485,3.30834,2.06799,-0.647038
-3.1152,3.28849,2.07036,-0.665075
-3.11556,3.26863,2.07273,-0.683112
-3.11591,3.24878,2.07511,-0.701148
-3.11627,3.22892,2.07748,-0.719185
-3.11662,3.20907,2.07986,-0.737222
-3.11698,3.18921,2.08223,-0.755259
-3.11733,3.16936,2.0846,-0.773295
-3.11769,3.1495,2.08698,-0.791332
-3.11804,3.12964,2.08935,-0.809369
-3.1184,3.10979,2.09172,-0.827406
-3.11876,3.08993,2.0941,-0.845442
-3.11911,3.07008,2.09647,-0.863479
-3.11947,3.05022,2.09884,-0.881516
-3.11982,3.03037,2.10122,-0.899552
-3.12018,3.01051,2.10359,-0.917589
-3.12053,2.99066,2.10596,-0.935626
-3.12089,2.9708,2.10834,-0.953663
-3.12124,2.95094,2.11071,-0.971699
-3.1216,2.93109,2.11309,-0.989736
-3.12195,2.91123,2.11546,-1.00777
-3.12231,2.89138,2.11783,-1.02581
-3.12266,2.87152,2.12021,-1.04385
-3.12302,2.85167,2.12258,-1.06188
-3.12337,2.83181,2.12495,-1.07992
-3.12373,2.81196,2.12733,-1.09796
-3.12408,2.7921,2.1297,-1.11599
-3.12444,2.77225,2.13207,-1.13403
-3.12479,2.75239,2.13445,-1.15207
-3.12515,2.73253,2.13682,-1.1701
-3.12551,2.71268,2.13919,-1.18814
-3.12586,2.69282,2.14157,-1.20618
-3.12622,2.67297,2.14394,-1.22421
-3.12657,2.65311,2.14632,-1.24225
-3.12693,2.63326,2.14869,-1.26029
-3.13496,2.65048,2.14247,-1.2478
-3.14299,2.66771,2.13624,-1.23532
-3.15103,2.68494,2.13002,-1.22283
-3.15906,2.70216,2.1238,-1.21035
-3.16709,2.71939,2.11757,-1.19787
-3.17513,2.73661,2.11135,-1.18538
-3.18316,2.75384,2.10513,-1.1729
-3.19119,2.77107,2.0989,-1.16041
-3.19923,2.78829,2.09268,-1.14793
-3.20726,2.80552,2.08646,-1.13544
-3.21529,2.82274,2.08023,-1.12296
-3.22333,2.83997,2.07401,-1.11047
-3.23136,2.8572,2.06779,-1.09799
-3.23939,2.87442,2.06156,-1.08551
-3.24742,2.89165,2.05534,-1.07302
-3.25546,2.90887,2.04912,-1.06054
-3.26349,2.9261,2.04289,-1.04805
-3.27152,2.94333,2.03667,-1.03557
-3.27956,2.96055,2.03045,-1.02308
-3.28759,2.97778,2.02422,-1.0106
-3.29562,2.995,2.018,-0.998115
-3.30366,3.01223,2.01178,-0.985631
-3.31169,3.02946,2.00555,-0.973146
-3.31972,3.04668,1.99933,-0.960662
-3.32776,3.06391,1.99311,-0.948178
-3.33579,3.08113,1.98688,-0.935693
-3.34382,3.09836,1.98066,-0.923209
-3.35186,3.11559,1.97444,-0.910724
-3.35989,3.13281,1.96821,-0.89824
-3.36792,3.15004,1.96199,-0.885756
-3.37596,3.16726,1.95577,-0.873271
-3.38399,3.18449,1.94954,-0.860787
-3.39202,3.20172,1.94332,-0.848303
-3.40006,3.21894,1.9371,-0.835818
-3.40809,3.23617,1.93087,-0.823334
-3.41612,3.2534,1.92465,-0.810849
-3.42416,3.27062,1.91843,-0.798365
-3.43219,3.28785,1.9122,-0.785881
-3.44022,3.30507,1.90598,-0.773396
-3.44826,3.3223,1.89976,-0.760912
-3.45629,3.33953,1.89353,-0.748428
-3.46432,3.35675,1.88731,-0.735943
-3.47236,3.37398,1.88109,-0.723459
-3.48039,3.3912,1.87486,-0.710974
-3.48842,3.40843,1.86864,-0.69849
-3.49646,3.42566,1.86241,-0.686006
-3.50449,3.44288,1.85619,-0.673521
-3.51252,3.46011,1.84997,-0.661037
-3.52056,3.47733,1.84374,-0.648552
-3.52859,3.49456,1.83752,-0.636068
-3.51151,3.48445,1.83505,-0.696623
-3.49443,3.47435,1.83258,-0.757178
-3.47734,3.46424,1.83011,-0.817732
-3.46026,3.45414,1.82764,-0.878287
-3.44318,3.44403,1.82517,-0.938842
-3.4261,3.43393,1.8227,-0.999397
-3.40902,3.42382,1.82023,-1.05995
-3.39194,3.41371,1.81776,-1.12051
-3.37486,3.40361,1.81529,-1.18106
-3.35778,3.3935,1.81281,-1.24162
-3.3407,3.3834,1.81034,-1.30217
-3.32361,3.37329,1.80787,-1.36273
-3.30653,3.36318,1.8054,-1.42328
-3.28945,3.35308,1.80293,-1.48384
-3.27237,3.34297,1.80046,-1.54439
-3.25529,3.33287,1.79799,-1.60494
-3.23821,3.32276,1.79552,-1.6655
-3.22113,3.31266,1.79305,-1.72605
-3.20405,3.30255,1.79058,-1.78661
-3.18696,3.29244,1.78811,-1.84716
-3.16988,3.28234,1.78564,-1.90772
-3.1528,3.27223,1.78317,-1.96827
-3.13572,3.26213,1.7807,-2.02883
-3.11864,3.25202,1.77823,-2.08938
-3.10156,3.24191,1.77575,-2.14994
-3.08448,3.23181,1.77328,-2.21049
-3.0674,3.2217,1.77081,-2.27105
-3.05031,3.2116,1.76834,-2.3316
-3.03323,3.20149,1.76587,-2.39216
-3.01615,3.19139,1.7634,-2.45271
-2.99907,3.18128,1.76093,-2.51327
-2.98199,3.17117,1.75846,-2.57382
-2.96491,3.16107,1.75599,-2.63438
-2.94783,3.15096,1.75352,-2.69493
-2.93075,3.14086,1.75105,-2.75549
-2.91366,3.13075,1.74858,-2.81604
-2.89658,3.12064,1.74611,-2.8766
-2.8795,3.11054,1.74364,-2.93715
-2.86242,3.10043,1.74117,-2.9977
-2.84534,3.09033,1.73869,-3.05826
-2.82826,3.08022,1.73622,-3.11881
-2.81118,3.07012,1.73375,3.10382
-2.7941,3.06001,1.73128,3.04326
-2.77701,3.0499,1.72881,2.98271
-2.75993,3.0398,1.72634,2.92215
-2.74285,3.02969,1.72387,2.8616
-2.72577,3.01959,1.7214,2.80104
-2.70869,3.00948,1.71893,2.74049
-2.69161,2.99937,1.71646,2.67993
-2.67453,2.98927,1.71399,2.61938
-2.68967,2.97719,1.70903,2.59524
-2.70482,2.9651,1.70408,2.5711
-2.71997,2.95302,1.69912,2.54696
-2.73512,2.94094,1.69417,2.52282
-2.75026,2.92885,1.68921,2.49868
-2.76541,2.91677,1.68425,2.47454
-2.78056,2.90469,1.6793,2.4504
-2.79571,2.8926,1.67434,2.42626
-2.81085,2.88052,1.66939,2.40212
-2.826,2.86844,1.66443,2.37798
-2.84115,2.85635,1.65948,2.35384
-2.85629,2.84427,1.65452,2.3297
-2.87144,2.83219,1.64957,2.30556
-2.88659,2.8201,1.64461,2.28142
-2.90174,2.80802,1.63966,2.25727
-2.91688,2.79594,1.6347,2.23313
-2.93203,2.78385,1.62974,2.20899
-2.94718,2.77177,1.62479,2.18485
-2.96232,2.75969,1.61983,2.16071
-2.97747,2.7476,1.61488,2.13657
-2.99262,2.73552,1.60992,2.11243
-3.00777,2.72344,1.60497,2.08829
-3.02291,2.71135,1.60001,2.06415
-3.03806,2.69927,1.59506,2.04001
-3.05321,2.68719,1.5901,2.01587
-3.06836,2.6751,1.58515,1.99173
-3.0835,2.66302,1.58019,1.96759
-3.09865,2.65094,1.57523,1.94345
-3.1138,2.63886,1.57028,1.91931
-3.12894,2.62677,1.56532,1.89517
-3.14409,2.61469,1.56037,1.87103
-3.15924,2.60261,1.55541,1.84689
-3.17439,2.59052,1.55046,1.82275
-3.18953,2.57844,1.5455,1.79861
-3.20468,2.56636,1.54055,1.77447
-3.21983,2.55427,1.53559,1.75033
-3.23497,2.54219,1.53063,1.72619
-3.25012,2.53011,1.52568,1.70205
-3.26527,2.51802,1.52072,1.67791
-3.28042,2.50594,1.51577,1.65377
-3.29556,2.49386,1.51081,1.62963
-3.31071,2.48177,1.50586,1.60549
-3.32586,2.46969,1.5009,1.58135
-3.34101,2.45761,1.49595,1.55721
-3.35615,2.44552,1.49099,1.53307
-3.3713,2.43344,1.48604,1.50893
-3.38645,2.42136,1.48108,1.48479
-3.40159,2.40927,1.47612,1.46065
-3.41674,2.39719,1.47117,1.43651
-3.43189,2.38511,1.46621,1.41237
-3.42835,2.40445,1.46254,1.47135
-3.42481,2.42379,1.45888,1.53033
-3.42126,2.44312,1.45521,1.58931
-3.41772,2.46246,1.45154,1.64828
-3.41418,2.4818,1.44787,1.70726
-3.41064,2.50114,1.4442,1.76624
-3.4071,2.52048,1.44053,1.82522
-3.40356,2.53982,1.43686,1.8842
-3.40002,2.55916,1.43319,1.94318
-3.39648,2.5785,1.42952,2.00216
-3.39294,2.59784,1.42586,2.06114
-3.38939,2.61718,1.42219,2.12012
-3.38585,2.63651,1.41852,2.1791
-3.38231,2.65585,1.41485,2.23808
-3.37877,2.67519,1.41118,2.29706
-3.37523,2.69453,1.40751,2.35603
-3.37169,2.71387,1.40384,2.41501
-3.36815,2.73321,1.40017,2.47399
-3.36461,2.75255,1.3965,2.53297
-3.36106,2.77189,1.39283,2.59195
-3.35752,2.79123,1.38917,2.65093
-3.35398,2.81057,1.3855,2.70991
-3.35044,2.82991,1.38183,2.76889
-3.3469,2.84924,1.37816,2.82787
-3.34336,2.86858,1.37449,2.88685
-3.33982,2.88792,1.37082,2.94583
-3.33628,2.90726,1.36715,3.0048
-3.33273,2.9266,1.36348,3.06378
-3.32919,2.94594,1.35981,3.12276
-3.32565,2.96528,1.35615,-3.10144
-3.32211,2.98462,1.35248,-3.04246
-3.31857,3.00396,1.34881,-2.98348
-3.31503,3.0233,1.34514,-2.92451
-3.31149,3.04263,1.34147,-2.86553
-3.30795,3.06197,1.3378,-2.80655
-3.30441,3.08131,1.33413,-2.74757
-3.30086,3.10065,1.33046,-2.68859
-3.29732,3.11999,1.32679,-2.62961
-3.29378,3.13933,1.32313,-2.57063
-3.29024,3.15867,1.31946,-2.51165
-3.2867,3.17801,1.31579,-2.45267
-3.28316,3.19735,1.31212,-2.39369
-3.27962,3.21669,1.30845,-2.33471
-3.27608,3.23603,1.30478,-2.27573
-3.27253,3.25536,1.30111,-2.21676
-3.26899,3.2747,1.29744,-2.15778
-3.26545,3.29404,1.29377,-2.0988
-3.26191,3.31338,1.2901,-2.03982
-3.25837,3.33272,1.28644,-1.98084
-3.25483,3.35206,1.28277,-1.92186
-3.23815,3.343,1.28908,-1.87661
-3.22148,3.33395,1.2954,-1.83137
-3.2048,3.32489,1.30171,-1.78612
-3.18812,3.31583,1.30803,-1.74088
-3.17145,3.30678,1.31435,-1.69563
-3.15477,3.29772,1.32066,-1.65039
-3.13809,3.28867,1.32698,-1.60514
-3.12142,3.27961,1.33329,-1.55989
-3.10474,3.27055,1.33961,-1.51465
-3.08807,3.2615,1.34592,-1.4694
-3.07139,3.25244,1.35224,-1.42416
-3.05471,3.24339,1.35855,-1.37891
-3.03804,3.23433,1.36487,-1.33367
-3.02136,3.22527,1.37119,-1.28842
-3.00468,3.21622,1.3775,-1.24318
-2.98801,3.20716,1.38382,-1.19793
-2.97133,3.19811,1.39013,-1.15268
-2.95465,3.18905,1.39645,-1.10744
-2.93798,3.17999,1.40276,-1.06219
-2.9213,3.17094,1.40908,-1.01695
-2.90463,3.16188,1.4154,-0.971701
-2.88795,3.15282,1.42171,-0.926456
-2.87127,3.14377,1.42803,-0.88121
-2.8546,3.13471,1.43434,-0.835964
-2.83792,3.12566,1.44066,-0.790719
-2.82124,3.1166,1.44697,-0.745473
-2.80457,3.10754,1.45329,-0.700227
-2.78789,3.09849,1.4596,-0.654982
-2.77122,3.08943,1.46592,-0.609736
-2.75454,3.08038,1.47224,-0.56449
-2.73786,3.07132,1.47855,-0.519245
-2.72119,3.06226,1.48487,-0.473999
-2.70451,3.05321,1.49118,-0.428753
-2.68783,3.04415,1.4975,-0.383508
-2.67116,3.03509,1.50381,-0.338262
-2.65448,3.02604,1.51013,-0.293016
-2.63781,3.01698,1.51645,-0.247771
-2.62113,3.00793,1.52276,-0.202525
-2.60445,2.99887,1.52908,-0.157279
-2.58778,2.98981,1.53539,-0.112034
-2.5711,2.98076,1.54171,-0.066788
-2.55442,2.9717,1.54802,-0.0215424
-2.53775,2.96265,1.55434,0.0237033
-2.52107,2.95359,1.56065,0.068949
-2.50439,2.94453,1.56697,0.114195
-2.48772,2.93548,1.57329,0.15944
-2.47104,2.92642,1.5796,0.204686
-2.45437,2.91736,1.58592,0.249932
-2.43769,2.90831,1.59223,0.295177
-2.42101,2.89925,1.59855,0.340423
-2.43523,2.91019,1.5897,0.282599
-2.44944,2.92112,1.58085,0.224775
-2.46366,2.93206,1.572,0.166951
-2.47787,2.943,1.56314,0.109127
-2.49209,2.95393,1.55429,0.0513028
-2.5063,2.96487,1.54544,-0.00652125
-2.52052,2.9758,1.53659,-0.0643453
-2.53473,2.98674,1.52774,-0.122169
-2.54895,2.99768,1.51889,-0.179993
-2.56316,3.00861,1.51004,-0.237817
-2.57738,3.01955,1.50119,-0.295641
-2.59159,3.03048,1.49234,-0.353465
-2.60581,3.04142,1.48349,-0.411289
-2.62002,3.05235,1.47464,-0.469113
-2.63424,3.06329,1.46578,-0.526937
-2.64845,3.07423,1.45693,-0.584762
-2.66267,3.08516,1.44808,-0.642586
-2.67688,3.0961,1.43923,-0.70041
-2.6911,3.10703,1.43038,-0.758234
-2.70531,3.11797,1.42153,-0.816058
-2.71953,3.12891,1.41268,-0.873882
-2.73374,3.13984,1.40383,-0.931706
-2.74796,3.15078,1.39498,-0.98953
-2.76217,3.16171,1.38613,-1.04735
-2.77639,3.17265,1.37728,-1.10518
-2.7906,3.18359,1.36842,-1.163
-2.80482,3.19452,1.35957,-1.22083
-2.81903,3.20546,1.35072,-1.27865
-2.83325,3.21639,1.34187,-1.33647
-2.84746,3.22733,1.33302,-1.3943
-2.86168,3.23826,1.32417,-1.45212
-2.87589,3.2492,1.31532,-1.50995
-2.89011,3.26014,1.30647,-1.56777
-2.90432,3.27107,1.29762,-1.62559
-2.91854,3.28201,1.28877,-1.68342
-2.93275,3.29294,1.27992,-1.74124
-2.94697,3.30388,1.27106,-1.79907
-2.96118,3.31482,1.26221,-1.85689
-2.9754,3.32575,1.25336,-1.91471
-2.98961,3.33669,1.24451,-1.97254
-3.00383,3.34762,1.23566,-2.03036
-3.01804,3.35856,1.22681,-2.08819
-3.03226,3.3695,1.21796,-2.14601
-3.04648,3.38043,1.20911,-2.20383
-3.06069,3.39137,1.20026,-2.26166
-3.07491,3.4023,1.19141,-2.31948
-3.08912,3.41324,1.18255,-2.37731
-3.10334,3.42418,1.1737,-2.43513
-3.11755,3.43511,1.16485,-2.49295
-3.13177,3.44605,1.156,-2.55078
-3.13339,3.42641,1.15943,-2.52075
-3.13502,3.40677,1.16286,-2.49073
-3.13665,3.38714,1.16628,-2.4607
-3.13828,3.3675,1.16971,-2.43067
-3.1399,3.34786,1.17314,-2.40065
-3.14153,3.32823,1.17657,-2.37062
-3.14316,3.30859,1.18,-2.34059
-3.14479,3.28895,1.18342,-2.31057
-3.14641,3.26932,1.18685,-2.28054
-3.14804,3.24968,1.19028,-2.25051
-3.14967,3.23004,1.19371,-2.22049
-3.1513,3.21041,1.19713,-2.19046
-3.15292,3.19077,1.20056,-2.16043
-3.15455,3.17113,1.20399,-2.13041
-3.15618,3.1515,1.20742,-2.10038
-3.15781,3.13186,1.21084,-2.07035
-3.15943,3.11222,1.21427,-2.04033
-3.16106,3.09259,1.2177,-2.0103
-3.16269,3.07295,1.22113,-1.98027
-3.16432,3.05331,1.22455,-1.95025
-3.16594,3.03367,1.22798,-1.92022
-3.16757,3.01404,1.23141,-1.89019
-3.1692,2.9944,1.23484,-1.86017
-3.17083,2.97476,1.23826,-1.83014
-3.17245,2.95513,1.24169,-1.80011
-3.17408,2.93549,1.24512,-1.77009
-3.17571,2.91585,1.24855,-1.74006
-3.17734,2.89622,1.25198,-1.71003
-3.17896,2.87658,1.2554,-1.68001
-3.18059,2.85694,1.25883,-1.64998
-3.18222,2.83731,1.26226,-1.61995
-3.18385,2.81767,1.26569,-1.58993
-3.18547,2.79803,1.26911,-1.5599
-3.1871,2.7784,1.27254,-1.52987
-3.18873,2.75876,1.27597,-1.49985
-3.19036,2.73912,1.2794,-1.46982
-3.19198,2.71949,1.28282,-1.43979
-3.19361,2.69985,1.28625,-1.40977
-3.19524,2.68021,1.28968,-1.37974
-3.19687,2.66058,1.29311,-1.34971
-3.19849,2.64094,1.29653,-1.31969
-3.20012,2.6213,1.29996,-1.28966
-3.20175,2.60167,1.30339,-1.25963
-3.20338,2.58203,1.30682,-1.22961
-3.205,2.56239,1.31024,-1.19958
-3.20663,2.54276,1.31367,-1.16955
-3.20826,2.52312,1.3171,-1.13953
-3.20989,2.50348,1.32053,-1.1095
-3.21151,2.48385,1.32396,-1.07947
-3.21314,2.46421,1.32738,-1.04945
-3.21049,2.47017,1.33773,-1.12688
-3.20783,2.47612,1.34808,-1.20431
-3.20518,2.48208,1.35843,-1.28174
-3.20252,2.48803,1.36877,-1.35917
-3.19987,2.49399,1.37912,-1.4366
-3.19721,2.49995,1.38947,-1.51403
-3.19456,2.5059,1.39982,-1.59146
-3.1919,2.51186,1.41017,-1.66889
-3.18925,2.51782,1.42051,-1.74633
-3.18659,2.52377,1.43086,-1.82376
-3.18394,2.52973,1.44121,-1.90119
-3.18128,2.53569,1.45156,-1.97862
-3.17863,2.54164,1.46191,-2.05605
-3.17597,2.5476,1.47225,-2.13348
-3.17332,2.55356,1.4826,-2.21091
-3.17067,2.55951,1.49295,-2.28834
-3.16801,2.56547,1.5033,-2.36577
-3.16536,2.57143,1.51365,-2.4432
-3.1627,2.57738,1.52399,-2.52063
-3.16005,2.58334,1.53434,-2.59807
-3.15739,2.5893,1.54469,-2.6755
-3.15474,2.59525,1.55504,-2.75293
-3.15208,2.60121,1.56539,-2.83036
-3.14943,2.60717,1.57573,-2.90779
-3.14677,2.61312,1.58608,-2.98522
-3.14412,2.61908,1.59643,-3.06265
-3.14146,2.62503,1.60678,-3.14008
-3.13881,2.63099,1.61712,3.06567
-3.13615,2.63695,1.62747,2.98824
-3.1335,2.6429,1.63782,2.91081
-3.13084,2.64886,1.64817,2.83338
-3.12819,2.65482,1.65852,2.75595
-3.12553,2.66077,1.66886,2.67852
-3.12288,2.66673,1.67921,2.60109
-3.12022,2.67269,1.68956,2.52366
-3.11757,2.67864,1.69991,2.44622
-3.11491,2.6846,1.71026,2.36879
-3.11226,2.69056,1.7206,2.29136
-3.10961,2.69651,1.73095,2.21393
-3.10695,2.70247,1.7413,2.1365
-3.09827,2.71654,1.73005,2.13087
-3.08958,2.73061,1.71879,2.12524
-3.0809,2.74468,1.70754,2.11961
-3.07221,2.75875,1.69629,2.11398
-3.06353,2.77282,1.68504,2.10836
-3.05484,2.78689,1.67378,2.10273
-3.04616,2.80096,1.66253,2.0971
-3.03748,2.81503,1.65128,2.09147
-3.02879,2.8291,1.64003,2.08584
-3.02011,2.84317,1.62877,2.08021
-3.01142,2.85724,1.61752,2.07458
-3.00274,2.87131,1.60627,2.06895
-2.99405,2.88538,1.59502,2.06332
-2.98537,2.89945,1.58376,2.05769
-2.97669,2.91352,1.57251,2.05206
-2.968,2.92759,1.56126,2.04643
-2.95932,2.94166,1.55001,2.04081
-2.95063,2.95573,1.53875,2.03518
-2.94195,2.9698,1.5275,2.02955
-2.93326,2.98387,1.51625,2.02392
-2.92458,2.99794,1.50499,2.01829
-2.9159,3.01201,1.49374,2.01266
-2.90721,3.02608,1.48249,2.00703
-2.89853,3.04015,1.47124,2.0014
-2.88984,3.05422,1.45998,1.99577
-2.88116,3.06829,1.44873,1.99014
-2.87247,3.08236,1.43748,1.98451
-2.86379,3.09643,1.42623,1.97888
-2.8551,3.1105,1.41497,1.97325
-2.84642,3.12457,1.40372,1.96763
-2.83774,3.13864,1.39247,1.962
-2.82905,3.15271,1.38122,1.95637
-2.82037,3.16678,1.36996,1.95074
-2.81168,3.18084,1.35871,1.94511
-2.803,3.19491,1.34746,1.93948
-2.79431,3.20898,1.33621,1.93385
-2.78563,3.22305,1.32495,1.92822
-2.77695,3.23712,1.3137,1.92259
-2.76826,3.25119,1.30245,1.91696
-2.75958,3.26526,1.29119,1.91133
-2.75089,3.27933,1.27994,1.9057
-2.74221,3.2934,1.26869,1.90008
-2.73352,3.30747,1.25744,1.89445
-2.72484,3.32154,1.24618,1.88882
-2.71616,3.33561,1.23493,1.88319
-2.70747,3.34968,1.22368,1.87756
-2.69879,3.36375,1.21243,1.87193
-2.6901,3.37782,1.20117,1.8663
-2.68142,3.39189,1.18992,1.86067
-2.67273,3.40596,1.17867,1.85504
-2.66073,3.39005,1.17703,1.87654
-2.64872,3.37414,1.17538,1.89803
-2.63671,3.35823,1.17374,1.91953
-2.62471,3.34232,1.1721,1.94103
-2.6127,3.32641,1.17045,1.96252
-2.60069,3.3105,1.16881,1.98402
-2.58869,3.29459,1.16717,2.00552
-2.57668,3.27868,1.16552,2.02701
-2.56468,3.26277,1.16388,2.04851
-2.55267,3.24686,1.16224,2.07001
-2.54066,3.23095,1.16059,2.0915
-2.52866,3.21504,1.15895,2.113
-2.51665,3.19913,1.15731,2.13449
-2.50464,3.18322,1.15566,2.15599
-2.49264,3.16731,1.15402,2.17749
-2.48063,3.1514,1.15238,2.19898
-2.46862,3.13548,1.15073,2.22048
-2.45662,3.11957,1.14909,2.24198
-2.44461,3.10366,1.14745,2.26347
-2.4326,3.08775,1.1458,2.28497
-2.4206,3.07184,1.14416,2.30646
-2.40859,3.05593,1.14252,2.32796
-2.39658,3.04002,1.14087,2.34946
-2.38458,3.02411,1.13923,2.37095
-2.37257,3.0082,1.13759,2.39245
-2.36056,2.99229,1.13594,2.41395
-2.34856,2.97638,1.1343,2.43544
-2.33655,2.96047,1.13266,2.45694
-2.32454,2.94456,1.13101,2.47844
-2.31254,2.92865,1.12937,2.49993
-2.30053,2.91274,1.12773,2.52143
-2.28852,2.89683,1.12608,2.54292
-2.27652,2.88092,1.12444,2.56442
-2.26451,2.86501,1.1228,2.58592
-2.2525,2.8491,1.12116,2.60741
-2.2405,2.83319,1.11951,2.62891
-2.22849,2.81728,1.11787,2.65041
-2.21648,2.80137,1.11623,2.6719
-2.20448,2.78546,1.11458,2.6934
-2.19247,2.76954,1.11294,2.71489
-2.18047,2.75363,1.1113,2.73639
-2.16846,2.73772,1.10965,2.75789
-2.15645,2.72181,1.10801,2.77938
-2.14445,2.7059,1.10637,2.80088
-2.13244,2.68999,1.10472,2.82238
-2.12043,2.67408,1.10308,2.84387
-2.10843,2.65817,1.10144,2.86537
-2.09642,2.64226,1.09979,2.88687
-2.08441,2.62635,1.09815,2.90836
-2.07241,2.61044,1.09651,2.92986
-2.09076,2.61815,1.0946,2.92398
-2.10912,2.62586,1.09269,2.9181
-2.12747,2.63357,1.09078,2.91222
-2.14583,2.64128,1.08887,2.90634
-2.16418,2.64898,1.08696,2.90046
-2.18254,2.65669,1.08505,2.89458
-2.2009,2.6644,1.08314,2.88871
-2.21925,2.67211,1.08123,2.88283
-2.23761,2.67982,1.07932,2.87695
-2.25596,2.68753,1.07741,2.87107
-2.27432,2.69524,1.0755,2.86519
-2.29267,2.70295,1.07359,2.85931
-2.31103,2.71065,1.07168,2.85343
-2.32938,2.71836,1.06977,2.84755
-2.34774,2.72607,1.06786,2.84167
-2.3661,2.73378,1.06595,2.8358
-2.38445,2.74149,1.06404,2.82992
-2.40281,2.7492,1.06213,2.82404
-2.42116,2.75691,1.06022,2.81816
-2.43952,2.76462,1.05831,2.81228
-2.45787,2.77232,1.0564,2.8064
-2.47623,2.78003,1.05449,2.80052
-2.49458,2.78774,1.05258,2.79464
-2.51294,2.79545,1.05067,2.78876
-2.5313,2.80316,1.04876,2.78289
-2.54965,2.81087,1.04685,2.77701
-2.56801,2.81858,1.04494,2.77113
-2.58636,2.82629,1.04303,2.76525
-2.60472,2.83399,1.04112,2.75937
-2.62307,2.8417,1.03922,2.75349
-2.64143,2.84941,1.03731,2.74761
-2.65979,2.85712,1.0354,2.74173
-2.67814,2.86483,1.03349,2.73585
-2.6965,2.87254,1.03158,2.72998
-2.71485,2.88025,1.02967,2.7241
-2.73321,2.88796,1.02776,2.71822
-2.75156,2.89566,1.02585,2.71234
-2.76992,2.90337,1.02394,2.70646
-2.78827,2.91108,1.02203,2.70058
-2.80663,2.91879,1.02012,2.6947
-2.82499,2.9265,1.01821,2.68882
-2.84334,2.93421,1.0163,2.68294
-2.8617,2.94192,1.01439,2.67706
-2.88005,2.94963,1.01248,2.67119
-2.89841,2.95733,1.01057,2.66531
-2.91676,2.96504,1.00866,2.65943
-2.93512,2.97275,1.00675,2.65355
-2.95347,2.98046,1.00484,2.64767
-2.97183,2.98817,1.00293,2.64179
-2.99019,2.99588,1.00102,2.63591
-2.99092,2.99619,1.00094,2.55215
-2.99166,2.9965,1.00087,2.46838
-2.99239,2.99681,1.00079,2.38461
-2.99313,2.99711,1.00071,2.30085
-2.99387,2.99742,1.00064,2.21708
-2.9946,2.99773,1.00056,2.13332
-2.99534,2.99804,1.00048,2.04955
-2.99607,2.99835,1.00041,1.96579
-2.99681,2.99866,1.00033,1.88202
-2.99755,2.99897,1.00026,1.79825
-2.99828,2.99928,1.00018,1.71449
-2.99902,2.99959,1.0001,1.63072
-2.99975,2.9999,1.00003,1.54696
-3,3,1,1.51903
-3,3,1,1.37733
-3,3,1,1.23563
-3,3,1,1.09393
-3,3,1,0.952225
-3,3,1,0.810522
-3,3,1,0.66882
-3,3,1,0.527118
-3,3,1,0.385415
-3,3,1,0.243713
-3,3,1,0.102011
-3,3,1,-0.0396915
-3,3,1,-0.181394
-3,3,1,-0.323096
-3,3,1,-0.37033
-3,3,1,-0.476937
-3,3,1,-0.583544
-3,3,1,-0.690151
-3,3,1,-0.796757
-3,3,1,-0.903364
-3,3,1,-1.00997
-3,3,1,-1.11658
-3,3,1,-1.22318
-3,3,1,-1.32979
-3,3,1,-1.4364
-3,3,1,-1.543
-3,3,1,-1.64961
-3,3,1,-1.75622
-3,3,1,-1.79175
-3,3,1,-1.71083
-3,3,1,-1.6299
-3,3,1,-1.54897
-3,3,1,-1.46804
-3,3,1,-1.38711
-3,3,1,-1.30618
-3,3,1,-1.22526
-3,3,1,-1.14433
-3,3,1,-1.0634
-3,3,1,-0.982471
-3,3,1,-0.901542
-3,3,1,-0.820614
-3,3,1,-0.739686
-3,3,1,-0.71271
-3,3,1,-0.608062
-3,3,1,-0.503414
-3,3,1,-0.398766
-3,3,1,-0.294119
-3,3,1,-0.189471
-3,3,1,-0.0848232
-3,3,1,0.0198245
-3,3,1,0.124472
-3,3,1,0.22912
-3,3,1,0.333768
-3,3,1,0.438416
-3,3,1,0.543063
-3,3,1,0.647711
-3,3,1,0.752359
-3,3,1,0.857007
-3,3,1,0.961654
-3,3,1,1.0663
-3,3,1,1.17095
-3,3,1,1.2756
-3,3,1,1.38025
-3,3,1,1.48489
-3,3,1,1.58954
-3,3,1,1.69419
-3,3,1,1.79884
-3,3,1,1.90348
-3,3,1,2.00813
-3,3,1,2.0779
-3,3,1,1.93816
-3,3,1,1.79843
-3,3,1,1.65869
-3,3,1,1.51896
-3,3,1,1.37922
-3,3,1,1.23949
-3,3,1,1.09975
-3,3,1,0.96002
-3,3,1,0.820286
-3,3,1,0.680551
-3,3,1,0.540816
-3,3,1,0.401082
-3,3,1,0.261347
-3,3,1,0.214769
-3,3,1,0.294766
-3,3,1,0.374762
-3,3,1,0.454759
-3,3,1,0.534756
-3,3,1,0.614753
-3,3,1,0.69475
-3,3,1,0.774746
-3,3,1,0.854743
-3,3,1,0.93474
-3,3,1,1.01474
-3,3,1,1.09473
-3,3,1,1.17473
-3,3,1,1.25473
-3,3,1,1.33472
-3,3,1,1.41472
-3,3,1,1.49472
-3,3,1,1.57471
-3,3,1,1.65471
-3,3,1,1.73471
-3,3,1,1.8147
-3,3,1,1.8947
-3,3,1,1.9747
-3,3,1,2.05469
-3,3,1,2.13469
-3,3,1,2.21469
-3,3,1,2.29468
-3,3,1,2.34802
-3,3,1,2.41543
-3,3,1,2.29532
-3,3,1,2.17522
-3,3,1,2.05512
-3,3,1,1.93502
-3,3,1,1.81492
-3,3,1,1.69482
-3,3,1,1.57472
-3,3,1,1.45462
-3,3,1,1.33451
-3,3,1,1.21441
-3,3,1,1.09431
-3,3,1,0.97421
-3,3,1,0.854109
-3,3,1,0.814075
-3,3,1,0.0537784
-3,3,1,-0.0298798
-3,3,1,-0.113538
-3,3,1,-0.197196
-3,3,1,-0.280854
-3,3,1,-0.364513
-3,3,1,-0.448171
-3,3,1,-0.531829
-3,3,1,-0.615487
-3,3,1,-0.699145
-3,3,1,-0.782803
-3,3,1,-0.866462
-3,3,1,-0.95012
-3,3,1,-1.03378
-3,3,1,-1.11744
-3,3,1,-1.20109
-3,3,1,-1.28475
-3,3,1,-1.36841
-3,3,1,-1.45207
-3,3,1,-1.53573
-3,3,1,-1.61939
-3,3,1,-1.70304
-3,3,1,-1.7867
-3,3,1,-1.87036
-3,3,1,-1.95402
-3,3,1,-2.03768
-3,3,1,-2.12133
-3,3,1,-2.17711
-3,3,1,-2.08522
-3,3,1,-1.99334
-3,3,1,-1.90146
-3,3,1,-1.80957
-3,3,1,-1.71769
-3,3,1,-1.62581
-3,3,1,-1.53392
-3,3,1,-1.44204
-3,3,1,-1.35016
-3,3,1,-1.25827
-3,3,1,-1.16639
-3,3,1,-1.07451
-3,3,1,-0.982624
-3,3,1,-0.890741
-3,3,1,-0.798857
-3,3,1,-0.706974
-3,3,1,-0.615091
-3,3,1,-0.523207
-3,3,1,-0.431324
-3,3,1,-0.339441
-3,3,1,-0.247558
-3,3,1,-0.155674
-3,3,1,-0.063791
-3,3,1,0.0280922
-3,3,1,0.119976
-3,3,1,0.211859
-3,3,1,0.273114
-3,3,1,-0.307683
-3,3,1,-0.165306
-3,3,1,-0.0229295
-3,3,1,0.119447
-3,3,1,0.261824
-3,3,1,0.404201
-3,3,1,0.546578
-3,3,1,0.688955
-3,3,1,0.831332
-3,3,1,0.973709
-3,3,1,1.11609
-3,3,1,1.25846
-3,3,1,1.40084
-3,3,1,1.54322
-3,3,1,1.59068
-3,3,1,1.51211
-3,3,1,1.43354
-3,3,1,1.35497
-3,3,1,1.2764
-3,3,1,1.19783
-3,3,1,1.11926
-3,3,1,1.04069
-3,3,1,0.962121
-3,3,1,0.883552
-3,3,1,0.804982
-3,3,1,0.726413
-3,3,1,0.647844
-3,3,1,0.569274
-3,3,1,0.543085
-3,3,1,0.433386
-3,3,1,0.323687
-3,3,1,0.213988
-3,3,1,0.104289
-3,3,1,-0.00540933
-3,3,1,-0.115108
-3,3,1,-0.224807
-3,3,1,-0.334506
-3,3,1,-0.444205
-3,3,1,-0.553903
-3,3,1,-0.663602
-3,3,1,-0.773301
-3,3,1,-0.883
-3,3,1,-0.992698
-3,3,1,-1.1024
-3,3,1,-1.2121
-3,3,1,-1.32179
-3,3,1,-1.43149
-3,3,1,-1.54119
-3,3,1,-1.65089
-3,3,1,-1.76059
-3,3,1,-1.87029
-3,3,1,-1.97999
-3,3,1,-2.08969
-3,3,1,-2.19939
-3,3,1,-2.30908
-3,3,1,-2.38222
-3,3,1,-2.27338
-3,3,1,-2.16455
-3,3,1,-2.05572
-3,3,1,-1.94689
-3,3,1,-1.83806
-3,3,1,-1.72922
-3,3,1,-1.62039
-3,3,1,-1.51156
-3,3,1,-1.40273
-3,3,1,-1.2939
-3,3,1,-1.18506
-3,3,1,-1.07623
-3,3,1,-0.967399
-3,3,1,-0.858567
-3,3,1,-0.749735
-3,3,1,-0.640903
-3,3,1,-0.53207
-3,3,1,-0.423238
-3,3,1,-0.314406
-3,3,1,-0.205574
-3,3,1,-0.0967419
-3,3,1,0.0120902
-3,3,1,0.120922
-3,3,1,0.229754
-3,3,1,0.338587
-3,3,1,0.447419
-3,3,1,0.519973
-3,3,1,0.440607
-3,3,1,0.36124
-3,3,1,0.281873
-3,3,1,0.202506
-3,3,1,0.123139
-3,3,1,0.0437723
-3,3,1,-0.0355946
-3,3,1,-0.114961
-3,3,1,-0.194328
-3,3,1,-0.273695
-3,3,1,-0.353062
-3,3,1,-0.432429
-3,3,1,-0.511796
-3,3,1,-0.591163
-3,3,1,-0.67053
-3,3,1,-0.749896
-3,3,1,-0.829263
-3,3,1,-0.90863
-3,3,1,-0.987997
-3,3,1,-1.06736
-3,3,1,-1.14673
-3,3,1,-1.2261
-3,3,1,-1.30546
-3,3,1,-1.38483
-3,3,1,-1.4642
-3,3,1,-1.54357
-3,3,1,-1.59648
-3,3,1,-1.68979
-3,3,1,-1.7831
-3,3,1,-1.87641
-3,3,1,-1.96973
-3,3,1,-2.06304
-3,3,1,-2.15635
-3,3,1,-2.24966
-3,3,1,-2.34298
-3,3,1,-2.43629
-3,3,1,-2.5296
-3,3,1,-2.62291
-3,3,1,-2.71623
-3,3,1,-2.80954
-3,3,1,-2.90285
-3,3,1,-2.99616
-3,3,1,-3.08948
-3,3,1,3.1004
-3,3,1,3.00708
-3,3,1,2.91377
-3,3,1,2.82046
-3,3,1,2.72715
-3,3,1,2.63383
-3,3,1,2.54052
-3,3,1,2.44721
-3,3,1,2.3539
-3,3,1,2.26058
-3,3,1,2.19838
-3,3,1,2.09434
-3,3,1,1.9903
-3,3,1,1.88626
-3,3,1,1.78222
-3,3,1,1.67818
-3,3,1,1.57414
-3,3,1,1.47011
-3,3,1,1.36607
-3,3,1,1.26203
-3,3,1,1.15799
-3,3,1,1.05395
-3,3,1,0.949912
-3,3,1,0.845873
-3,3,1,0.741834
-3,3,1,0.637795
-3,3,1,0.533757
-3,3,1,0.429718
-3,3,1,0.325679
-3,3,1,0.22164
-3,3,1,0.117601
-3,3,1,0.0135627
-3,3,1,-0.090476
-3,3,1,-0.194515
-3,3,1,-0.298554
-3,3,1,-0.402592
-3,3,1,-0.506631
-3,3,1,-0.57599
-3,3,1,-0.672311
-3,3,1,-0.768631
-3,3,1,-0.864951
-3,3,1,-0.961272
-3,3,1,-1.05759
-3,3,1,-1.15391
-3,3,1,-1.25023
-3,3,1,-1.34655
-3,3,1,-1.44287
-3,3,1,-1.53919
-3,3,1,-1.63551
-3,3,1,-1.73183
-3,3,1,-1.82815
-3,3,1,-1.86026
-3,3,1,-1.94053
-3,3,1,-2.0208
-3,3,1,-2.10106
-3,3,1,-2.18133
-3,3,1,-2.2616
-3,3,1,-2.34186
-3,3,1,-2.42213
-3,3,1,-2.5024
-3,3,1,-2.58266
-3,3,1,-2.66293
-3,3,1,-2.7432
-3,3,1,-2.82346
-3,3,1,-2.90373
-3,3,1,-2.93049
-3,3,1,-2.28994
-3,3,1,-2.61669
-3,3,1,-2.86957
-3,3,1,-2.77418
-3,3,1,-2.67878
-3,3,1,-2.58338
-3,3,1,-2.48799
-3,3,1,-2.39259
-3,3,1,-2.29719
-3,3,1,-2.20179
-3,3,1,-2.1064
-3,3,1,-2.011
-3,3,1,-1.9156
-3,3,1,-1.82021
-3,3,1,-1.72481
-3,3,1,-1.62941
-3,3,1,-1.53402
-3,3,1,-1.43862
-3,3,1,-1.34322
-3,3,1,-1.24782
-3,3,1,-1.15243
-3,3,1,-1.05703
-3,3,1,-0.961633
-3,3,1,-0.866236
-3,3,1,-0.770839
-3,3,1,-0.675442
-3,3,1,-0.580045
-3,3,1,-0.484647
-3,3,1,-0.38925
-3,3,1,-0.325652
-3,3,1,-0.413863
-3,3,1,-0.502074
-3,3,1,-0.590284
-3,3,1,-0.678495
-3,3,1,-0.766706
-3,3,1,-0.854916
-3,3,1,-0.943127
-3,3,1,-1.03134
-3,3,1,-1.11955
-3,3,1,-1.20776
-3,3,1,-1.29597
-3,3,1,-1.38418
-3,3,1,-1.47239
-3,3,1,-1.5606
-3,3,1,-1.64881
-3,3,1,-1.73702
-3,3,1,-1.82523
-3,3,1,-1.91344
-3,3,1,-2.00165
-3,3,1,-2.08987
-3,3,1,-2.17808
-3,3,1,-2.26629
-3,3,1,-2.3545
-3,3,1,-2.44271
-3,3,1,-2.53092
-3,3,1,-2.61913
-3,3,1,-2.67794
-3,3,1,-2.44371
-3,3,1,-1.93117
-3,3,1,-1.85564
-3,3,1,-1.78012
-3,3,1,-1.70459
-3,3,1,-1.62907
-3,3,1,-1.55354
-3,3,1,-1.47802
-3,3,1,-1.40249
-3,3,1,-1.32697
-3,3,1,-1.25145
-3,3,1,-1.17592
-3,3,1,-1.1004
-3,3,1,-1.02487
-3,3,1,-0.949349
-3,3,1,-0.873825
-3,3,1,-0.7983
-3,3,1,-0.722776
-3,3,1,-0.647252
-3,3,1,-0.571727
-3,3,1,-0.496203
-3,3,1,-0.420679
-3,3,1,-0.345154
-3,3,1,-0.26963
-3,3,1,-0.194106
-3,3,1,-0.118581
-3,3,1,-0.0430571
-3,3,1,0.0324673
-3,3,1,0.107992
-3,3,1,0.183516
-3,3,1,0.25904
-3,3,1,0.334565
-3,3,1,0.410089
-3,3,1,0.485613
-3,3,1,0.561138
-3,3,1,0.636662
-3,3,1,0.712186
-3,3,1,0.787711
-3,3,1,0.863235
-3,3,1,0.938759
-3,3,1,1.01428
-3,3,1,1.08981
-3,3,1,1.20492
-3,3,1,0.302731
-3,3,1,0.191691
-3,3,1,0.0806504
-3,3,1,-0.0303901
-3,3,1,-0.141431
-3,3,1,-0.252471
-3,3,1,-0.363512
-3,3,1,-0.474552
-3,3,1,-0.585593
-3,3,1,-0.696633
-3,3,1,-0.807674
-3,3,1,-0.918714
-3,3,1,-1.02975
-3,3,1,-1.1408
-3,3,1,-1.17781
-3,3,1,-1.57188
-3,3,1,-1.33673
-3,3,1,-1.24155
-3,3,1,-1.14636
-3,3,1,-1.05117
-3,3,1,-0.955985
-3,3,1,-0.860798
-3,3,1,-0.765611
-3,3,1,-0.670424
-3,3,1,-0.575237
-3,3,1,-0.48005
-3,3,1,-0.384863
-3,3,1,-0.289676
-3,3,1,-0.194489
-3,3,1,-0.0993025
-3,3,1,-0.00411564
-3,3,1,0.0910713
-3,3,1,0.186258
-3,3,1,0.281445
-3,3,1,0.376632
-3,3,1,0.471819
-3,3,1,0.567006
-3,3,1,0.662193
-3,3,1,0.757379
-3,3,1,0.852566
-3,3,1,0.947753
-3,3,1,1.04294
-3,3,1,1.13813
-3,3,1,1.20158
-3,3,1,1.38353
-3,3,1,1.26331
-3,3,1,1.14308
-3,3,1,1.02286
-3,3,1,0.902634
-3,3,1,0.78241
-3,3,1,0.662186
-3,3,1,0.541962
-3,3,1,0.421738
-3,3,1,0.301514
-3,3,1,0.18129
-3,3,1,0.0610661
-3,3,1,-0.0591579
-3,3,1,-0.179382
-3,3,1,-0.219457
-3,3,1,-0.333949
-3,3,1,-0.448442
-3,3,1,-0.562935
-3,3,1,-0.677428
-3,3,1,-0.791921
-3,3,1,-0.906414
-3,3,1,-1.02091
-3,3,1,-1.1354
-3,3,1,-1.24989
-3,3,1,-1.36438
-3,3,1,-1.47888
-3,3,1,-1.59337
-3,3,1,-1.70786
-3,3,1,-1.74603
-3,3,1,-1.62713
-3,3,1,-1.50822
-3,3,1,-1.38932
-3,3,1,-1.27042
-3,3,1,-1.15152
-3,3,1,-1.03261
-3,3,1,-0.913711
-3,3,1,-0.794809
-3,3,1,-0.675907
-3,3,1,-0.557004
-3,3,1,-0.438102
-3,3,1,-0.3192
-3,3,1,-0.200297
-3,3,1,-0.160663
-3,3,1,-0.0782666
-3,3,1,0.00413012
-3,3,1,0.0865268
-3,3,1,0.168924
-3,3,1,0.25132
-3,3,1,0.333717
-3,3,1,0.416114
-3,3,1,0.49851
-3,3,1,0.580907
-3,3,1,0.663304
-3,3,1,0.745701
-3,3,1,0.828097
-3,3,1,0.910494
-3,3,1,0.93796
-3,3,1,0.803397
-3,3,1,0.668835
-3,3,1,0.534273
-3,3,1,0.399711
-3,3,1,0.265149
-3,3,1,0.130586
-3,3,1,-0.00397573
-3,3,1,-0.138538
-3,3,1,-0.2731
-3,3,1,-0.407662
-3,3,1,-0.542225
-3,3,1,-0.676787
-3,3,1,-0.811349
-3,3,1,-0.856203
-3,3,1,-0.93401
-3,3,1,-1.01182
-3,3,1,-1.08962
-3,3,1,-1.16743
-3,3,1,-1.24524
-3,3,1,-1.32304
-3,3,1,-1.40085
-3,3,1,-1.47866
-3,3,1,-1.55646
-3,3,1,-1.63427
-3,3,1,-1.71208
-3,3,1,-1.78988
-3,3,1,-1.86769
-3,3,1,-1.9455
-3,3,1,-2.02331
-3,3,1,-2.10111
-3,3,1,-2.17892
-3,3,1,-2.25673
-3,3,1,-2.33453
-3,3,1,-2.41234
-3,3,1,-2.49015
-3,3,1,-2.56795
-3,3,1,-2.64576
-3,3,1,-2.72357
-3,3,1,-2.80137
-3,3,1,-2.87918
-3,3,1,-2.93105
-3,3,1,2.94821
-3,3,1,-3.10506
-3,3,1,-3.01859
-3,3,1,-2.93211
-3,3,1,-2.84564
-3,3,1,-2.75916
-3,3,1,-2.67269
-3,3,1,-2.58621
-3,3,1,-2.49974
-3,3,1,-2.41326
-3,3,1,-2.32679
-3,3,1,-2.24031
-3,3,1,-2.15384
-3,3,1,-2.06736
-3,3,1,-1.98089
-3,3,1,-1.95207
-3,3,1,-1.94885
-3,3,1,-1.86529
-3,3,1,-1.78878
-3,3,1,-1.71227
-3,3,1,-1.63575
-3,3,1,-1.55924
-3,3,1,-1.48272
-3,3,1,-1.40621
-3,3,1,-1.3297
-3,3,1,-1.25318
-3,3,1,-1.17667
-3,3,1,-1.10015
-3,3,1,-1.02364
-3,3,1,-0.947125
-3,3,1,-0.870611
-3,3,1,-0.794097
-3,3,1,-0.717583
-3,3,1,-0.641068
-3,3,1,-0.564554
-3,3,1,-0.48804
-3,3,1,-0.411526
-3,3,1,-0.335012
-3,3,1,-0.258498
-3,3,1,-0.181984
-3,3,1,-0.105469
-3,3,1,-0.0289553
-3,3,1,0.0475588
-3,3,1,0.124073
-3,3,1,0.175082
-3,3,1,0.091694
-3,3,1,0.00830557
-3,3,1,-0.0750828
-3,3,1,-0.158471
-3,3,1,-0.24186
-3,3,1,-0.325248
-3,3,1,-0.408636
-3,3,1,-0.492025
-3,3,1,-0.575413
-3,3,1,-0.658802
-3,3,1,-0.74219
-3,3,1,-0.825579
-3,3,1,-0.908967
-3,3,1,-0.992355
-3,3,1,-1.07574
-3,3,1,-1.15913
-3,3,1,-1.24252
-3,3,1,-1.32591
-3,3,1,-1.4093
-3,3,1,-1.49269
-3,3,1,-1.57607
-3,3,1,-1.65946
-3,3,1,-1.74285
-3,3,1,-1.82624
-3,3,1,-1.90963
-3,3,1,-1.99302
-3,3,1,-2.04861
-3,3,1,-1.92835
-3,3,1,-1.80809
-3,3,1,-1.68784
-3,3,1,-1.56758
-3,3,1,-1.44732
-3,3,1,-1.32706
-3,3,1,-1.20681
-3,3,1,-1.08655
-3,3,1,-0.966291
-3,3,1,-0.846034
-3,3,1,-0.725776
-3,3,1,-0.605519
-3,3,1,-0.485262
-3,3,1,-0.445176
-3,3,1,-0.541908
-3,3,1,-0.638641
-3,3,1,-0.735374
-3,3,1,-0.832106
-3,3,1,-0.928839
-3,3,1,-1.02557
-3,3,1,-1.1223
-3,3,1,-1.21904
-3,3,1,-1.31577
-3,3,1,-1.4125
-3,3,1,-1.50924
-3,3,1,-1.60597
-3,3,1,-1.7027
-3,3,1,-1.79943
-3,3,1,-1.89617
-3,3,1,-1.9929
-3,3,1,-2.08963
-3,3,1,-2.18636
-3,3,1,-2.2831
-3,3,1,-2.37983
-3,3,1,-2.47656
-3,3,1,-2.57329
-3,3,1,-2.67003
-3,3,1,-2.76676
-3,3,1,-2.86349
-3,3,1,-2.96023
-3,3,1,-3.02471
-3,3,1,-2.06214
-3,3,1,-2.64992
-3,3,1,-2.57326
-3,3,1,-2.4966
-3,3,1,-2.41994
-3,3,1,-2.34328
-3,3,1,-2.26662
-3,3,1,-2.18996
-3,3,1,-2.1133
-3,3,1,-2.03664
-3,3,1,-1.95998
-3,3,1,-1.88332
-3,3,1,-1.80666
-3,3,1,-1.73
-3,3,1,-1.65334
-3,3,1,-1.62778
-3,3,1,-1.7182
-3,3,1,-1.80862
-3,3,1,-1.89903
-3,3,1,-1.98945
-3,3,1,-2.07986
-3,3,1,-2.17028
-3,3,1,-2.2607
-3,3,1,-2.35111
-3,3,1,-2.44153
-3,3,1,-2.53194
-3,3,1,-2.62236
-3,3,1,-2.71277
-3,3,1,-2.80319
-3,3,1,-2.89361
-3,3,1,-2.98402
-3,3,1,-3.07444
-3,3,1,3.11833
-3,3,1,3.02792
-3,3,1,2.9375
-3,3,1,2.84708
-3,3,1,2.75667
-3,3,1,2.66625
-3,3,1,2.57584
-3,3,1,2.48542
-3,3,1,2.395
-3,3,1,2.30459
-3,3,1,2.24431
-3,3,1,1.97443
-3,3,1,1.63943
-3,3,1,1.85286
-3,3,1,1.74355
-3,3,1,1.63425
-3,3,1,1.52494
-3,3,1,1.41564
-3,3,1,1.30633
-3,3,1,1.19703
-3,3,1,1.08773
-3,3,1,0.978422
-3,3,1,0.869117
-3,3,1,0.759813
-3,3,1,0.650509
-3,3,1,0.541205
-3,3,1,0.4319
-3,3,1,0.322596
-3,3,1,0.213292
-3,3,1,0.103988
-3,3,1,-0.00531663
-3,3,1,-0.114621
-3,3,1,-0.223925
-3,3,1,-0.333229
-3,3,1,-0.442534
-3,3,1,-0.551838
-3,3,1,-0.661142
-3,3,1,-0.770446
-3,3,1,-0.879751
-3,3,1,-0.989055
-3,3,1,-1.06192
-3,3,1,-1.14766
-3,3,1,-1.2334
-3,3,1,-1.31914
-3,3,1,-1.40488
-3,3,1,-1.49062
-3,3,1,-1.57636
-3,3,1,-1.6621
-3,3,1,-1.74784
-3,3,1,-1.83357
-3,3,1,-1.91931
-3,3,1,-2.00505
-3,3,1,-2.09079
-3,3,1,-2.17653
-3,3,1,-2.26227
-3,3,1,-2.34801
-3,3,1,-2.43375
-3,3,1,-2.51949
-3,3,1,-2.60522
-3,3,1,-2.69096
-3,3,1,-2.7767
-3,3,1,-2.86244
-3,3,1,-2.94818
-3,3,1,-3.03392
-3,3,1,-3.11966
-3,3,1,3.07779
-3,3,1,2.99205
-3,3,1,2.93489
-3,3,1,2.85888
-3,3,1,2.78287
-3,3,1,2.70685
-3,3,1,2.63084
-3,3,1,2.55483
-3,3,1,2.47882
-3,3,1,2.4028
-3,3,1,2.32679
-3,3,1,2.25078
-3,3,1,2.17477
-3,3,1,2.09876
-3,3,1,2.02274
-3,3,1,1.94673
-3,3,1,1.87072
-3,3,1,1.79471
-3,3,1,1.71869
-3,3,1,1.64268
-3,3,1,1.56667
-3,3,1,1.49066
-3,3,1,1.41464
-3,3,1,1.33863
-3,3,1,1.26262
-3,3,1,1.18661
-3,3,1,1.11059
-3,3,1,1.03458
-3,3,1,0.95857
-3,3,1,0.907895
-3,3,1,0.815517
-3,3,1,0.723139
-3,3,1,0.63076
-3,3,1,0.538382
-3,3,1,0.446004
-3,3,1,0.353625
-3,3,1,0.261247
-3,3,1,0.168869
-3,3,1,0.0764903
-3,3,1,-0.015888
-3,3,1,-0.108266
-3,3,1,-0.200645
-3,3,1,-0.293023
-3,3,1,-0.385401
-3,3,1,-0.47778
-3,3,1,-0.570158
-3,3,1,-0.662536
-3,3,1,-0.754915
-3,3,1,-0.847293
-3,3,1,-0.939671
-3,3,1,-1.03205
-3,3,1,-1.12443
-3,3,1,-1.21681
-3,3,1,-1.30918
-3,3,1,-1.40156
-3,3,1,-1.49394
-3,3,1,-1.55553
-3,3,1,-1.48006
-3,3,1,-1.4046
-3,3,1,-1.32914
-3,3,1,-1.25367
-3,3,1,-1.17821
-3,3,1,-1.10275
-3,3,1,-1.02728
-3,3,1,-0.95182
-3,3,1,-0.876356
-3,3,1,-0.800893
-3,3,1,-0.725429
-3,3,1,-0.649966
-3,3,1,-0.574502
-3,3,1,-0.499039
-3,3,1,-0.423576
-3,3,1,-0.348112
-3,3,1,-0.272649
-3,3,1,-0.197185
-3,3,1,-0.121722
-3,3,1,-0.0462585
-3,3,1,0.0292049
-3,3,1,0.104668
-3,3,1,0.180132
-3,3,1,0.255595
-3,3,1,0.331059
-3,3,1,0.406522
-3,3,1,0.456831
-3,3,1,0.535267
-3,3,1,0.613703
-3,3,1,0.692139
-3,3,1,0.770575
-3,3,1,0.849011
-3,3,1,0.927446
-3,3,1,1.00588
-3,3,1,1.08432
-3,3,1,1.16275
-3,3,1,1.24119
-3,3,1,1.31963
-3,3,1,1.39806
-3,3,1,1.4765
-3,3,1,1.55493
-3,3,1,1.63337
-3,3,1,1.71181
-3,3,1,1.79024
-3,3,1,1.86868
-3,3,1,1.94711
-3,3,1,2.02555
-3,3,1,2.10399
-3,3,1,2.18242
-3,3,1,2.26086
-3,3,1,2.33929
-3,3,1,2.41773
-3,3,1,2.49616
-3,3,1,2.54846
-3,3,1,2.67342
-3,3,1,2.79839
-3,3,1,2.92336
-3,3,1,3.04833
-3,3,1,-3.10988
-3,3,1,-2.98492
-3,3,1,-2.85995
-3,3,1,-2.73498
-3,3,1,-2.61001
-3,3,1,-2.48504
-3,3,1,-2.36007
-3,3,1,-2.2351
-3,3,1,-2.11013
-3,3,1,-2.06848
-3,3,1,-2.17544
-3,3,1,-2.28241
-3,3,1,-2.38938
-3,3,1,-2.49634
-3,3,1,-2.60331
-3,3,1,-2.71028
-3,3,1,-2.81724
-3,3,1,-2.92421
-3,3,1,-3.03118
-3,3,1,-3.13814
-3,3,1,3.03808
-3,3,1,2.93111
-3,3,1,2.82414
-3,3,1,2.71718
-3,3,1,2.61021
-3,3,1,2.50324
-3,3,1,2.39628
-3,3,1,2.28931
-3,3,1,2.18234
-3,3,1,2.07538
-3,3,1,1.96841
-3,3,1,1.86145
-3,3,1,1.75448
-3,3,1,1.64751
-3,3,1,1.54055
-3,3,1,1.43358
-3,3,1,1.36227
-3,3,1,1.26914
-3,3,1,1.17601
-3,3,1,1.08288
-3,3,1,0.989755
-3,3,1,0.896627
-3,3,1,0.803499
-3,3,1,0.710371
-3,3,1,0.617243
-3,3,1,0.524115
-3,3,1,0.430987
-3,3,1,0.337859
-3,3,1,0.244731
-3,3,1,0.151603
-3,3,1,0.12056
-3,3,1,0.265107
-3,3,1,0.137831
-3,3,1,0.0105539
-3,3,1,-0.116723
-3,3,1,-0.244
-3,3,1,-0.371276
-3,3,1,-0.498553
-3,3,1,-0.62583
-3,3,1,-0.753107
-3,3,1,-0.880383
-3,3,1,-1.00766
-3,3,1,-1.13494
-3,3,1,-1.26221
-3,3,1,-1.38949
-3,3,1,-1.43192
-3,3,1,-1.30052
-3,3,1,-1.16912
-3,3,1,-1.03772
-3,3,1,-0.906316
-3,3,1,-0.774916
-3,3,1,-0.643517
-3,3,1,-0.512117
-3,3,1,-0.380717
-3,3,1,-0.249317
-3,3,1,-0.117917
-3,3,1,0.013483
-3,3,1,0.144883
-3,3,1,0.276283
-3,3,1,0.320083
-3,3,1,0.397334
-3,3,1,0.474586
-3,3,1,0.551837
-3,3,1,0.629088
-3,3,1,0.70634
-3,3,1,0.783591
-3,3,1,0.860842
-3,3,1,0.938094
-3,3,1,1.01535
-3,3,1,1.0926
-3,3,1,1.16985
-3,3,1,1.2471
-3,3,1,1.32435
-3,3,1,1.4016
-3,3,1,1.47885
-3,3,1,1.5561
-3,3,1,1.63336
-3,3,1,1.71061
-3,3,1,1.78786
-3,3,1,1.86511
-3,3,1,1.94236
-3,3,1,2.01961
-3,3,1,2.09686
-3,3,1,2.17412
-3,3,1,2.25137
-3,3,1,2.32862
-3,3,1,2.38012
-3,3,1,2.30484
-3,3,1,2.22955
-3,3,1,2.15427
-3,3,1,2.07898
-3,3,1,2.0037
-3,3,1,1.92842
-3,3,1,1.85313
-3,3,1,1.77785
-3,3,1,1.70257
-3,3,1,1.62728
-3,3,1,1.552
-3,3,1,1.47672
-3,3,1,1.40143
-3,3,1,1.37634
-3,3,1,1.27731
-3,3,1,0.740577
-3,3,1,1.14891
-3,3,1,1.79505
-3,3,1,1.87381
-3,3,1,1.95257
-3,3,1,2.03133
-3,3,1,2.11009
-3,3,1,2.18885
-3,3,1,2.26761
-3,3,1,2.34637
-3,3,1,2.42513
-3,3,1,2.50388
-3,3,1,2.58264
-3,3,1,2.6614
-3,3,1,2.74016
-3,3,1,2.81892
-3,3,1,2.89768
-3,3,1,2.97644
-3,3,1,3.0552
-3,3,1,3.13396
-3,3,1,-3.07047
-3,3,1,-2.99171
-3,3,1,-2.91295
-3,3,1,-2.83419
-3,3,1,-2.75543
-3,3,1,-2.67667
-3,3,1,-2.59792
-3,3,1,-2.51916
-3,3,1,-2.4404
-3,3,1,-2.38789
-3,3,1,-2.28089
-3,3,1,-2.17389
-3,3,1,-2.06689
-3,3,1,-1.95989
-3,3,1,-1.85288
-3,3,1,-1.74588
-3,3,1,-1.63888
-3,3,1,-1.53188
-3,3,1,-1.42488
-3,3,1,-1.31788
-3,3,1,-1.21088
-3,3,1,-1.10387
-3,3,1,-0.996873
-3,3,1,-0.889872
-3,3,1,-0.782871
-3,3,1,-0.675869
-3,3,1,-0.568868
-3,3,1,-0.461867
-3,3,1,-0.354865
-3,3,1,-0.247864
-3,3,1,-0.140863
-3,3,1,-0.0338613
-3,3,1,0.07314
-3,3,1,0.180141
-3,3,1,0.287143
-3,3,1,0.394144
-3,3,1,0.465478
-3,3,1,0.607591
-3,3,1,0.510204
-3,3,1,0.412816
-3,3,1,0.315428
-3,3,1,0.218041
-3,3,1,0.120653
-3,3,1,0.0232655
-3,3,1,-0.0741221
-3,3,1,-0.17151
-3,3,1,-0.268897
-3,3,1,-0.366285
-3,3,1,-0.463673
-3,3,1,-0.56106
-3,3,1,-0.658448
-3,3,1,-0.755835
-3,3,1,-0.853223
-3,3,1,-0.950611
-3,3,1,-1.048
-3,3,1,-1.14539
-3,3,1,-1.24277
-3,3,1,-1.34016
-3,3,1,-1.43755
-3,3,1,-1.53494
-3,3,1,-1.63232
-3,3,1,-1.72971
-3,3,1,-1.8271
-3,3,1,-1.92449
-3,3,1,-1.98941
-3,3,1,-1.90143
-3,3,1,-1.81345
-3,3,1,-1.72547
-3,3,1,-1.63749
-3,3,1,-1.54951
-3,3,1,-1.46153
-3,3,1,-1.37355
-3,3,1,-1.28557
-3,3,1,-1.19759
-3,3,1,-1.10961
-3,3,1,-1.02163
-3,3,1,-0.933653
-3,3,1,-0.845673
-3,3,1,-0.757693
-3,3,1,-0.669713
-3,3,1,-0.581733
-3,3,1,-0.493753
-3,3,1,-0.405774
-3,3,1,-0.317794
-3,3,1,-0.229814
-3,3,1,-0.141834
-3,3,1,-0.053854
-3,3,1,0.0341259
-3,3,1,0.122106
-3,3,1,0.210086
-3,3,1,0.298066
-3,3,1,0.356719
-3,3,1,-0.422291
-3,3,1,-0.521349
-3,3,1,-0.620408
-3,3,1,-0.719467
-3,3,1,-0.818526
-3,3,1,-0.917584
-3,3,1,-1.01664
-3,3,1,-1.1157
-3,3,1,-1.21476
-3,3,1,-1.31382
-3,3,1,-1.41288
-3,3,1,-1.51194
-3,3,1,-1.611
-3,3,1,-1.71005
-3,3,1,-1.80911
-3,3,1,-1.90817
-3,3,1,-2.00723
-3,3,1,-2.10629
-3,3,1,-2.20535