-7.36512e-14,2.82674e-11,0.13,-1.86628e-17
-7.36507e-14,2.82674e-11,0.13,-2.37808e-17
-7.36515e-14,2.82674e-11,0.13,-2.88175e-17
-7.36519e-14,2.82674e-11,0.13,-3.39163e-17
-7.36534e-14,2.82674e-11,0.13,-3.9038e-17
-7.36532e-14,2.82674e-11,0.13,-4.40611e-17
-7.36538e-14,2.82674e-11,0.13,-4.90978e-17
-7.36546e-14,2.82674e-11,0.13,-5.41722e-17
-7.36548e-14,2.82674e-11,0.13,-5.91529e-17
-7.36553e-14,2.82674e-11,0.13,-6.42777e-17
-7.36545e-14,2.82674e-11,0.13,-6.9343e-17
-7.36531e-14,2.82674e-11,0.13,-7.43639e-17
-7.36524e-14,2.82674e-11,0.13,-7.94472e-17
-7.36523e-14,2.82674e-11,0.13,-8.45081e-17
-7.36517e-14,2.82674e-11,0.13,-8.95648e-17
-7.36512e-14,2.82674e-11,0.13,-9.46887e-17
-7.36507e-14,2.82674e-11,0.13,-9.9655e-17
-7.36513e-14,2.82674e-11,0.13,-1.04742e-16
8.20276e-07,6.7419e-11,0.14825,-7.84412e-14
5.66792e-05,1.63324e-08,0.303345,3.93449e-12
0.000184651,1.48348e-07,0.513243,7.48026e-11
0.000265915,4.74736e-07,0.703176,6.51568e-11
0.000289608,7.75791e-07,0.847071,-0.00201166
0.000284512,-1.65686e-06,0.944108,-0.0239391
0.000275665,-1.03586e-05,1.00122,-0.0606596
0.00027265,-2.29023e-05,1.03003,-0.103183
0.000276023,-3.61838e-05,1.04205,-0.148981
0.000282991,-5.41245e-05,1.04513,-0.211223
0.000288098,-7.80858e-05,1.04296,-0.281601
0.000288445,-0.000100565,1.03873,-0.351386
0.000286344,-0.000118521,1.03492,-0.417199
0.000282405,-0.000137105,1.03287,-0.493131
0.000273943,-0.000160785,1.03095,-0.57408
0.000260983,-0.000182451,1.02918,-0.651797
0.000247554,-0.00019941,1.02852,-0.724722
0.000232788,-0.000217559,1.02891,-0.806902
0.000213672,-0.00023814,1.02874,-0.89151
0.000192659,-0.000254725,1.02809,-0.971147
0.000173843,-0.000266464,1.02773,-1.04309
0.00015511,-0.000277745,1.02852,-1.12224
0.000131089,-0.000291285,1.02862,-1.20494
0.000105844,-0.00030092,1.02812,-1.28349
8.38146e-05,-0.000306584,1.02802,-1.3557
6.15172e-05,-0.000312054,1.0288,-1.43623
3.4192e-05,-0.000317518,1.02883,-1.51976
7.21226e-06,-0.000318869,1.02825,-1.59874
-1.53309e-05,-0.000317476,1.02816,-1.67157
-3.87449e-05,-0.000315867,1.02889,-1.7529
-6.67076e-05,-0.000312465,1.02886,-1.83672
-9.27049e-05,-0.000305242,1.02825,-1.91565
-0.000113448,-0.000296928,1.02805,-1.98779
-0.000134625,-0.000288253,1.02882,-2.06805
-0.000159986,-0.000276494,1.02882,-2.15117
-0.000182388,-0.000261636,1.02823,-2.22967
-0.00019959,-0.000247301,1.02812,-2.302
-0.000217292,-0.00023237,1.02879,-2.38285
-0.000237842,-0.000213239,1.02876,-2.46627
-0.000254546,-0.000192195,1.02816,-2.54488
-0.000266405,-0.000173307,1.02781,-2.61597
-0.000277755,-0.000154572,1.02858,-2.69452
-0.000291354,-0.0001306,1.02866,-2.77684
-0.000301069,-0.000105291,1.02816,-2.85513
-0.000750921,-0.000785499,1.0286,-2.92709
-0.0448972,-0.057836,1.03302,-3.00692
-0.185546,-0.194344,1.02606,-3.04105
-0.324695,-0.325983,1.02153,-3.07483
-0.500311,-0.499998,1.02346,3.14146
-0.500311,-0.499998,1.02346,3.14146
-0.500311,-0.499998,1.02346,3.14147
-0.500311,-0.499998,1.02346,3.14147
-0.500311,-0.499998,1.02346,3.14148
-0.500312,-0.499998,1.02346,3.14148
-0.500312,-0.499998,1.02346,3.14149
-0.500312,-0.499998,1.02346,3.14149
-0.500312,-0.499998,1.02346,3.1415
-0.500312,-0.499998,1.02346,3.1415
-0.500312,-0.499999,1.02346,3.14158
-0.500312,-0.499999,1.02346,3.14158
-0.500312,-0.499999,1.02346,3.14158
-0.500312,-0.499999,1.02346,3.14159
-0.500312,-0.499999,1.02346,3.14159
-0.500312,-0.499999,1.02346,-3.14159
-0.500312,-0.499999,1.02346,-3.14159
-0.500312,-0.499999,1.02346,-3.14159
-0.500312,-0.499999,1.02346,-3.14158
-0.500312,-0.499999,1.02346,-3.14158
-0.500312,-0.499999,1.02346,-3.14157
-0.500313,-0.5,1.02346,-3.14152
-0.500313,-0.5,1.02346,-3.1415
-0.500313,-0.5,1.02345,-3.14159
-0.500313,-0.5,1.02345,-3.14159
-0.500313,-0.5,1.02345,-3.14159
-0.500313,-0.5,1.02345,-3.14159
-0.500313,-0.5,1.02345,-3.14159
-0.500313,-0.5,1.02345,-3.14159
-0.500313,-0.5,1.02345,-3.14159
-0.500313,-0.5,1.02345,-3.14159
-0.500313,-0.5,1.02345,-3.14159
-0.500313,-0.5,1.02345,-3.14159
-0.500315,-0.5,1.03456,-3.14158
-0.500315,-0.5,1.03604,-3.14157
-0.500316,-0.5,1.0376,-3.14155
-0.500317,-0.499999,1.03923,-3.14153
-0.500318,-0.499998,1.04092,-3.1415
-0.50032,-0.499997,1.04269,-3.14146
-0.500322,-0.499994,1.04451,-3.14142
-0.500325,-0.49999,1.0464,-3.14137
-0.50033,-0.499985,1.04835,-3.14131
-0.500335,-0.499977,1.05035,-3.14125
-0.500342,-0.499967,1.0524,-3.14117
-0.50035,-0.499954,1.05451,-3.14108
-0.50036,-0.499937,1.05666,-3.14098
-0.500373,-0.499916,1.05886,-3.14087
-0.500388,-0.499891,1.06109,-3.14074
-0.500406,-0.49986,1.06337,-3.14061
-0.500428,-0.499823,1.06568,-3.14046
-0.500453,-0.499779,1.06803,-3.14029
-0.500483,-0.499727,1.07042,-3.14012
-0.500517,-0.499667,1.07283,-3.13992
-0.500557,-0.499598,1.07527,-3.13971
-0.501114,-0.498625,1.09553,-3.13739
-0.507526,-0.488635,1.15992,-3.12167
-0.522863,-0.467337,1.21459,-3.09153
-0.544959,-0.437865,1.25429,-3.04632
-0.571095,-0.40253,1.2798,-2.98605
-0.599543,-0.363621,1.29439,-2.91311
-0.628257,-0.324103,1.30135,-2.83003
-0.656639,-0.283782,1.30365,-2.73813
-0.68525,-0.242849,1.30358,-2.6399
-0.713905,-0.202422,1.30233,-2.53683
-0.742646,-0.161723,1.30079,-2.42976
-0.771633,-0.120819,1.29938,-2.32036
-0.800478,-0.0806263,1.29825,-2.20924
-0.829224,-0.0402074,1.29742,-2.09691
-0.857786,-0.000147935,1.29683,-1.98419
-0.886395,0.0400136,1.29639,-1.87045
-0.915592,0.0814206,1.29611,-1.756
-0.945025,0.122433,1.29582,-1.64169
-0.97417,0.162843,1.29553,-1.52689
-1.06731,0.292629,1.29252,-1.00882
-1.06735,0.292741,1.29251,-1.00701
-1.06739,0.29285,1.29249,-1.00521
-1.06743,0.292956,1.29247,-1.00343
-1.06747,0.29306,1.29246,-1.00168
-1.0675,0.293161,1.29244,-0.999941
-1.06809,0.294733,1.29231,-0.968981
-1.07027,0.297122,1.29323,-0.936039
-1.08273,0.301613,1.29628,-0.90522
-1.10945,0.305399,1.30165,-0.874003
-1.1473,0.306398,1.30881,-0.841453
-1.19002,0.304919,1.3173,-0.807105
-1.23575,0.302219,1.3269,-0.770164
-1.28382,0.299345,1.33708,-0.73086
-1.332,0.29635,1.34743,-0.689573
-1.38045,0.293358,1.35792,-0.646361
-1.42961,0.290432,1.36848,-0.601677
-1.4782,0.287412,1.37886,-0.556049
-1.52661,0.284298,1.38928,-0.509462
-1.57577,0.281261,1.39966,-0.462208
-1.62447,0.278126,1.40991,-0.414724
-1.67286,0.274956,1.42024,-0.366902
-1.72131,0.271892,1.43041,-0.319167
-1.7691,0.268772,1.44055,-0.271387
-1.81757,0.26572,1.45081,-0.223361
-1.86677,0.262596,1.46101,-0.175401
-2.00735,0.252777,1.48877,-0.0245525
-2.00817,0.252717,1.48894,-0.0231853
-2.00898,0.252659,1.48909,-0.0218286
-2.01472,0.252268,1.49024,-0.0113566
-2.02771,0.251734,1.49333,0.0204643
-2.03796,0.255388,1.49517,0.040639
-2.05183,0.270799,1.49541,0.0501736
-2.06745,0.298308,1.49416,0.0488568
-2.08352,0.335267,1.49173,0.0367713
-2.10003,0.378705,1.48853,0.0150287
-2.11626,0.424197,1.48498,-0.0142671
-2.13216,0.4698,1.48117,-0.0498424
-2.14849,0.516049,1.4772,-0.0905261
-2.16519,0.563395,1.47319,-0.135079
-2.18166,0.610723,1.46925,-0.182065
-2.19772,0.657588,1.46532,-0.230883
-2.21391,0.704462,1.46146,-0.280685
-2.2298,0.750735,1.45765,-0.331067
-2.24596,0.797673,1.45377,-0.382144
-2.26254,0.845518,1.44996,-0.433314
-2.27852,0.892489,1.44615,-0.484337
-2.29455,0.939484,1.4423,-0.535377
-2.31086,0.986835,1.43845,-0.58635
-2.36035,1.13247,1.42682,-0.74851
-2.3607,1.13356,1.42673,-0.750098
-2.36104,1.13463,1.42663,-0.751676
-2.36349,1.14238,1.42592,-0.763904
-2.3697,1.16146,1.42388,-0.803933
-2.37768,1.17398,1.42269,-0.827715
-2.39736,1.18983,1.42135,-0.839585
-2.42824,1.20833,1.41974,-0.839165
-2.46643,1.22762,1.41785,-0.827161
-2.50879,1.2472,1.41575,-0.804838
-2.55267,1.26679,1.41358,-0.774198
-2.59686,1.28631,1.41127,-0.73652
-2.64253,1.30668,1.40894,-0.693228
-2.68863,1.32704,1.40661,-0.646084
-2.73427,1.34703,1.40418,-0.596013
-2.78036,1.36731,1.40175,-0.543872
-2.82633,1.38741,1.39939,-0.490643
-2.87197,1.40737,1.397,-0.436519
-2.91802,1.42752,1.39465,-0.382178
-2.96337,1.44726,1.39232,-0.327791
-3.00887,1.46719,1.39005,-0.273487
-3.05404,1.48685,1.38775,-0.219474
-3.09944,1.50679,1.38539,-0.165316
-3.25961,1.57574,1.37697,0.0455983
-3.26013,1.57598,1.37693,0.046952
-3.26064,1.57622,1.37688,0.0482939
-3.26112,1.57645,1.37684,0.0496241
-3.26418,1.57794,1.37654,0.0586075
-3.27256,1.58236,1.37593,0.0902595
-3.2832,1.58899,1.37621,0.106782
-3.30318,1.60277,1.37684,0.108922
-3.33168,1.62476,1.37767,0.095229
-3.36532,1.65265,1.37862,0.066996
-3.40053,1.68305,1.37963,0.025857
-3.43707,1.71446,1.38071,-0.0262326
-3.47395,1.7459,1.38178,-0.0867864
-3.51114,1.77744,1.38283,-0.154591
-3.5497,1.80988,1.38396,-0.227915
-3.58802,1.84262,1.38502,-0.304904
-3.62588,1.87517,1.38599,-0.384769
-3.66424,1.90794,1.38698,-0.466543
-3.70212,1.94052,1.38796,-0.549167
-3.73968,1.97274,1.38896,-0.632542
-3.77736,2.00503,1.38997,-0.715884
-3.81456,2.03697,1.391,-0.799374
-3.8527,2.06946,1.39208,-0.88338
-3.89127,2.10271,1.39317,-0.96721
-4.03905,2.23083,1.39485,-1.45175
-4.03906,2.23085,1.39485,-1.45215
-4.03908,2.23086,1.39484,-1.45254
-4.03909,2.23088,1.39484,-1.45293
-4.0391,2.23089,1.39484,-1.4533
-4.03912,2.23091,1.39484,-1.45367
-4.03913,2.23092,1.39484,-1.45403
-4.03914,2.23093,1.39484,-1.45439
-4.03915,2.23095,1.39484,-1.45474
-4.03917,2.23096,1.39484,-1.45508
-4.03952,2.23128,1.39511,-1.4617
-4.04289,2.23533,1.39732,-1.46791
-4.05115,2.25084,1.40249,-1.47155
-4.06302,2.27785,1.41105,-1.47204
-4.07724,2.31423,1.42253,-1.46919
-4.09242,2.35561,1.43576,-1.46338
-4.10742,2.39782,1.4501,-1.45501
-4.12238,2.44098,1.46529,-1.44439
-4.13757,2.48547,1.48084,-1.432
-4.15271,2.52988,1.49636,-1.41832
-4.16784,2.5742,1.51202,-1.4036
-4.18321,2.61939,1.52773,-1.38812
-4.19859,2.66449,1.54326,-1.37222
-4.21387,2.70924,1.55882,-1.35598
-4.2293,2.75455,1.57437,-1.33955
-4.24459,2.7994,1.58972,-1.32311
-4.2598,2.84404,1.60527,-1.30657
-4.2754,2.8899,1.62094,-1.28998
-4.29093,2.93541,1.63643,-1.27347
-4.30628,2.98041,1.65198,-1.25697
-4.35486,3.12439,1.69895,-1.1805
-4.35487,3.12444,1.69895,-1.18035
-4.35489,3.12449,1.69895,-1.1802
-4.3549,3.12454,1.69895,-1.18005
-4.35491,3.12458,1.69895,-1.17991
-4.35492,3.12463,1.69895,-1.17976
-4.35494,3.12467,1.69895,-1.17962
-4.355,3.12492,1.69893,-1.17883
-4.35579,3.12698,1.70008,-1.17375
-4.35872,3.12599,1.70175,-1.16182
-4.36289,3.11052,1.70276,-1.13778
-4.36667,3.08016,1.7029,-1.10016
-4.37001,3.04017,1.70218,-1.04909
-4.37366,2.99454,1.70092,-0.985645
-4.37753,2.94674,1.69923,-0.912271
-4.38206,2.89844,1.6972,-0.830434
-4.38702,2.8491,1.69506,-0.741856
-4.39162,2.79972,1.6929,-0.648662
-4.39624,2.75062,1.69074,-0.551474
-4.40103,2.70068,1.68861,-0.451338
-4.40538,2.65096,1.68646,-0.349446
-4.4099,2.60109,1.68433,-0.245957
-4.41433,2.55138,1.68226,-0.142014
-4.41865,2.50227,1.68021,-0.0375825
-4.42327,2.45271,1.67815,0.0675156
-4.42786,2.40263,1.67614,0.17253
-4.43208,2.35323,1.67412,0.277485
-4.44872,2.17131,1.66459,0.862986
-4.44873,2.17129,1.66459,0.863655
-4.44873,2.17126,1.66459,0.864313
-4.44873,2.17124,1.66459,0.864961
-4.44874,2.17121,1.66459,0.865597
-4.44874,2.17119,1.66459,0.866224
-4.44874,2.17116,1.66459,0.86684
-4.44874,2.17114,1.66459,0.867446
-4.44874,2.17112,1.6646,0.868041
-4.44876,2.17076,1.66472,0.876985
-4.4481,2.16802,1.66514,0.88611
-4.44096,2.15693,1.66495,0.88448
-4.42218,2.13792,1.6637,0.868062
-4.39368,2.1134,1.66157,0.83692
-4.35935,2.08605,1.65888,0.79148
-4.32148,2.05752,1.65584,0.733684
-4.28271,2.02907,1.65249,0.66569
-4.243,2.00066,1.64896,0.589002
-4.2022,1.9718,1.6454,0.505321
-4.16138,1.94264,1.64189,0.416972
-4.12127,1.91364,1.63844,0.324883
-4.08085,1.88472,1.63509,0.230398
-4.04094,1.856,1.63168,0.134184
-4.00039,1.82697,1.62817,0.0362881
-3.95927,1.79748,1.62469,-0.0622037
-3.91905,1.76821,1.62123,-0.161059
-3.87865,1.73907,1.61779,-0.260384
-3.83809,1.70987,1.61444,-0.359402
-3.79818,1.68102,1.6111,-0.458435
-3.65719,1.57809,1.5971,-1.0063
-3.65719,1.57809,1.5971,-1.0063
-3.65719,1.57809,1.5971,-1.00629
-3.65719,1.57809,1.5971,-1.00629
-3.65719,1.57809,1.5971,-1.00628
-3.65719,1.57809,1.5971,-1.00628
-3.65719,1.57809,1.5971,-1.00627
-3.65719,1.57809,1.5971,-1.00627
-3.65719,1.57809,1.5971,-1.00626
-3.65719,1.57809,1.5971,-1.00626
-3.65715,1.57807,1.59721,-1.00662
-3.65714,1.57806,1.59721,-1.00669
-3.65712,1.57805,1.59722,-1.00677
-3.6571,1.57804,1.59722,-1.00685
-3.65707,1.57803,1.59722,-1.00694
-3.65704,1.57801,1.59722,-1.00703
-3.657,1.578,1.59722,-1.00713
-3.65696,1.57798,1.59722,-1.00723
-3.6569,1.57796,1.59722,-1.00733
-3.65685,1.57794,1.59721,-1.00745
-3.65678,1.57792,1.5972,-1.00756
-3.6567,1.5779,1.59719,-1.00768
-3.65662,1.57787,1.59717,-1.0078
-3.65653,1.57785,1.59715,-1.00793
-3.65642,1.57783,1.59713,-1.00806
-3.65631,1.57781,1.59711,-1.0082
-3.65619,1.57779,1.59708,-1.00833
-3.65408,1.57796,1.59653,-1.01006
-3.64462,1.58517,1.5935,-1.0154
-3.63029,1.60623,1.58797,-1.02226
-3.61293,1.63807,1.58059,-1.02965
-3.59393,1.67634,1.57186,-1.03715
-3.57438,1.71809,1.56243,-1.04449
-3.5548,1.76078,1.55248,-1.05153
-3.53489,1.80492,1.5422,-1.05826
-3.51498,1.84956,1.53195,-1.06462
-3.49516,1.89371,1.5217,-1.07065
-3.47526,1.93819,1.51154,-1.07639
-3.45536,1.98268,1.50147,-1.08188
-3.43552,2.02701,1.49139,-1.08718
-3.4155,2.07175,1.48133,-1.09233
-3.39575,2.11603,1.47137,-1.09736
-3.37593,2.16016,1.46135,-1.10231
-3.35582,2.20517,1.45129,-1.10725
-3.33586,2.25,1.44128,-1.11213
-3.31573,2.29475,1.43113,-1.11701
-3.24904,2.44271,1.3987,-1.14184
-3.24904,2.44271,1.3987,-1.14184
-3.24904,2.44271,1.3987,-1.14184
-3.24904,2.44271,1.3987,-1.14184
-3.24904,2.44271,1.3987,-1.14184
-3.24904,2.44271,1.3987,-1.14184
-3.24904,2.44271,1.3987,-1.14184
-3.24904,2.44271,1.3987,-1.14184
-3.24904,2.44271,1.3987,-1.14184
-3.24904,2.44271,1.3987,-1.14184
-3.24903,2.44271,1.39869,-1.14184
-3.24903,2.44272,1.39869,-1.14184
-3.24903,2.44272,1.39868,-1.14184
-3.24903,2.44273,1.39868,-1.14184
-3.24902,2.44273,1.39867,-1.14185
-3.24902,2.44274,1.39867,-1.14186
-3.24901,2.44275,1.39867,-1.14187
-3.249,2.44277,1.39868,-1.14188
-3.24899,2.44279,1.39869,-1.14189
-3.24898,2.44281,1.3987,-1.14191
-3.24896,2.44284,1.39871,-1.14193
-3.24895,2.44288,1.39873,-1.14196
-3.24893,2.44292,1.39874,-1.14198
-3.2489,2.44297,1.39877,-1.14201
-3.24888,2.44302,1.3988,-1.14204
-3.24886,2.44309,1.39883,-1.14208
-3.24865,2.4479,1.40123,-1.14455
-3.25301,2.46442,1.40867,-1.15242
-3.26386,2.49209,1.42119,-1.16674
-3.2796,2.52625,1.43742,-1.18724
-3.29806,2.56272,1.45652,-1.21364
-3.31833,2.60052,1.47729,-1.24504
-3.33904,2.63832,1.4989,-1.28052
-3.36022,2.67643,1.5212,-1.31949
-3.3819,2.71554,1.54374,-1.36113
-3.4033,2.75455,1.56607,-1.40453
-3.42478,2.79341,1.58867,-1.44956
-3.4468,2.83331,1.61132,-1.49567
-3.46836,2.87282,1.63348,-1.5421
-3.48974,2.91152,1.65573,-1.58899
-3.51166,2.95108,1.67822,-1.63628
-3.53341,2.99087,1.70047,-1.68352
-3.55506,3.03018,1.72274,-1.73082
-3.57694,3.06983,1.74511,-1.77815
-3.66441,3.23036,1.82926,-2.05504
-3.66441,3.23036,1.82926,-2.05504
-3.66441,3.23036,1.82926,-2.05504
-3.66441,3.23036,1.82926,-2.05504
-3.66441,3.23036,1.82926,-2.05504
-3.66441,3.23036,1.82926,-2.05504
-3.66441,3.23036,1.82926,-2.05503
-3.66441,3.23036,1.82926,-2.05503
-3.66441,3.23036,1.82926,-2.05503
-3.66441,3.23036,1.82926,-2.05503
-3.66442,3.23036,1.82936,-2.05509
-3.66442,3.23036,1.82939,-2.05511
-3.66442,3.23037,1.82943,-2.05513
-3.66442,3.23037,1.82946,-2.05515
-3.66443,3.23038,1.8295,-2.05518
-3.66443,3.23039,1.82955,-2.0552
-3.66444,3.2304,1.8296,-2.05523
-3.66445,3.23041,1.82966,-2.05526
-3.66446,3.23043,1.82972,-2.05528
-3.66448,3.23045,1.82979,-2.05531
-3.66449,3.23047,1.82986,-2.05533
-3.66451,3.2305,1.82994,-2.05535
-3.66453,3.23053,1.83002,-2.05538
-3.66456,3.23056,1.8301,-2.0554
-3.66458,3.2306,1.83019,-2.05541
-3.66461,3.23064,1.83029,-2.05543
-3.66464,3.23068,1.83039,-2.05544
-3.66467,3.23073,1.8305,-2.05544
-3.6647,3.23078,1.83061,-2.05545
-3.66486,3.23108,1.83136,-2.05538
-3.66288,3.22902,1.83601,-2.05251
-3.65413,3.21513,1.84238,-2.0434
-3.6383,3.18978,1.84973,-2.02744
-3.61697,3.15675,1.85784,-2.00437
-3.59267,3.11925,1.86624,-1.97502
-3.56732,3.08015,1.87485,-1.93998
-3.54132,3.0392,1.88359,-1.89998
-3.51515,2.99758,1.89224,-1.85645
-3.48916,2.95643,1.90085,-1.81003
-3.463,2.9147,1.90952,-1.76132
-3.43664,2.87268,1.91807,-1.71128
-3.41055,2.83146,1.92656,-1.66031
-3.38428,2.78978,1.93512,-1.60853
-3.35794,2.74794,1.94358,-1.55659
-3.33181,2.70675,1.95207,-1.50447
-3.30551,2.66504,1.96066,-1.45208
-3.27896,2.62294,1.96917,-1.39986
-3.25276,2.58166,1.97767,-1.34777
-3.16719,2.44778,2.00356,-1.15787
-3.16688,2.4473,2.00365,-1.15655
-3.16658,2.44683,2.00375,-1.15524
-3.1663,2.44637,2.00384,-1.15395
-3.16243,2.43999,2.00511,-1.13249
-3.15955,2.43428,2.0061,-1.10602
-3.16169,2.43055,2.00343,-1.07806
-3.17553,2.43441,1.9957,-1.04471
-3.20083,2.44536,1.98368,-1.00499
-3.23378,2.4607,1.96825,-0.958151
-3.2714,2.47911,1.95047,-0.904362
-3.31081,2.49901,1.93165,-0.844967
-3.35024,2.51944,1.91212,-0.780493
-3.39017,2.54072,1.89244,-0.712014
-3.43035,2.56219,1.87257,-0.640269
-3.47098,2.58387,1.85252,-0.565858
-3.51189,2.60553,1.83275,-0.489927
-3.55209,2.62669,1.8131,-0.41283
-3.59249,2.64818,1.79335,-0.334587
-3.63356,2.66994,1.7738,-0.255905
-3.67413,2.69122,1.75436,-0.177005
-3.71463,2.7127,1.73497,-0.0978792
-3.755,2.73392,1.71573,-0.0189856
-3.7953,2.75537,1.69615,0.060263
-3.94435,2.83419,1.62639,0.509445
-3.94436,2.83419,1.6264,0.509537
-3.94436,2.8342,1.6264,0.509625
-3.94437,2.8342,1.62641,0.509711
-3.94437,2.8342,1.62642,0.509793
-3.94438,2.83421,1.62643,0.509873
-3.94438,2.83421,1.62644,0.50995
-3.94438,2.83421,1.62644,0.510024
-3.94439,2.83422,1.62645,0.510095
-3.94439,2.83422,1.62646,0.510164
-3.94443,2.83424,1.62652,0.510694
-3.94443,2.83425,1.62652,0.510755
-3.94453,2.83432,1.62644,0.511528
-3.94551,2.83489,1.62624,0.515999
-3.93954,2.83152,1.62728,0.525902
-3.92054,2.82283,1.6299,0.541502
-3.89047,2.80906,1.63417,0.563274
-3.8525,2.79153,1.63982,0.590927
-3.81037,2.77191,1.64634,0.623358
-3.76744,2.75158,1.65342,0.65978
-3.72392,2.73061,1.6608,0.699397
-3.68051,2.70978,1.66826,0.741235
-3.63695,2.68875,1.67585,0.785067
-3.59216,2.66719,1.68355,0.830369
-3.54734,2.64589,1.69111,0.876417
-3.50121,2.62388,1.69895,0.924938
-3.45811,2.60317,1.70627,0.970225
-3.41329,2.58179,1.71377,1.0174
-3.36904,2.56069,1.72121,1.06455
-3.32439,2.53926,1.72877,1.1119
-3.27962,2.51785,1.73623,1.15895
-3.23568,2.49695,1.74364,1.20578
-3.08984,2.42718,1.76626,1.42045
-3.08979,2.42714,1.76627,1.42103
-3.08973,2.4271,1.76627,1.4216
-3.08967,2.42706,1.76628,1.42217
-3.08962,2.42702,1.76628,1.42272
-3.08957,2.42699,1.76628,1.42327
-3.08929,2.42679,1.7663,1.42642
-3.08792,2.42599,1.76695,1.43741
-3.07958,2.4231,1.76981,1.43909
-3.05914,2.4169,1.77454,1.42698
-3.02696,2.40798,1.78104,1.39784
-2.98609,2.39698,1.7888,1.35204
-2.94146,2.38504,1.79723,1.29183
-2.89535,2.37328,1.80614,1.21895
-2.8485,2.36195,1.81519,1.13625
-2.80196,2.35077,1.82432,1.0456
-2.75448,2.33961,1.83364,0.948099
-2.7062,2.32807,1.84294,0.846043
-2.65854,2.31614,1.85211,0.740496
-2.61057,2.30432,1.86135,0.632047
-2.56218,2.29247,1.87059,0.522105
-2.51491,2.28058,1.87966,0.411419
-2.4676,2.26893,1.88882,0.299596
-2.41948,2.25724,1.89795,0.187572
-2.37197,2.24534,1.907,0.0753085
-2.32414,2.23351,1.91613,-0.0374262
-2.14895,2.18794,1.94737,-0.522762
-2.14853,2.18786,1.94744,-0.525523
-2.14812,2.18778,1.9475,-0.52826
-2.14772,2.1877,1.94757,-0.530974
-2.14734,2.18763,1.94763,-0.533664
-2.14095,2.18665,1.94873,-0.589535
-2.13606,2.18644,1.94853,-0.639522
-2.135,2.19027,1.94287,-0.677534
-2.14522,2.20357,1.93095,-0.703463
-2.16514,2.2244,1.91413,-0.718337
-2.191,2.24953,1.89353,-0.723537
-2.22043,2.27727,1.87059,-0.72075
-2.25104,2.30572,1.84665,-0.71176
-2.28185,2.3344,1.82199,-0.697955
-2.31308,2.36347,1.79739,-0.680748
-2.3441,2.39232,1.77271,-0.661096
-2.37584,2.4219,1.74758,-0.63964
-2.40841,2.45209,1.72272,-0.61719
-2.44037,2.48163,1.69803,-0.594197
-2.47243,2.51139,1.67319,-0.570862
-2.50465,2.5412,1.64871,-0.547574
-2.53632,2.57053,1.62427,-0.524385
-2.56826,2.60016,1.59957,-0.501256
-2.60066,2.63013,1.57502,-0.478339
-2.63264,2.65969,1.55047,-0.455596
-2.74082,2.76013,1.46997,-0.340677
-2.74083,2.76015,1.46998,-0.340584
-2.74084,2.76016,1.47,-0.340493
-2.74085,2.76017,1.47002,-0.340403
-2.74086,2.76018,1.47003,-0.340315
-2.74087,2.76019,1.47005,-0.340229
-2.74089,2.76021,1.47007,-0.340144
-2.7409,2.76022,1.47008,-0.340062
-2.74091,2.76023,1.4701,-0.33998
-2.74097,2.76029,1.4702,-0.339527
-2.74195,2.76155,1.47,-0.336738
-2.74642,2.77054,1.47196,-0.329776
-2.75447,2.79257,1.47771,-0.315468
-2.76465,2.82573,1.48685,-0.293286
-2.77538,2.86528,1.49887,-0.263138
-2.78616,2.90882,1.51304,-0.225616
-2.79693,2.95382,1.52824,-0.182259
-2.80737,2.99881,1.54412,-0.133951
-2.81773,3.04426,1.56035,-0.0817342
-2.82821,3.08989,1.57665,-0.0266315
-2.83878,3.13572,1.59308,0.0308977
-2.84954,3.18226,1.60948,0.0900199
-2.86033,3.22827,1.62563,0.150081
-2.87103,3.27438,1.64182,0.210995
-2.88177,3.32089,1.65791,0.272238
-2.8925,3.3667,1.67388,0.333499
-2.90315,3.41257,1.68988,0.394844
-2.91372,3.45813,1.70569,0.455841
-2.9243,3.50353,1.72168,0.516918
-2.9639,3.67518,1.77795,0.845911
-2.9639,3.67521,1.77794,0.846349
-2.96391,3.67524,1.77793,0.84678
-2.96391,3.67527,1.77792,0.847204
-2.96391,3.6753,1.77791,0.847621
-2.96391,3.67533,1.77791,0.848032
-2.96392,3.67536,1.7779,0.848436
-2.96392,3.67538,1.77789,0.848834
-2.96394,3.67551,1.77784,0.850726
-2.96418,3.67642,1.77845,0.858861
-2.96452,3.6768,1.78098,0.862467
-2.96374,3.66595,1.78502,0.859139
-2.96214,3.63992,1.78987,0.848446
-2.95934,3.60312,1.7953,0.830104
-2.95544,3.55928,1.80115,0.804622
-2.95094,3.51184,1.80718,0.773305
-2.94619,3.46399,1.81324,0.737198
-2.9411,3.41543,1.81939,0.697123
-2.93609,3.36604,1.82551,0.654162
-2.93132,3.31714,1.83156,0.609245
-2.9264,3.26815,1.83767,0.562717
-2.92149,3.21846,1.84374,0.515137
-2.9168,3.16915,1.84971,0.467135
-2.91198,3.12007,1.85569,0.418699
-2.90709,3.07041,1.8617,0.369983
-2.90236,3.02096,1.86764,0.321444
-2.8976,2.97189,1.87366,0.27287
-2.8928,2.92266,1.87962,0.224566
-2.87455,2.72759,1.9007,-0.0538997
-2.87455,2.72757,1.90069,-0.0540855
-2.87455,2.72755,1.90069,-0.0542676
-2.87455,2.72753,1.90068,-0.0544461
-2.87455,2.72751,1.90068,-0.054621
-2.87455,2.7275,1.90068,-0.0547923
-2.87455,2.72748,1.90067,-0.0549602
-2.87455,2.72746,1.90067,-0.0551246
-2.87455,2.72744,1.90067,-0.0552856
-2.87455,2.72743,1.90066,-0.0554433
-2.87455,2.72733,1.90064,-0.0563205
-2.87433,2.72574,1.90195,-0.0600862
-2.87251,2.72857,1.90586,-0.0597298
-2.86843,2.7448,1.91239,-0.0547787
-2.86289,2.77442,1.92081,-0.0450992
-2.85674,2.81291,1.93082,-0.0306406
-2.84999,2.85723,1.94191,-0.0117355
-2.84296,2.90382,1.95339,0.0106511
-2.83588,2.95034,1.96514,0.0359898
-2.82843,2.9978,1.97711,0.0638049
-2.82088,3.04569,1.98897,0.0932676
-2.81354,3.09315,2.00078,0.123977
-2.80607,3.14109,2.01267,0.155698
-2.79853,3.18946,2.02446,0.18792
-2.79122,3.23713,2.03616,0.220426
-2.78384,3.28498,2.04787,0.253121
-2.77648,3.33239,2.05944,0.285723
-2.76922,3.3797,2.07111,0.31837
-2.76171,3.42798,2.083,0.351211
-2.75409,3.47687,2.09481,0.383964
-2.72738,3.64731,2.13373,0.556875
-2.72738,3.64733,2.13372,0.557026
-2.72737,3.64735,2.13371,0.557174
-2.72737,3.64737,2.1337,0.55732
-2.72736,3.64739,2.13369,0.557462
-2.72736,3.64741,2.13368,0.557602
-2.72736,3.64743,2.13368,0.55774
-2.72735,3.64745,2.13367,0.557874
-2.72735,3.64747,2.13366,0.558006
-2.72733,3.64756,2.13362,0.558629
-2.72752,3.64911,2.13409,0.56234
-2.73237,3.65084,2.13383,0.566065
-2.74806,3.64652,2.13166,0.570934
-2.77548,3.63398,2.12735,0.57734
-2.81135,3.61475,2.12146,0.585225
-2.85041,3.59247,2.11455,0.59441
-2.89104,3.56882,2.10695,0.604796
-2.93306,3.54422,2.099,0.616158
-2.97501,3.51962,2.09098,0.628223
-3.01687,3.49514,2.08287,0.640891
-3.05957,3.47015,2.07473,0.654013
-3.1022,3.44512,2.06672,0.667368
-3.14436,3.4204,2.05874,0.680941
-3.18681,3.39548,2.05086,0.694569
-3.22854,3.37097,2.04301,0.708226
-3.27061,3.3463,2.03507,0.721965
-3.31357,3.32106,2.02716,0.735704
-3.35599,3.2961,2.01922,0.749436
-3.39882,3.27099,2.01115,0.763234
-3.55795,3.17795,1.98158,0.838895
-3.55797,3.17794,1.98158,0.838941
-3.55798,3.17793,1.98159,0.838986
-3.558,3.17793,1.98159,0.83903
-3.55801,3.17792,1.9816,0.839074
-3.55802,3.17791,1.9816,0.839116
-3.55804,3.17791,1.98161,0.839158
-3.55805,3.1779,1.98161,0.839198
-3.55806,3.1779,1.98162,0.839238
-3.55807,3.17789,1.98162,0.839277
-3.55814,3.17786,1.98166,0.839492
-3.55994,3.17636,1.98074,0.843948
-3.56568,3.1656,1.97548,0.860704
-3.57318,3.14237,1.96503,0.894431
-3.57961,3.1095,1.94952,0.94755
-3.585,3.07015,1.93039,1.01895
-3.58947,3.02863,1.90942,1.10518
-3.59417,2.98687,1.88692,1.20478
-3.59987,2.94345,1.86355,1.31546
-3.60555,2.89868,1.83991,1.43474
-3.61071,2.85401,1.81654,1.55993
-3.61568,2.81052,1.79329,1.68986
-3.62108,2.76703,1.77036,1.82312
-3.62626,2.7236,1.74744,1.95893
-3.63164,2.67953,1.72416,2.0973
-3.63678,2.63459,1.70114,2.23706
-3.6413,2.59046,1.67837,2.37748
-3.64638,2.54669,1.65524,2.51914
-3.65182,2.50219,1.63218,2.66136
-3.65669,2.45791,1.60928,2.80373
-3.67424,2.30226,1.52964,-2.63893
-3.67424,2.30224,1.52965,-2.6383
-3.67424,2.30223,1.52967,-2.63768
-3.67424,2.30221,1.52969,-2.63708
-3.67423,2.3022,1.5297,-2.63648
-3.67423,2.30219,1.52972,-2.63589
-3.67423,2.30217,1.52973,-2.63532
-3.67423,2.30216,1.52975,-2.63476
-3.67423,2.30215,1.52977,-2.6342
-3.67423,2.30214,1.52978,-2.63366
-3.67422,2.30206,1.52987,-2.63061
-3.67389,2.30076,1.52976,-2.61732
-3.66756,2.29589,1.52927,-2.60914
-3.6469,2.29076,1.52947,-2.60586
-3.61397,2.28681,1.53064,-2.60766
-3.57286,2.28393,1.5329,-2.61472
-3.52634,2.28206,1.53598,-2.62654
-3.47835,2.28067,1.53962,-2.6423
-3.42976,2.27952,1.5437,-2.66142
-3.38082,2.27864,1.54787,-2.68299
-3.33235,2.27769,1.55211,-2.70652
-3.28265,2.27682,1.55644,-2.73166
-3.23229,2.27595,1.56073,-2.75775
-3.18259,2.2749,1.56498,-2.78452
-3.13237,2.27393,1.56925,-2.81181
-3.08212,2.27298,1.57345,-2.8392
-3.03276,2.27196,1.57765,-2.86668
-2.98319,2.27101,1.58182,-2.89408
-2.93425,2.27005,1.58596,-2.92133
-2.88516,2.2691,1.59014,-2.94857
-2.69996,2.26487,1.60347,-3.10061
-2.69996,2.26487,1.60347,-3.1006
-2.69996,2.26487,1.60347,-3.10059
-2.69996,2.26487,1.60347,-3.10058
-2.69996,2.26487,1.60347,-3.10056
-2.69996,2.26487,1.60347,-3.10055
-2.69996,2.26487,1.60347,-3.10054
-2.69996,2.26487,1.60346,-3.10052
-2.69995,2.26487,1.60346,-3.10051
-2.69995,2.26487,1.60346,-3.1005
-2.69994,2.26487,1.6035,-3.10035
-2.69993,2.26487,1.60351,-3.10034
-2.69993,2.26487,1.60352,-3.10034
-2.69992,2.26487,1.60353,-3.10034
-2.69991,2.26487,1.60355,-3.10034
-2.69988,2.26487,1.60359,-3.10032
-2.69831,2.26614,1.60527,-3.0972
-2.70362,2.27368,1.60809,-3.08664
-2.72227,2.28803,1.61164,-3.06705
-2.75156,2.30743,1.61589,-3.03728
-2.78786,2.33009,1.62055,-2.99826
-2.82679,2.35417,1.62542,-2.95079
-2.86756,2.37985,1.63045,-2.8959
-2.90943,2.40605,1.63548,-2.83552
-2.95093,2.43206,1.6405,-2.77075
-2.99274,2.45848,1.64558,-2.70248
-3.03466,2.48463,1.6506,-2.63212
-3.07634,2.51072,1.65565,-2.55982
-3.11879,2.53733,1.66078,-2.4863
-3.16095,2.56339,1.6658,-2.41231
-3.20297,2.58961,1.67085,-2.33759
-3.24559,2.61627,1.6759,-2.26263
-3.28782,2.64241,1.68087,-2.18772
-3.33012,2.66879,1.6859,-2.11256
-3.37264,2.69531,1.69087,-2.03768
-3.50742,2.77951,1.70363,-1.6532
-3.50742,2.77951,1.70363,-1.65324
-3.50742,2.77951,1.70363,-1.65327
-3.50742,2.77951,1.70362,-1.6533
-3.50742,2.77951,1.70362,-1.65334
-3.50742,2.77951,1.70362,-1.65337
-3.50742,2.77951,1.70362,-1.6534
-3.50742,2.77951,1.70362,-1.65343
-3.50742,2.77951,1.70362,-1.65346
-3.50742,2.77951,1.70362,-1.65349
-3.50743,2.77951,1.70368,-1.65378
-3.50744,2.77952,1.7037,-1.65378
-3.50744,2.77952,1.70372,-1.65376
-3.50745,2.77952,1.70374,-1.65374
-3.50746,2.77953,1.70376,-1.65371
-3.50747,2.77954,1.70378,-1.65367
-3.50749,2.77955,1.70381,-1.65362
-3.50751,2.77956,1.70384,-1.65356
-3.50754,2.77957,1.70387,-1.65349
-3.50757,2.77958,1.7039,-1.65341
-3.50947,2.77981,1.70445,-1.64958
-3.51667,2.77401,1.7047,-1.63476
-3.52733,2.75413,1.7038,-1.60732
-3.53889,2.72188,1.7017,-1.56593
-3.55073,2.68056,1.69872,-1.51131
-3.56226,2.63523,1.69512,-1.44581
-3.5742,2.58899,1.69103,-1.37094
-3.58691,2.54154,1.68674,-1.28851
-3.59949,2.49378,1.68239,-1.2008
-3.61208,2.44639,1.678,-1.1087
-3.6249,2.39831,1.6736,-1.01306
-3.63752,2.34963,1.66934,-0.915509
-3.6495,2.30214,1.66512,-0.816908
-3.66189,2.255,1.6609,-0.717154
-3.67461,2.20689,1.65676,-0.61644
-3.68694,2.15854,1.65265,-0.515716
-3.69918,2.11053,1.6484,-0.414487
-3.71188,2.06187,1.64408,-0.312791
-3.72432,2.01328,1.6398,-0.211383
-3.76446,1.85285,1.62464,0.220086
-3.76454,1.85263,1.62459,0.22211
-3.76463,1.85242,1.62455,0.224114
-3.76471,1.85221,1.6245,0.226097
-3.76479,1.85201,1.62446,0.228061
-3.76583,1.84974,1.62393,0.255232
-3.76702,1.84683,1.62316,0.293929
-3.76562,1.84646,1.62063,0.326537
-3.75675,1.85599,1.61536,0.354812
-3.73996,1.87818,1.60731,0.380247
-3.71777,1.91008,1.59738,0.403625
-3.69366,1.94664,1.58626,0.425606
-3.66835,1.98556,1.57435,0.44692
-3.64217,2.02553,1.56224,0.467815
-3.61617,2.06515,1.55007,0.488565
-3.58985,2.10503,1.53791,0.509367
-3.5636,2.14471,1.52591,0.530206
-3.53738,2.18452,1.51378,0.551341
-3.51028,2.22552,1.50161,0.572783
-3.48332,2.26643,1.48958,0.594349
-3.4569,2.30674,1.47753,0.616097
-3.43005,2.34755,1.46541,0.638089
-3.40312,2.3884,1.45342,0.66013
-3.37657,2.42884,1.44136,0.682284
-3.34967,2.46969,1.42925,0.704556
-3.25041,2.61958,1.38542,0.82653
-3.2504,2.61959,1.38543,0.826625
-3.25038,2.61961,1.38543,0.826718
-3.25037,2.61962,1.38544,0.826808
-3.25036,2.61964,1.38545,0.826897
-3.25035,2.61965,1.38546,0.826985
-3.25034,2.61967,1.38547,0.827071
-3.25033,2.61968,1.38547,0.827154
-3.25032,2.61969,1.38548,0.827237
-3.25031,2.61971,1.38549,0.827317
-3.24993,2.62029,1.38573,0.829659
-3.24575,2.62486,1.38769,0.838657
-3.23189,2.63726,1.39315,0.863703
-3.20754,2.65782,1.40213,0.908903
-3.17666,2.6838,1.41353,0.97321
-3.14293,2.71133,1.42684,1.05529
-3.10678,2.73917,1.44149,1.15312
-3.06916,2.76753,1.45659,1.26304
-3.0317,2.79578,1.47192,1.38287
-2.99374,2.82397,1.48751,1.51078
-2.95577,2.85254,1.5029,1.6441
-2.91847,2.88093,1.51823,1.78184
-2.88071,2.90923,1.53372,1.92337
-2.84251,2.93799,1.54906,2.06717
-2.80507,2.9668,1.56432,2.21271
-2.76744,2.99538,1.57975,2.36003
-2.72922,3.02411,1.59521,2.5083
-2.69166,3.05285,1.61055,2.65714
-2.65389,3.08151,1.62607,2.80703
-2.61565,3.1103,1.64148,2.95715
-2.49764,3.19997,1.68404,-2.48224
-2.49764,3.19998,1.68404,-2.48165
-2.49763,3.19999,1.68403,-2.48107
-2.49762,3.2,1.68402,-2.48051
-2.49762,3.20001,1.68401,-2.47995
-2.49761,3.20001,1.684,-2.47941
-2.49761,3.20002,1.684,-2.47888
-2.4976,3.20003,1.68399,-2.47835
-2.4976,3.20004,1.68398,-2.47784
-2.49759,3.20004,1.68397,-2.47733
-2.49756,3.20009,1.68392,-2.47408
-2.49691,3.20089,1.68569,-2.46193
-2.49812,3.2069,1.69143,-2.45353
-2.51,3.21929,1.70168,-2.44935
-2.53434,3.2367,1.71579,-2.45009
-2.56707,3.2572,1.73238,-2.45549
-2.60358,3.27889,1.75063,-2.46514
-2.64197,3.30101,1.7697,-2.47843
-2.68043,3.32282,1.78911,-2.49466
-2.7194,3.34476,1.8089,-2.51337
-2.75945,3.36716,1.82901,-2.53405
-2.80016,3.38996,1.84901,-2.5561
-2.84018,3.41248,1.86877,-2.57903
-2.88022,3.43505,1.88861,-2.60265
-2.92075,3.45777,1.9084,-2.62668
-2.96078,3.48025,1.92794,-2.65083
-3.00065,3.50274,1.94759,-2.67509
-3.04046,3.52504,1.96693,-2.69924
-3.07999,3.54735,1.98647,-2.7234
-3.12045,3.57002,2.00618,-2.7476
-3.2682,3.65364,2.07309,-2.87888
-3.2682,3.65364,2.07309,-2.87888
-3.2682,3.65364,2.07309,-2.87888
-3.2682,3.65364,2.07309,-2.87888
-3.2682,3.65364,2.07309,-2.87888
-3.2682,3.65364,2.07309,-2.87888
-3.2682,3.65364,2.07309,-2.87888
-3.2682,3.65364,2.07309,-2.87888
-3.2682,3.65364,2.07309,-2.87888
-3.2682,3.65364,2.07309,-2.87888
-3.26822,3.65365,2.0733,-2.87896
-3.26823,3.65366,2.07335,-2.87899
-3.26824,3.65367,2.07339,-2.87903
-3.26825,3.65368,2.07344,-2.87908
-3.26827,3.65369,2.0735,-2.87914
-3.26829,3.6537,2.07356,-2.8792
-3.26831,3.65372,2.07361,-2.87928
-3.26834,3.65374,2.07367,-2.87937
-3.26837,3.65376,2.07373,-2.87946
-3.2684,3.65378,2.07379,-2.87957
-3.26844,3.6538,2.07386,-2.87968
-3.26848,3.65382,2.07392,-2.8798
-3.26852,3.65385,2.07398,-2.87994
-3.26857,3.65387,2.07405,-2.88008
-3.26862,3.6539,2.07412,-2.88025
-3.26867,3.65392,2.07419,-2.88042
-3.26872,3.65395,2.07426,-2.88062
-3.26878,3.65397,2.07433,-2.88082
-3.26884,3.65399,2.0744,-2.88105
-3.26932,3.654,2.07501,-2.88381
-3.26678,3.65005,2.07578,-2.90134
-3.25323,3.63723,2.07429,-2.93693
-3.22963,3.61472,2.07053,-2.99088
-3.20079,3.58599,2.06498,-3.06166
-3.16858,3.55423,2.05799,3.13492
-3.13348,3.52095,2.05024,3.03551
-3.09792,3.48759,2.04201,2.92619
-3.06194,3.45452,2.03346,2.80854
-3.02524,3.42118,2.02495,2.68503
-2.98928,3.38794,2.01652,2.55718
-2.95345,3.35492,2.00815,2.42594
-2.91777,3.32182,1.99995,2.29276
-2.88238,3.28894,1.99174,2.1577
-2.84625,3.25564,1.98349,2.02094
-2.80997,3.22165,1.97529,1.88345
-2.77416,3.18791,1.96708,1.74511
-2.73793,3.15425,1.95887,1.60607
-2.70194,3.12052,1.95078,1.46711
-2.57742,3.00268,1.92091,0.642675
-2.57742,3.00268,1.92091,0.642739
-2.57742,3.00268,1.9209,0.642802
-2.57742,3.00268,1.9209,0.642864
-2.57742,3.00268,1.9209,0.642927
-2.57742,3.00268,1.9209,0.642989
-2.57742,3.00268,1.92089,0.64305
-2.57742,3.00268,1.92089,0.643111
-2.57742,3.00268,1.92089,0.643172
-2.57742,3.00268,1.92089,0.643232
-2.5774,3.00266,1.92096,0.643597
-2.57739,3.00265,1.92097,0.643568
-2.57738,3.00264,1.92098,0.643534
-2.57736,3.00263,1.921,0.643494
-2.57735,3.00261,1.92102,0.64345
-2.57733,3.00259,1.92104,0.643401
-2.5773,3.00257,1.92106,0.643348
-2.57727,3.00254,1.92109,0.64329
-2.57724,3.0025,1.92111,0.643228
-2.57721,3.00247,1.92114,0.643163
-2.57683,3.00197,1.92152,0.642581
-2.57793,2.99875,1.9248,0.641791
-2.59026,2.99421,1.93215,0.645775
-2.61635,2.98948,1.94354,0.657064
-2.65267,2.98524,1.95786,0.676121
-2.69391,2.98182,1.97436,0.702926
-2.73806,2.97904,1.9924,0.736818
-2.78363,2.97646,2.01112,0.776516
-2.82888,2.97395,2.03006,0.820841
-2.87436,2.97165,2.04921,0.868927
-2.91972,2.96914,2.06811,0.919572
-2.96533,2.96681,2.08715,0.972508
-3.01197,2.96428,2.10624,1.02705
-3.05831,2.96157,2.12511,1.08241
-3.10461,2.95908,2.14412,1.13864
-3.15139,2.95652,2.16305,1.19517
-3.19742,2.95388,2.18183,1.25173
-3.24352,2.95142,2.20075,1.30848
-3.29018,2.9489,2.2197,1.36524
-3.46751,2.93921,2.28864,1.67079
-3.46755,2.93921,2.28864,1.67128
-3.46758,2.93921,2.28864,1.67176
-3.46761,2.93922,2.28863,1.67223
-3.46765,2.93922,2.28863,1.6727
-3.46768,2.93922,2.28862,1.67316
-3.46771,2.93922,2.28862,1.67362
-3.46774,2.93922,2.28861,1.67406
-3.46792,2.93922,2.28857,1.67661
-3.4693,2.93908,2.29007,1.6869
-3.46642,2.9383,2.29348,1.68606
-3.45054,2.93628,2.29809,1.67425
-3.42026,2.93275,2.30344,1.65048
-3.38007,2.928,2.30912,1.6158
-3.33509,2.92291,2.3149,1.5713
-3.28739,2.91809,2.32078,1.51825
-3.23866,2.91344,2.3266,1.45881
-3.19029,2.90887,2.3324,1.39416
-3.14105,2.90445,2.33828,1.32538
-3.0919,2.8998,2.34404,1.25397
-3.04282,2.89502,2.34974,1.18041
-2.9931,2.89027,2.35547,1.10538
-2.94379,2.88539,2.36112,1.02979
-2.89474,2.88048,2.36687,0.953596
-2.84562,2.87573,2.37256,0.877468
-2.79688,2.87087,2.37825,0.801119
-2.74709,2.86609,2.38399,0.724377
-2.69707,2.86117,2.38966,0.647922
-2.5189,2.84252,2.40696,0.219848
-2.5189,2.84252,2.40696,0.219892
-2.5189,2.84252,2.40695,0.219936
-2.5189,2.84252,2.40695,0.219981
-2.5189,2.84252,2.40695,0.220025
-2.5189,2.84252,2.40695,0.220069
-2.5189,2.84252,2.40694,0.220114
-2.5189,2.84252,2.40694,0.220158
-2.5189,2.84252,2.40694,0.220203
-2.5189,2.84252,2.40694,0.220247
-2.51889,2.84252,2.40701,0.220759
-2.51888,2.84251,2.40704,0.220763
-2.51887,2.84251,2.40706,0.220757
-2.51885,2.84251,2.40709,0.220745
-2.51884,2.84251,2.40711,0.220727
-2.51882,2.84251,2.40713,0.220704
-2.51879,2.8425,2.40716,0.220676
-2.51799,2.84268,2.40746,0.219661
-2.51716,2.84791,2.40729,0.214831
-2.52461,2.86366,2.40571,0.205494
-2.54132,2.8892,2.40282,0.192172
-2.56442,2.9216,2.39886,0.175288
-2.59174,2.95826,2.39416,0.155299
-2.62087,2.99649,2.38914,0.133015
-2.6503,3.03481,2.3839,0.10887
-2.68026,3.07335,2.3786,0.0833933
-2.70999,3.11151,2.37331,0.0570137
-2.74012,3.15022,2.36792,0.0297733
-2.77112,3.18986,2.36258,0.00202752
-2.80173,3.22928,2.35724,-0.0259429
-2.83227,3.26874,2.35187,-0.0541507
-2.86314,3.30842,2.34656,-0.082372
-2.89344,3.34746,2.34129,-0.110501
-2.92371,3.38651,2.33604,-0.138589
-2.95389,3.42527,2.33085,-0.166458
-2.98378,3.46385,2.32563,-0.194272
-3.09635,3.6096,2.30546,-0.347737
-3.09637,3.60962,2.30547,-0.347904
-3.09637,3.60963,2.30547,-0.347985
-3.09638,3.60965,2.30547,-0.348065
-3.09639,3.60966,2.30548,-0.348142
-3.0964,3.60967,2.30548,-0.348218
-3.0964,3.60968,2.30549,-0.348292
-3.09641,3.6097,2.30549,-0.348365
-3.09641,3.60971,2.30549,-0.348436
-3.09642,3.60972,2.3055,-0.348505
-3.09646,3.60979,2.30553,-0.348949
-3.09732,3.61068,2.30593,-0.351421
-3.10089,3.60754,2.30742,-0.357224
-3.10441,3.59105,2.31005,-0.368536
-3.10705,3.5614,2.31376,-0.385718
-3.10911,3.52169,2.31843,-0.408742
-3.11075,3.47691,2.32366,-0.436783
-3.11211,3.42949,2.32935,-0.469487
-3.11303,3.38025,2.33526,-0.505955
-3.11387,3.33115,2.3412,-0.545139
-3.1147,3.2821,2.3472,-0.586604
-3.1154,3.23229,2.35323,-0.629767
-3.11618,3.18271,2.35919,-0.673838
-3.11712,3.13347,2.3652,-0.718715
-3.11791,3.08404,2.3711,-0.763836
-3.11884,3.03535,2.37697,-0.809112
-3.1197,2.98586,2.38293,-0.854821
-3.12047,2.93529,2.38888,-0.90058
-3.12146,2.88541,2.39478,-0.94627
-3.12242,2.83554,2.40073,-0.992054
-3.12625,2.65437,2.4204,-1.2342
-3.12625,2.65434,2.4204,-1.2345
-3.12625,2.65431,2.4204,-1.23479
-3.12625,2.65428,2.42039,-1.23508
-3.12625,2.65425,2.42039,-1.23536
-3.12625,2.65422,2.42039,-1.23564
-3.12626,2.65419,2.42038,-1.23591
-3.12626,2.65416,2.42038,-1.23618
-3.12626,2.65413,2.42038,-1.23644
-3.12635,2.65331,2.42049,-1.24242
-3.12757,2.65163,2.41929,-1.24553
-3.13334,2.65822,2.41467,-1.24434
-3.14491,2.67827,2.40655,-1.23828
-3.16064,2.70857,2.39527,-1.2271
-3.17924,2.7463,2.38172,-1.21112
-3.19893,2.78715,2.36699,-1.19121
-3.21864,2.82879,2.35144,-1.16794
-3.23852,2.87142,2.33548,-1.14196
-3.25855,2.9145,2.31961,-1.11409
-3.2783,2.95692,2.30383,-1.08482
-3.29813,2.9997,2.28813,-1.05455
-3.31794,3.04217,2.27262,-1.02374
-3.33776,3.08487,2.2569,-0.992356
-3.3581,3.12853,2.24122,-0.96071
-3.37823,3.17147,2.22577,-0.929131
-3.39802,3.21407,2.21014,-0.897405
-3.4183,3.25766,2.19443,-0.86563
-3.43853,3.30084,2.17888,-0.834011
-3.51865,3.47323,2.11682,-0.669604
-3.51869,3.47331,2.11678,-0.669181
-3.51873,3.4734,2.11675,-0.668763
-3.51876,3.47348,2.11671,-0.66835
-3.51879,3.47356,2.11668,-0.667943
-3.51883,3.47364,2.11665,-0.667541
-3.51886,3.47372,2.11662,-0.667144
-3.51939,3.47493,2.11614,-0.660081
-3.52008,3.47765,2.11543,-0.656406
-3.51504,3.4792,2.11388,-0.668143
-3.4959,3.47243,2.11078,-0.701197
-3.46537,3.45614,2.10647,-0.755368
-3.42954,3.43448,2.10113,-0.829187
-3.39048,3.4109,2.09516,-0.920292
-3.34909,3.38663,2.08887,-1.02565
-3.30686,3.36205,2.08248,-1.14156
-3.26479,3.33778,2.07604,-1.26612
-3.22234,3.3135,2.0697,-1.39696
-3.1804,3.28902,2.0634,-1.53252
-3.13801,3.26446,2.05706,-1.67235
-3.09512,3.23931,2.05076,-1.81482
-3.05278,3.21395,2.04446,-1.95943
-3.01013,3.18877,2.03817,-2.10596
-2.96739,3.16358,2.032,-2.25326
-2.92516,3.13847,2.02581,-2.40163
-2.88201,3.11331,2.01956,-2.55133
-2.83847,3.08775,2.01338,-2.7013
-2.69247,3.0002,1.99021,2.70783
-2.69246,3.00018,1.99022,2.7069
-2.69245,3.00017,1.99022,2.70599
-2.69243,3.00015,1.99023,2.70509
-2.69242,3.00014,1.99024,2.70421
-2.69241,3.00012,1.99024,2.70335
-2.6924,3.00011,1.99025,2.70249
-2.69239,3.00009,1.99025,2.70165
-2.69238,3.00008,1.99026,2.70083
-2.69232,3,1.99029,2.69615
-2.69177,2.99945,1.99049,2.67908
-2.69121,2.99418,1.98858,2.65939
-2.69885,2.98052,1.98372,2.63573
-2.7176,2.96046,1.97606,2.60678
-2.74569,2.93537,1.96615,2.57183
-2.7796,2.90731,1.95484,2.53132
-2.81573,2.87807,1.94269,2.48588
-2.8528,2.84801,1.9302,2.43642
-2.88959,2.81829,1.91768,2.38394
-2.92651,2.78833,1.90503,2.32879
-2.96416,2.75788,1.89239,2.27162
-3.00178,2.72781,1.87995,2.21331
-3.03929,2.69786,1.86747,2.15394
-3.07722,2.66745,1.85493,2.09374
-3.11513,2.63719,1.84259,2.03339
-3.15269,2.60734,1.83024,1.97282
-3.19055,2.57703,1.81775,1.91189
-3.22861,2.54658,1.80542,1.85112
-3.26624,2.5167,1.79309,1.79042
-3.41466,2.39897,1.74408,1.46175
-3.41469,2.39893,1.74407,1.46114
-3.41473,2.3989,1.74407,1.46054
-3.41476,2.39887,1.74406,1.45995
-3.41479,2.39884,1.74405,1.45937
-3.41482,2.39881,1.74405,1.45879
-3.41485,2.39878,1.74404,1.45822
-3.41488,2.39875,1.74404,1.45766
-3.41552,2.3982,1.74404,1.44668
-3.4178,2.39802,1.74335,1.4431
-3.41945,2.40615,1.74082,1.45616
-3.41848,2.42831,1.73598,1.48956
-3.4149,2.46267,1.72919,1.54434
-3.40954,2.50506,1.72119,1.61811
-3.4031,2.55015,1.71239,1.70802
-3.39496,2.59642,1.70312,1.81174
-3.38575,2.64423,1.69366,1.92631
-3.37682,2.69222,1.68425,2.04876
-3.36779,2.73982,1.67488,2.17783
-3.35846,2.78801,1.66546,2.31194
-3.34961,2.83631,1.65616,2.44918
-3.34094,2.88414,1.64691,2.58919
-3.33207,2.93192,1.6378,2.7307
-3.32333,2.97945,1.62858,2.87375
-3.31415,3.0278,1.6192,3.01837
-3.30522,3.07662,1.60996,-3.11985
-3.29695,3.12446,1.60078,-2.97442
-3.28799,3.17253,1.59145,-2.82794
-3.26321,3.32192,1.56307,-2.24308
-3.26311,3.32221,1.56298,-2.23957
-3.26301,3.32248,1.56289,-2.2361
-3.26291,3.32274,1.56279,-2.23266
-3.26281,3.323,1.5627,-2.22924
-3.26032,3.32791,1.56105,-2.14116
-3.25625,3.33141,1.56232,-2.07397
-3.24326,3.33134,1.56723,-2.00776
-3.22037,3.32455,1.57567,-1.93873
-3.18849,3.31121,1.5871,-1.8644
-3.15117,3.29376,1.60039,-1.78468
-3.11158,3.27412,1.61516,-1.6989
-3.07045,3.25238,1.63082,-1.60716
-3.02893,3.22995,1.64665,-1.51111
-2.98808,3.20788,1.6626,-1.41118
-2.94685,3.18508,1.67884,-1.30735
-2.90484,3.16183,1.69497,-1.20104
-2.86305,3.13927,1.71092,-1.09273
-2.82124,3.11658,1.72692,-0.982553
-2.77923,3.09372,1.74267,-0.871609
-2.73783,3.0714,1.75838,-0.759973
-2.69644,3.04885,1.77406,-0.647921
-2.65533,3.02659,1.78957,-0.535932
-2.61438,3.00428,1.80525,-0.423484
-2.5726,2.98143,1.82105,-0.310658
-2.43964,2.90957,1.86746,0.237177
-2.4396,2.90954,1.86746,0.238428
-2.43956,2.90952,1.86745,0.239663
-2.43951,2.90949,1.86745,0.240882
-2.43947,2.90947,1.86745,0.242084
-2.43943,2.90944,1.86745,0.243271
-2.43939,2.90942,1.86744,0.244441
-2.43883,2.90913,1.86747,0.261268
-2.43744,2.90843,1.86792,0.280665
-2.4384,2.91037,1.86489,0.283516
-2.45002,2.91925,1.85643,0.263922
-2.47178,2.93609,1.8432,0.222123
-2.49946,2.95868,1.82597,0.159217
-2.53118,2.98438,1.80602,0.0776365
-2.56484,3.0111,1.78474,-0.0184972
-2.59906,3.0376,1.7626,-0.126652
-2.63422,3.06393,1.74032,-0.243734
-2.66922,3.09021,1.71799,-0.367652
-2.70466,3.11668,1.69526,-0.49762
-2.74102,3.14406,1.67274,-0.631693
-2.77671,3.17171,1.65028,-0.768656
-2.81221,3.199,1.62767,-0.908196
-2.84814,3.22639,1.60535,-1.04909
-2.8835,3.25367,1.5832,-1.19092
-2.91892,3.28069,1.56112,-1.33353
-2.95404,3.30771,1.53933,-1.47616
-2.98904,3.3345,1.51738,-1.61929
-3.1172,3.43421,1.43777,-2.46993
-3.11721,3.43423,1.43779,-2.47077
-3.11722,3.43424,1.4378,-2.47159
-3.11723,3.43425,1.43782,-2.47239
-3.11724,3.43427,1.43784,-2.47318
-3.11725,3.43428,1.43785,-2.47396
-3.11726,3.4343,1.43787,-2.47473
-3.11727,3.43431,1.43788,-2.47548
-3.11728,3.43432,1.4379,-2.47623
-3.11729,3.43434,1.43792,-2.47695
-3.11761,3.43467,1.43823,-2.49196
-3.12011,3.43417,1.43858,-2.50218
-3.12545,3.4231,1.4403,-2.50219
-3.13186,3.39814,1.44366,-2.49043
-3.13703,3.36283,1.44879,-2.46661
-3.14125,3.32029,1.45549,-2.43115
-3.14505,3.27417,1.46304,-2.38613
-3.14875,3.22703,1.47121,-2.33274
-3.15302,3.17832,1.47976,-2.27249
-3.15733,3.12921,1.48835,-2.20745
-3.16146,3.08063,1.49701,-2.1386
-3.16578,3.03148,1.50579,-2.06681
-3.16999,2.98221,1.51445,-1.99344
-3.17399,2.93354,1.52306,-1.91878
-3.17819,2.88423,1.5317,-1.84317
-3.18223,2.8349,1.5402,-1.76747
-3.18618,2.78631,1.54874,-1.69155
-3.19025,2.73749,1.55721,-1.61586
-3.19419,2.68927,1.56568,-1.54038
-3.19839,2.64046,1.57433,-1.46451
-3.2072,2.51475,1.59443,-1.25426
-3.20727,2.5139,1.59456,-1.25206
-3.20734,2.51308,1.59469,-1.24988
-3.20872,2.49997,1.59685,-1.20773
-3.21016,2.49052,1.60114,-1.16953
-3.20999,2.48409,1.61037,-1.15623
-3.20806,2.48355,1.62447,-1.17333
-3.20409,2.48913,1.6431,-1.22241
-3.19835,2.49926,1.66524,-1.30098
-3.19165,2.5118,1.68915,-1.40331
-3.18495,2.52519,1.71427,-1.52506
-3.1787,2.53937,1.73994,-1.66171
-3.1726,2.55395,1.7656,-1.80964
-3.16647,2.56888,1.79157,-1.96678
-3.16005,2.58408,1.81735,-2.13033
-3.15344,2.59894,1.84298,-2.2987
-3.14701,2.61362,1.86868,-2.4709
-3.14068,2.62844,1.89433,-2.64593
-3.13421,2.64338,1.91994,-2.82316
-3.11152,2.68966,1.99702,2.78295
-3.11144,2.68984,1.99736,2.77718
-3.11137,2.69002,1.9977,2.77144
-3.1113,2.69019,1.99803,2.76573
-3.11051,2.69311,2.00396,2.64726
-3.10994,2.69643,2.00754,2.52712
-3.10605,2.70546,2.004,2.42333
-3.09569,2.72391,1.9921,2.33598
-3.07934,2.75045,1.97369,2.26419
-3.0598,2.78119,1.95077,2.20631
-3.03878,2.81438,1.92481,2.1602
-3.01763,2.84835,1.89753,2.12376
-2.9965,2.88249,1.86921,2.09484
-2.97489,2.91766,1.84025,2.07153
-2.95329,2.95294,1.8115,2.05237
-2.93162,2.98802,1.78274,2.03606
-2.90977,3.02348,1.75393,2.02157
-2.88797,3.05894,1.72554,2.00825
-2.86633,3.09394,1.69748,1.99558
-2.84471,3.12892,1.66916,1.98311
-2.82292,3.16432,1.64103,1.97067
-2.80129,3.19933,1.61294,1.95811
-2.7795,3.23457,1.58457,1.9453
-2.75768,3.27003,1.55651,1.9323
-2.68219,3.39136,1.46169,1.86238
-2.68218,3.39137,1.46171,1.86231
-2.68217,3.39139,1.46172,1.86223
-2.68216,3.39141,1.46174,1.86216
-2.68215,3.39142,1.46175,1.86209
-2.68214,3.39144,1.46177,1.86202
-2.68212,3.39145,1.46179,1.86195
-2.68211,3.39147,1.4618,1.86188
-2.6821,3.39148,1.46182,1.86181
-2.68183,3.39183,1.46175,1.86063
-2.67911,3.39284,1.46005,1.86132
-2.6699,3.38783,1.45714,1.8673
-2.65267,3.37099,1.45335,1.88061
-2.62867,3.34335,1.44907,1.90172
-2.60089,3.30941,1.44469,1.92978
-2.57207,3.27305,1.44034,1.96416
-2.54274,3.23483,1.43612,2.00371
-2.51363,3.19639,1.43191,2.04746
-2.48414,3.15698,1.42763,2.09484
-2.4539,3.11663,1.42348,2.14468
-2.42397,3.07704,1.41931,2.19618
-2.39419,3.03746,1.41509,2.24909
-2.36395,2.99726,1.41091,2.30275
-2.33404,2.95772,1.40679,2.35677
-2.30421,2.91803,1.40266,2.41122
-2.27408,2.87813,1.39861,2.46548
-2.24464,2.83918,1.39455,2.51957
-2.21505,2.79969,1.39041,2.57392
-2.18461,2.75937,1.38633,2.62817
-2.15452,2.71969,1.38226,2.68207
-2.12642,2.68232,1.37832,2.73374
-2.11172,2.65624,1.37425,2.77906
-2.11987,2.64641,1.36972,2.8154
-2.14534,2.64931,1.3649,2.8424
-2.18167,2.66045,1.35998,2.86037
-2.22361,2.67607,1.35513,2.87031
-2.26687,2.69326,1.35034,2.87351
-2.31112,2.71125,1.34555,2.87115
-2.35668,2.72992,1.34078,2.8645
-2.40201,2.74867,1.33604,2.8547
-2.44734,2.76752,1.33124,2.84255
-2.49351,2.78676,1.32647,2.82885
-2.53902,2.80584,1.3217,2.81417
-2.58463,2.82496,1.31692,2.79885
-2.63101,2.8444,1.31214,2.78322
-2.6768,2.86365,1.3074,2.76753
-2.72241,2.8828,1.30269,2.75184
-2.76804,2.90197,1.29801,2.73633
-2.81334,2.92099,1.29324,2.72089
-2.85974,2.94045,1.28842,2.70554
-2.90522,2.95969,1.28475,2.68525
-2.94232,2.97613,1.28239,2.64722
-2.96632,2.98688,1.28085,2.58669
-2.98016,2.9919,1.27987,2.50241
-2.98839,2.99359,1.27927,2.39626
-2.99375,2.99461,1.27891,2.27278
-2.99708,2.9961,1.27904,2.13208
-2.99855,2.99769,1.27893,1.97446
-2.99882,2.99863,1.27829,1.80229
-2.99886,2.99874,1.27748,1.62066
-2.99938,2.99853,1.27679,1.43496
-3.00034,2.99882,1.27626,1.24878
-3.00093,3.00002,1.27604,1.06365
-3.00021,3.00156,1.27611,0.881652
-2.99805,3.00206,1.27648,0.70512
-2.99565,3.00027,1.277,0.53534
-2.99528,2.99614,1.27744,0.373006
-2.99914,2.99187,1.27797,0.210064
-3.00649,2.99241,1.27777,0.0360981
-3.01002,2.99947,1.27753,-0.144389
-3.00519,3.00486,1.27781,-0.317948
-2.99932,3.00411,1.27851,-0.466498
-2.99752,3.00179,1.27883,-0.576614
-2.99806,3.00013,1.27945,-0.639469
-2.99896,2.99929,1.28006,-0.64653
-2.99954,2.99911,1.28046,-0.601107
-2.99981,2.99933,1.28042,-0.512603
-2.99991,2.99967,1.27995,-0.389833
-2.99993,2.99994,1.27924,-0.242062
-2.99987,3.00007,1.27836,-0.0772527
-2.99974,3.00013,1.27741,0.0993409
-2.99963,3.00022,1.27652,0.283438
-2.9996,3.00033,1.27572,0.472125
-2.9997,3.0004,1.27518,0.663108
-2.99982,3.00038,1.27596,0.846956
-2.99988,3.00032,1.27808,0.998943
-2.99988,3.00028,1.2801,1.0958
-2.99986,3.00026,1.28173,1.12472
-2.99983,3.00025,1.28272,1.08666
-2.99979,3.00024,1.28387,1.00444
-2.99977,3.00023,1.28476,0.913223
-2.99976,3.00022,1.28445,0.8375
-2.99977,3.00022,1.28355,0.794045
-2.99978,3.00023,1.2824,0.790462
-2.99979,3.00024,1.28128,0.824771
-2.99981,3.00025,1.28036,0.893432
-2.99983,3.00027,1.27957,0.991528
-2.99987,3.0003,1.27893,1.11194
-2.9999,3.00032,1.27832,1.24937
-2.99995,3.00033,1.27782,1.39943
-3,3.00034,1.27802,1.55386
-3.00004,3.00034,1.2794,1.68889
-3.00007,3.00033,1.28062,1.7812
-3.00007,3.00032,1.28153,1.8172
-3.00005,3.00031,1.28191,1.79325
-3.00002,3.00032,1.28188,1.71675
-2.99998,3.00033,1.28229,1.59689
-2.9999,3.00035,1.28211,1.44627
-2.99977,3.00037,1.28111,1.27881
-2.99962,3.00032,1.27967,1.10268
-2.99951,3.0002,1.27826,0.922406
-2.99952,3.00005,1.27716,0.740357
-2.99961,2.99998,1.27645,0.558568
-2.99969,3.00003,1.27606,0.377565
-2.99959,3.00014,1.27591,0.197738
-2.99932,3.00009,1.27597,0.0199895
-2.99904,2.99973,1.2761,-0.155436
-2.99912,2.9991,1.27636,-0.33157
-2.99974,2.99871,1.27639,-0.514292
-3.0004,2.99909,1.2768,-0.697055
-3.00042,2.9997,1.27789,-0.862842
-3.00008,2.99992,1.27884,-0.993358
-2.99983,2.9999,1.27961,-1.07535
-2.99974,2.99983,1.28019,-1.10143
-2.99973,2.99977,1.28078,-1.07514
-2.99975,2.99973,1.28077,-1.00484
-2.99975,2.99973,1.28033,-0.899019
-2.99974,2.99975,1.27986,-0.767012
-2.99971,2.9998,1.28188,-0.632792
-2.9997,2.99984,1.28332,-0.510165
-2.9997,2.99987,1.28357,-0.379817
-2.99968,2.99991,1.28284,-0.232412
-2.99965,2.99997,1.28154,-0.0688489
-2.99964,3.00006,1.27979,0.107231
-2.99965,3.00016,1.27832,0.290533
-2.9997,3.00023,1.27789,0.470402
-2.99974,3.00025,1.27829,0.629663
-2.99976,3.00025,1.2787,0.752632
-2.99977,3.00024,1.27902,0.82977
-2.99977,3.00023,1.27931,0.857781
-2.99977,3.00022,1.27983,0.84005
-2.99976,3.0002,1.28021,0.778237
-2.99973,3.00019,1.28012,0.676949
-2.9997,3.00015,1.27975,0.545395
-2.99967,3.0001,1.27901,0.391577
-2.99964,3.00004,1.27807,0.221904
-2.99963,2.99997,1.27713,0.04183
-2.99963,2.99989,1.27627,-0.144534
-2.99965,2.9998,1.27557,-0.334161
-2.99969,2.99971,1.27517,-0.524748
-2.99975,2.99963,1.27503,-0.715191
-2.99983,2.99958,1.27509,-0.906357
-2.99991,2.99957,1.27609,-1.08889
-2.99994,2.99961,1.27781,-1.24213
-2.99995,2.99965,1.27928,-1.34715
-2.99993,2.99967,1.28045,-1.39382
-2.99992,2.99969,1.28116,-1.37942
-2.99989,2.9997,1.28164,-1.31235
-2.99985,2.99971,1.28135,-1.20424
-2.9998,2.99972,1.28048,-1.06541
-2.99975,2.99975,1.2794,-0.905354
-2.9997,2.99979,1.27842,-0.732096
-2.99966,2.99985,1.27825,-0.558166
-2.99965,2.99989,1.27868,-0.400608
-2.99966,2.99992,1.27929,-0.277474
-2.99967,2.99993,1.2796,-0.19932
-2.99969,2.99992,1.2798,-0.170715
-2.99969,2.99991,1.27981,-0.190138
-2.9997,2.9999,1.27968,-0.249728
-2.99971,2.99987,1.27936,-0.341887
-2.99971,2.99984,1.27892,-0.459675
-2.99973,2.9998,1.27847,-0.595949
-2.99976,2.99976,1.278,-0.745191
-2.99979,2.99972,1.27764,-0.904743
-2.99984,2.99969,1.27727,-1.07237
-2.99989,2.99966,1.27689,-1.24696
-2.99996,2.99964,1.27652,-1.42675
-3.00003,2.99963,1.27613,-1.61073
-3.00011,2.99964,1.27571,-1.79831
-3.00018,2.99966,1.27534,-1.98829
-3.00025,2.9997,1.27496,-2.18006
-3.00031,2.99976,1.27456,-2.37317
-3.00037,2.99983,1.27421,-2.56709
-3.0004,2.9999,1.27396,-2.76146
-3.00042,2.99999,1.27386,-2.95589
-3.00042,3.00008,1.27393,3.13325
-3.0004,3.00017,1.27419,2.94053
-3.00037,3.00027,1.27466,2.75003
-3.00031,3.00036,1.27519,2.56201
-3.00023,3.00045,1.27571,2.37782
-3.00012,3.00052,1.27628,2.19893
-2.99998,3.00055,1.27681,2.02556
-2.99984,3.00055,1.27741,1.85973
-2.99972,3.00051,1.27794,1.70246
-2.99964,3.00047,1.27836,1.55377
-2.99956,3.00045,1.27882,1.41641
-2.99947,3.00048,1.27924,1.29116
-2.99929,3.00056,1.2797,1.18112
-2.99897,3.00068,1.2803,1.08948
-2.99843,3.0008,1.28042,1.01742
-2.99761,3.0009,1.2804,0.965698
-2.99648,3.00099,1.28038,0.936471
-2.99504,3.00128,1.28024,0.934448
-2.99345,3.00225,1.28002,0.963797
-2.99248,3.00462,1.27964,1.02635
-2.99391,3.00851,1.28138,1.1122
-2.99932,3.01264,1.28551,1.20762
-3.00918,3.01318,1.28635,1.31971
-3.02085,3.00515,1.28524,1.43388
-3.02824,2.98567,1.28349,1.53976
-3.02361,2.9554,1.28155,1.63184
-2.99962,2.91853,1.27957,1.70526
-2.9523,2.88004,1.27726,1.75373
-2.88362,2.84028,1.2746,1.77201
-2.80562,2.78953,1.27175,1.75789
-2.75255,2.70881,1.26794,1.70397
-2.79593,2.60014,1.25543,1.57525
-2.99173,2.55788,1.21694,1.36992
-3.24078,2.72945,1.13809,1.18671
-3.30938,3.10487,1.01032,0.938474
-3.05099,3.42857,0.840286,0.511496
-2.64377,3.39261,0.656987,0.0465778
-2.49144,3.02204,0.497891,-0.260182
-2.7427,2.70962,0.39633,-0.52226
-3.10244,2.74233,0.384465,-0.890454
-3.22423,2.97471,0.466854,-1.19674
-3.10816,3.10696,0.601694,-1.39546
-2.97479,3.0534,0.750375,-1.60499
-2.9608,2.94735,0.894424,-1.81707
-3.00552,2.91259,1.02482,-1.93873
-3.0347,2.92931,1.12973,-1.99234
-3.04279,2.95778,1.20349,-1.98964
-3.03589,2.98142,1.24933,-1.93853
-3.02343,2.99578,1.2743,-1.85017
-3.01201,3.00206,1.28546,-1.73523
-3.00408,3.00312,1.28848,-1.60068
-2.99977,3.0019,1.28746,-1.45196
-2.99818,3.00031,1.28488,-1.29388
-2.9982,2.99919,1.2821,-1.12898
-2.99883,2.99865,1.27977,-0.958918
-2.99942,2.9986,1.27808,-0.78561
-2.99974,2.99888,1.27694,-0.609885
-2.99984,2.99931,1.27623,-0.432007
-2.99986,2.99971,1.27583,-0.252768
-2.99983,2.99996,1.27565,-0.0726048
-2.99977,3.00008,1.27652,0.106161
-2.9997,3.00012,1.28072,0.236529
-2.99967,3.0001,1.28281,0.293179
-2.99968,3.00007,1.28354,0.280777
-2.99969,3.00005,1.28319,0.212189
-2.99968,3.00001,1.28216,0.100098
-2.99966,2.99996,1.28106,-0.0425354
-2.99966,2.99988,1.28032,-0.204929
-2.99968,2.99981,1.28042,-0.368517
-2.99971,2.99978,1.28091,-0.509983
-2.99973,2.99978,1.28128,-0.609495
-2.99974,2.9998,1.28145,-0.657816
-2.99974,2.99982,1.28133,-0.653085
-2.99973,2.99984,1.281,-0.59941
-2.99971,2.99987,1.28055,-0.506686
-2.99969,2.9999,1.27987,-0.383801
-2.99967,2.99994,1.27911,-0.238565
-2.99965,3,1.27831,-0.0777688
-2.99965,3.00006,1.27759,0.0939946
-2.99966,3.00012,1.27781,0.269007
-2.99968,3.00017,1.27917,0.42458
-2.99971,3.00019,1.28041,0.537647
-2.99972,3.00018,1.28142,0.592374
-2.99972,3.00016,1.28199,0.583541
-2.99971,3.00014,1.28225,0.520884
-2.9997,3.0001,1.28188,0.417459
-2.99967,3.00006,1.281,0.283441
-2.99965,3.00001,1.27977,0.126924
-2.99964,2.99994,1.27851,-0.0449002
-2.99964,2.99986,1.27733,-0.226405
-2.99967,2.99978,1.27654,-0.412832
-2.99971,2.99972,1.2771,-0.591967
-2.99976,2.99971,1.27864,-0.73999
-2.99978,2.99973,1.28006,-0.83616
-2.99978,2.99975,1.28113,-0.871075
-2.99977,2.99978,1.28173,-0.845363
-2.99976,2.9998,1.28156,-0.773438
-2.99973,2.99982,1.28081,-0.666779
-2.9997,2.99986,1.27993,-0.535211
-2.99967,2.99989,1.27898,-0.386382
-2.99965,2.99994,1.27807,-0.224733
-2.99964,3,1.27773,-0.0565783
-2.99965,3.00005,1.27897,0.0968344
-2.99966,3.00008,1.28054,0.207735
-2.99968,3.00008,1.28185,0.259079
-2.99968,3.00006,1.28255,0.244529
-2.99968,3.00003,1.28257,0.171061
-2.99967,2.99998,1.28218,0.0560994
-2.99967,2.99993,1.28113,-0.085915
-2.99967,2.99987,1.27984,-0.244988
-2.99969,2.99982,1.27852,-0.414655
-2.99971,2.99977,1.27738,-0.591417
-2.99975,2.99972,1.27648,-0.772945
-2.9998,2.99968,1.27587,-0.957333
-2.99986,2.99965,1.27545,-1.1435
-2.99993,2.99963,1.2752,-1.33107
-3,2.99962,1.27505,-1.51955
-3.00007,2.99963,1.27496,-1.70841
-3.00014,2.99964,1.2752,-1.89787
-3.00021,2.99967,1.27598,-2.08201
-3.00025,2.99972,1.27725,-2.24477
-3.00026,2.99975,1.27846,-2.36922
-3.00025,2.99977,1.27945,-2.44265
-3.00024,2.99978,1.28008,-2.46351
-3.00022,2.99977,1.28042,-2.43782
-3.00021,2.99976,1.28041,-2.37908
-3.00019,2.99975,1.28017,-2.29252
-3.00017,2.99973,1.27982,-2.18436
-3.00015,2.99971,1.27929,-2.05886
-3.00011,2.99968,1.27869,-1.91897
-3.00006,2.99967,1.27825,-1.76869
-3.00001,2.99966,1.27774,-1.6106
-2.99996,2.99966,1.27726,-1.44624
-2.9999,2.99967,1.27688,-1.27764
-2.99984,2.99969,1.27658,-1.10575
-2.99979,2.99972,1.27637,-0.93126
-2.99974,2.99976,1.27656,-0.75796
-2.99971,2.9998,1.27753,-0.601712
-2.9997,2.99983,1.27845,-0.479079
-2.9997,2.99985,1.27924,-0.403659
-2.99971,2.99986,1.27973,-0.379985
-2.99972,2.99985,1.27989,-0.403712
-2.99973,2.99984,1.2798,-0.468816
-2.99974,2.99981,1.27959,-0.566398
-2.99976,2.99978,1.27915,-0.688829
-2.99979,2.99974,1.27864,-0.830351
-2.99982,2.99971,1.27811,-0.985638
-2.99987,2.99968,1.27839,-1.14447
-2.99991,2.99966,1.27967,-1.28166
-2.99993,2.99967,1.28081,-1.37484
-2.99994,2.99968,1.28166,-1.40821
-2.99992,2.99969,1.28209,-1.3804
-2.99989,2.9997,1.28224,-1.30243
-2.99986,2.99971,1.28319,-1.20175
-2.99983,2.99972,1.28378,-1.11103
-2.99983,2.99973,1.28361,-1.05136
-2.99984,2.99973,1.28303,-1.03588
-2.99986,2.99972,1.28235,-1.06655
-2.99988,2.99971,1.28153,-1.13772
-2.99991,2.99969,1.28068,-1.24309
-2.99995,2.99967,1.27985,-1.37432
-3,2.99966,1.27897,-1.52504
-3.00006,2.99965,1.2781,-1.69052
-3.00013,2.99966,1.27884,-1.86118
-3.00018,2.99968,1.28448,-2.0102
-3.0002,2.99971,1.28631,-2.1372
-3.0002,2.99973,1.28582,-2.22668
-3.0002,2.99974,1.28438,-2.27017
-3.00019,2.99974,1.283,-2.26743
-3.00017,2.99974,1.28173,-2.22374
-3.00016,2.99972,1.28155,-2.15603
-3.00014,2.99971,1.28196,-2.09253
-3.00014,2.99971,1.28208,-2.05553
-3.00015,2.99972,1.28192,-2.05723
-3.00016,2.99973,1.28164,-2.09794
-3.00019,2.99975,1.28102,-2.1745
-3.00022,2.99976,1.28029,-2.28155
-3.00025,2.99979,1.27953,-2.41166