-0.491815,-0.493482,1.02127,3.14112
-0.501483,-0.475974,1.02121,3.1158
-0.511151,-0.458466,1.02116,3.09048
-0.520819,-0.440958,1.0211,3.06516
-0.530487,-0.42345,1.02105,3.03984
-0.540155,-0.405942,1.02099,3.01452
-0.549823,-0.388435,1.02093,2.9892
-0.559491,-0.370927,1.02088,2.96388
-0.569159,-0.353419,1.02082,2.93856
-0.578827,-0.335911,1.02077,2.91324
-0.588495,-0.318403,1.02071,2.88793
-0.598163,-0.300895,1.02066,2.86261
-0.607831,-0.283387,1.0206,2.83729
-0.617499,-0.265879,1.02054,2.81197
-0.627167,-0.248371,1.02049,2.78665
-0.636835,-0.230863,1.02043,2.76133
-0.646503,-0.213356,1.02038,2.73601
-0.656171,-0.195848,1.02032,2.71069
-0.665839,-0.17834,1.02027,2.68537
-0.675507,-0.160832,1.02021,2.66005
-0.685175,-0.143324,1.02015,2.63473
-0.694843,-0.125816,1.0201,2.60941
-0.704511,-0.108308,1.02004,2.58409
-0.714179,-0.0908002,1.01999,2.55877
-0.723847,-0.0732923,1.01993,2.53346
-0.733515,-0.0557844,1.01988,2.50814
-0.743183,-0.0382765,1.01982,2.48282
-0.752851,-0.0207686,1.01976,2.4575
-0.762519,-0.00326066,1.01971,2.43218
-0.772187,0.0142472,1.01965,2.40686
-0.781855,0.0317551,1.0196,2.38154
-0.791523,0.0492631,1.01954,2.35622
-0.801191,0.066771,1.01949,2.3309
-0.810859,0.0842789,1.01943,2.30558
-0.820527,0.101787,1.01937,2.28026
-0.830195,0.119295,1.01932,2.25494
-0.839863,0.136803,1.01926,2.22962
-0.849531,0.15431,1.01921,2.2043
-0.859199,0.171818,1.01915,2.17899
-0.868867,0.189326,1.0191,2.15367
-0.878535,0.206834,1.01904,2.12835
-0.888203,0.224342,1.01898,2.10303
-0.897871,0.24185,1.01893,2.07771
-0.907539,0.259358,1.01887,2.05239
-0.917207,0.276866,1.01882,2.02707
-0.926875,0.294374,1.01876,2.00175
-0.936543,0.311882,1.01871,1.97643
-0.946211,0.32939,1.01865,1.95111
-0.955879,0.346897,1.01859,1.92579
-0.965547,0.364405,1.01854,1.90047
-0.975215,0.381913,1.01848,1.87515
-0.985668,0.398964,1.01842,1.92531
-0.996121,0.416015,1.01836,1.97546
-1.00657,0.433066,1.0183,2.02562
-1.01703,0.450117,1.01823,2.07577
-1.02748,0.467167,1.01817,2.12592
-1.03793,0.484218,1.01811,2.17608
-1.04839,0.501269,1.01804,2.22623
-1.05884,0.51832,1.01798,2.27638
-1.06929,0.535371,1.01792,2.32654
-1.07974,0.552422,1.01786,2.37669
-1.0902,0.569472,1.01779,2.42685
-1.10065,0.586523,1.01773,2.477
-1.1111,0.603574,1.01767,2.52715
-1.12156,0.620625,1.01761,2.57731
-1.13201,0.637676,1.01754,2.62746
-1.14246,0.654727,1.01748,2.67761
-1.15292,0.671777,1.01742,2.72777
-1.16337,0.688828,1.01736,2.77792
-1.17382,0.705879,1.01729,2.82808
-1.18427,0.72293,1.01723,2.87823
-1.19473,0.739981,1.01717,2.92838
-1.20518,0.757032,1.01711,2.97854
-1.21563,0.774082,1.01704,3.02869
-1.22609,0.791133,1.01698,3.07885
-1.23654,0.808184,1.01692,3.129
-1.24699,0.825235,1.01686,-3.10403
-1.25745,0.842286,1.01679,-3.05388
-1.2679,0.859337,1.01673,-3.00372
-1.27835,0.876387,1.01667,-2.95357
-1.2888,0.893438,1.01661,-2.90342
-1.29926,0.910489,1.01654,-2.85326
-1.30971,0.92754,1.01648,-2.80311
-1.32016,0.944591,1.01642,-2.75296
-1.33062,0.961642,1.01636,-2.7028
-1.34107,0.978693,1.01629,-2.65265
-1.35152,0.995743,1.01623,-2.60249
-1.36198,1.01279,1.01617,-2.55234
-1.37243,1.02985,1.01611,-2.50219
-1.38288,1.0469,1.01604,-2.45203
-1.39333,1.06395,1.01598,-2.40188
-1.40379,1.081,1.01592,-2.35173
-1.41424,1.09805,1.01586,-2.30157
-1.42469,1.1151,1.01579,-2.25142
-1.43515,1.13215,1.01573,-2.20126
-1.4456,1.1492,1.01567,-2.15111
-1.45605,1.16625,1.01561,-2.10096
-1.46651,1.1833,1.01554,-2.0508
-1.47696,1.20035,1.01548,-2.00065
-1.48741,1.2174,1.01542,-1.95049
-1.49786,1.23446,1.01536,-1.90034
-1.50871,1.25126,1.01529,-1.9357
-1.51956,1.26806,1.01522,-1.97105
-1.5304,1.28487,1.01516,-2.00641
-1.54125,1.30167,1.01509,-2.04177
-1.5521,1.31847,1.01503,-2.07712
-1.56294,1.33527,1.01496,-2.11248
-1.57379,1.35208,1.01489,-2.14783
-1.58464,1.36888,1.01483,-2.18319
-1.59548,1.38568,1.01476,-2.21855
-1.60633,1.40249,1.0147,-2.2539
-1.61717,1.41929,1.01463,-2.28926
-1.62802,1.43609,1.01456,-2.32462
-1.63887,1.4529,1.0145,-2.35997
-1.64971,1.4697,1.01443,-2.39533
-1.66056,1.4865,1.01437,-2.43068
-1.67141,1.50331,1.0143,-2.46604
-1.68225,1.52011,1.01423,-2.5014
-1.6931,1.53691,1.01417,-2.53675
-1.70395,1.55372,1.0141,-2.57211
-1.71479,1.57052,1.01404,-2.60747
-1.72564,1.58732,1.01397,-2.64282
-1.73648,1.60413,1.0139,-2.67818
-1.74733,1.62093,1.01384,-2.71354
-1.75818,1.63773,1.01377,-2.74889
-1.76902,1.65454,1.01371,-2.78425
-1.77987,1.67134,1.01364,-2.8196
-1.79072,1.68814,1.01357,-2.85496
-1.80156,1.70495,1.01351,-2.89032
-1.81241,1.72175,1.01344,-2.92567
-1.82326,1.73855,1.01338,-2.96103
-1.8341,1.75536,1.01331,-2.99639
-1.84495,1.77216,1.01324,-3.03174
-1.85579,1.78896,1.01318,-3.0671
-1.86664,1.80577,1.01311,-3.10245
-1.87749,1.82257,1.01305,-3.13781
-1.88833,1.83937,1.01298,3.11002
-1.89918,1.85618,1.01291,3.07466
-1.91003,1.87298,1.01285,3.03931
-1.92087,1.88978,1.01278,3.00395
-1.93172,1.90659,1.01272,2.96859
-1.94257,1.92339,1.01265,2.93324
-1.95341,1.94019,1.01258,2.89788
-1.96426,1.957,1.01252,2.86252
-1.97511,1.9738,1.01245,2.82717
-1.98595,1.9906,1.01239,2.79181
-1.9968,2.00741,1.01232,2.75646
-2.00764,2.02421,1.01226,2.7211
-2.01849,2.04101,1.01219,2.68574
-2.02934,2.05782,1.01212,2.65039
-2.04018,2.07462,1.01206,2.61503
-2.05123,2.09129,1.01199,2.59004
-2.06227,2.10797,1.01192,2.56504
-2.07332,2.12464,1.01185,2.54005
-2.08436,2.14131,1.01179,2.51505
-2.09541,2.15799,1.01172,2.49006
-2.10645,2.17466,1.01165,2.46507
-2.1175,2.19134,1.01158,2.44007
-2.12854,2.20801,1.01152,2.41508
-2.13959,2.22468,1.01145,2.39008
-2.15063,2.24136,1.01138,2.36509
-2.16168,2.25803,1.01131,2.34009
-2.17272,2.2747,1.01124,2.3151
-2.18377,2.29138,1.01118,2.29011
-2.19481,2.30805,1.01111,2.26511
-2.20586,2.32472,1.01104,2.24012
-2.2169,2.3414,1.01097,2.21512
-2.22795,2.35807,1.01091,2.19013
-2.23899,2.37474,1.01084,2.16513
-2.25004,2.39142,1.01077,2.14014
-2.26108,2.40809,1.0107,2.11515
-2.27213,2.42476,1.01063,2.09015
-2.28317,2.44144,1.01057,2.06516
-2.29422,2.45811,1.0105,2.04016
-2.30526,2.47478,1.01043,2.01517
-2.31631,2.49146,1.01036,1.99017
-2.32735,2.50813,1.0103,1.96518
-2.3384,2.5248,1.01023,1.94019
-2.34944,2.54148,1.01016,1.91519
-2.36049,2.55815,1.01009,1.8902
-2.37153,2.57482,1.01003,1.8652
-2.38258,2.5915,1.00996,1.84021
-2.39362,2.60817,1.00989,1.81521
-2.40467,2.62484,1.00982,1.79022
-2.41571,2.64152,1.00975,1.76523
-2.42676,2.65819,1.00969,1.74023
-2.4378,2.67486,1.00962,1.71524
-2.44885,2.69154,1.00955,1.69024
-2.45989,2.70821,1.00948,1.66525
-2.47094,2.72488,1.00942,1.64025
-2.48198,2.74156,1.00935,1.61526
-2.49303,2.75823,1.00928,1.59027
-2.50407,2.7749,1.00921,1.56527
-2.51512,2.79158,1.00915,1.54028
-2.52616,2.80825,1.00908,1.51528
-2.53721,2.82492,1.00901,1.49029
-2.54825,2.8416,1.00894,1.46529
-2.5593,2.85827,1.00887,1.4403
-2.57034,2.87495,1.00881,1.41531
-2.58139,2.89162,1.00874,1.39031
-2.59243,2.90829,1.00867,1.36532
-2.60358,2.9249,1.0086,1.38062
-2.61473,2.9415,1.00853,1.39593
-2.62587,2.95811,1.00847,1.41124
-2.63702,2.97472,1.0084,1.42655
-2.64816,2.99132,1.00833,1.44186
-2.65931,3.00793,1.00826,1.45716
-2.67046,3.02454,1.00819,1.47247
-2.6816,3.04114,1.00812,1.48778
-2.69275,3.05775,1.00805,1.50309
-2.70389,3.07435,1.00798,1.51839
-2.71504,3.09096,1.00792,1.5337
-2.72618,3.10757,1.00785,1.54901
-2.73733,3.12417,1.00778,1.56432
-2.74848,3.14078,1.00771,1.57963
-2.75962,3.15738,1.00764,1.59493
-2.77077,3.17399,1.00757,1.61024
-2.78191,3.1906,1.0075,1.62555
-2.79306,3.2072,1.00744,1.64086
-2.80421,3.22381,1.00737,1.65616
-2.81535,3.24042,1.0073,1.67147
-2.8265,3.25702,1.00723,1.68678
-2.83764,3.27363,1.00716,1.70209
-2.84879,3.29023,1.00709,1.7174
-2.85993,3.30684,1.00702,1.7327
-2.87108,3.32345,1.00696,1.74801
-2.88223,3.34005,1.00689,1.76332
-2.89337,3.35666,1.00682,1.77863
-2.90452,3.37327,1.00675,1.79393
-2.91566,3.38987,1.00668,1.80924
-2.92681,3.40648,1.00661,1.82455
-2.93796,3.42308,1.00654,1.83986
-2.9491,3.43969,1.00648,1.85517
-2.96025,3.4563,1.00641,1.87047
-2.97139,3.4729,1.00634,1.88578
-2.98254,3.48951,1.00627,1.90109
-2.99368,3.50611,1.0062,1.9164
-3.00483,3.52272,1.00613,1.9317
-3.01598,3.53933,1.00606,1.94701
-3.02712,3.55593,1.006,1.96232
-3.03827,3.57254,1.00593,1.97763
-3.04941,3.58915,1.00586,1.99294
-3.06056,3.60575,1.00579,2.00824
-3.07171,3.62236,1.00572,2.02355